  10000.000000        1.507958221622218
  10043.966781        1.518418518556280
  10087.933561        1.528928384338847
  10131.900342        1.539488001556067
  10175.867123        1.550096952586364
  10219.833903        1.560754660780077
  10263.800684        1.571461180998412
  10307.767465        1.582217299330565
  10351.734245        1.593024226919839
  10395.701026        1.603882781906250
  10439.667807        1.614793040812761
  10483.634587        1.625754445775756
  10527.601368        1.636766512054321
  10571.568149        1.647829454672280
  10615.534929        1.658944247095622
  10659.501710        1.670112116226238
  10703.468490        1.681333774483068
  10747.435271        1.692609128442267
  10791.402052        1.703937547008322
  10835.368832        1.715318658324040
  10879.335613        1.726752858095692
  10923.302394        1.738241294173842
  10967.269174        1.749785163059236
  11011.235955        1.761385064544080
  11055.202736        1.773040709734586
  11099.169516        1.784751469123749
  11143.136297        1.796517074710827
  11187.103078        1.808338157769678
  11231.069858        1.820215970525848
  11275.036639        1.832151692953532
  11319.003420        1.844145737563736
  11362.970200        1.856197687394268
  11406.936981        1.868306899017096
  11450.903762        1.880473290541026
  11494.870542        1.892697689649235
  11538.837323        1.904981458516473
  11582.804104        1.917325697989404
  11626.770884        1.929730634787309
  11670.737665        1.942195729337339
  11714.704446        1.954720382251182
  11758.671226        1.967304712843225
  11802.638007        1.979949749122901
  11846.604787        1.992656928052743
  11890.571568        2.005427226606256
  11934.538349        2.018260688356908
  11978.505129        2.031156671872770
  12022.471910        2.044114675294711
  12066.438691        2.057135027016908
  12110.405471        2.070218960424108
  12154.372252        2.083367928763530
  12198.339033        2.096582769764108
  12242.305813        2.109863330811439
  12286.272594        2.123208919623721
  12330.239375        2.136619152856550
  12374.206155        2.150094607586339
  12418.172936        2.163636681319836
  12462.139717        2.177246820876150
  12506.106497        2.190925676301546
  12550.073278        2.204672930668440
  12594.040059        2.218487857316955
  12638.006839        2.232370256190511
  12681.973620        2.246320942381265
  12725.940401        2.260341468622846
  12769.907181        2.274433205618608
  12813.873962        2.288596623187785
  12857.840743        2.302831231100760
  12901.807523        2.317136341423431
  12945.774304        2.331511948162428
  12989.741085        2.345959132736314
  13033.707865        2.360479532497928
  13077.674646        2.375074435765112
  13121.641426        2.389744086030106
  13165.608207        2.404487879723553
  13209.574988        2.419305180059514
  13253.541768        2.434196246254287
  13297.508549        2.449162374594934
  13341.475330        2.464205287378153
  13385.442110        2.479326112323281
  13429.408891        2.494524901058889
  13473.375672        2.509800927660931
  13517.342452        2.525153704145247
  13561.309233        2.540583733489832
  13605.276014        2.556092552397800
  13649.242794        2.571681878288339
  13693.209575        2.587352688551515
  13737.176356        2.603104797643316
  13781.143136        2.618937453446869
  13825.109917        2.634850317597212
  13869.076698        2.650844198174624
  13913.043478        2.666920796174191
  13957.010259        2.683081827134611
  14000.977040        2.699328037161350
  14044.943820        2.715659070369534
  14088.910601        2.732074150133305
  14132.877382        2.748573179847750
  14176.844162        2.765157228031638
  14220.810943        2.781828178256503
  14264.777723        2.798587644839779
  14308.744504        2.815436168995213
  14352.711285        2.832373203512663
  14396.678065        2.849398049275833
  14440.644846        2.866510840872869
  14484.611627        2.883712955894983
  14528.578407        2.901006370613786
  14572.545188        2.918392593413370
  14616.511969        2.935871903936401
  14660.478749        2.953443648245946
  14704.445530        2.971107213742913
  14748.412311        2.988863044296418
  14792.379091        3.006712771904319
  14836.345872        3.024658454732708
  14880.312653        3.042701410135483
  14924.279433        3.060841701124975
  14968.246214        3.079078571634490
  15012.212995        3.097411586209243
  15056.179775        3.115841489405017
  15100.146556        3.134370178319314
  15144.113337        3.152999704203587
  15188.080117        3.171731192593558
  15232.046898        3.190564470287814
  15276.013679        3.209498755608037
  15319.980459        3.228533818599759
  15363.947240        3.247670750145361
  15407.914021        3.266911650850230
  15451.880801        3.286258532506029
  15495.847582        3.305712281429970
  15539.814362        3.325272526773825
  15583.781143        3.344938502230000
  15627.747924        3.364710254437903
  15671.714704        3.384589209619442
  15715.681485        3.404577635542648
  15759.648266        3.424677444603238
  15803.615046        3.444889273243152
  15847.581827        3.465212579148236
  15891.548608        3.485646680046084
  15935.515388        3.506191942945815
  15979.482169        3.526850115456117
  16023.448950        3.547623587439868
  16067.415730        3.568514120368920
  16111.382511        3.589522097257449
  16155.349292        3.610646837638930
  16199.316072        3.631887822918013
  16243.282853        3.653245759756293
  16287.249634        3.674722714347653
  16331.216414        3.696321128787518
  16375.183195        3.718042586368568
  16419.149976        3.739887193659798
  16463.116756        3.761854215843928
  16507.083537        3.783943337160596
  16551.050318        3.806155655193679
  16595.017098        3.828493494469481
  16638.983879        3.850959324340342
  16682.950660        3.873554471924395
  16726.917440        3.896278825357950
  16770.884221        3.919131623599210
  16814.851001        3.942112851946311
  16858.817782        3.965223967285841
  16902.784563        3.988467560817451
  16946.751343        4.011846020124069
  16990.718124        4.035360436232679
  17034.684905        4.059010463376012
  17078.651685        4.082795432945761
  17122.618466        4.106715628410814
  17166.585247        4.130772928382667
  17210.552027        4.154970085584164
  17254.518808        4.179309401093857
  17298.485589        4.203791655243795
  17342.452369        4.228416375223061
  17386.419150        4.253182991111851
  17430.385931        4.278092198725933
  17474.352711        4.303146226722037
  17518.319492        4.328347991875891
  17562.286273        4.353699585399543
  17606.253053        4.379201547766882
  17650.219834        4.404853264907001
  17694.186615        4.430654407110414
  17738.153395        4.456606054250405
  17782.120176        4.482710828986332
  17826.086957        4.508971674249482
  17870.053737        4.535390501919421
  17914.020518        4.561967554267738
  17957.987298        4.588702208176397
  18001.954079        4.615594375378343
  18045.920860        4.642645621200407
  18089.887640        4.669858850527802
  18133.854421        4.697237040759614
  18177.821202        4.724781819399786
  18221.787982        4.752493222910000
  18265.754763        4.780370620691093
  18309.721544        4.808414312024156
  18353.688324        4.836626290563099
  18397.655105        4.865009760505938
  18441.621886        4.893567603059579
  18485.588666        4.922301202760769
  18529.555447        4.951210361499498
  18573.522228        4.980294593389231
  18617.489008        5.009554584867981
  18661.455789        5.038992812598860
  18705.422570        5.068612662797612
  18749.389350        5.098416923688490
  18793.356131        5.128406663488700
  18837.322912        5.158581562823137
  18881.289692        5.188941312822490
  18925.256473        5.219487087909650
  18969.223254        5.250221779904133
  19013.190034        5.281148950053102
  19057.156815        5.312271188423161
  19101.123596        5.343589292344343
  19145.090376        5.375102849478354
  19189.057157        5.406811855323228
  19233.023937        5.438717970735570
  19276.990718        5.470824515355252
  19320.957499        5.503135123386339
  19364.924279        5.535652164486402
  19408.891060        5.568376158857409
  19452.857841        5.601306714260355
  19496.824621        5.634444185517204
  19540.791402        5.667790767936087
  19584.758183        5.701350152163563
  19628.724963        5.735125986698501
  19672.691744        5.769120372844982
  19716.658525        5.803333609117235
  19760.625305        5.837765402701372
  19804.592086        5.872416543326763
  19848.558867        5.907289777685535
  19892.525647        5.942389114100438
  19936.492428        5.977718147463643
  19980.459209        6.013278687313861
  20024.425989        6.049070877267709
  20068.392770        6.085094598027815
  20112.359551        6.121351164326517
  20156.326331        6.157843858670613
  20200.293112        6.194576962572239
  20244.259893        6.231553925200455
  20288.226673        6.268776295001603
  20332.193454        6.306244095901743
  20376.160234        6.343957515890607
  20420.127015        6.381918422419386
  20464.093796        6.420130654586337
  20508.060576        6.458598647011937
  20552.027357        6.497325701389763
  20595.994138        6.536313073611766
  20639.960918        6.575560801125678
  20683.927699        6.615069424893222
  20727.894480        6.654841471021303
  20771.861260        6.694881236323113
  20815.828041        6.735193302808791
  20859.794822        6.775780723326212
  20903.761602        6.816644557425191
  20947.728383        6.857784879301586
  20991.695164        6.899202758969744
  21035.661944        6.940901335385929
  21079.628725        6.982885393857307
  21123.595506        7.025159517703344
  21167.562286        7.067726561517686
  21211.529067        7.110587352293684
  21255.495848        7.153742201210967
  21299.462628        7.197192714319926
  21343.429409        7.240942741632518
  21387.396190        7.284997411099559
  21431.362970        7.329361334033991
  21475.329751        7.374037058613287
  21519.296532        7.419025350462478
  21563.263312        7.464326782988013
  21607.230093        7.509943668339992
  21651.196873        7.555880466420161
  21695.163654        7.602142689899034
  21739.130435        7.648734817417190
  21783.097215        7.695659196917638
  21827.063996        7.742916529249836
  21871.030777        7.790507865884550
  21914.997557        7.838436188840362
  21958.964338        7.886706660478802
  22002.931119        7.935325010936487
  22046.897899        7.984295629501605
  22090.864680        8.033620597361574
  22134.831461        8.083300762345617
  22178.798241        8.133337669807231
  22222.765022        8.183735127711762
  22266.731803        8.234498878574900
  22310.698583        8.285634887446795
  22354.665364        8.337147323615405
  22398.632145        8.389038159749742
  22442.598925        8.441308419557480
  22486.565706        8.493960343161625
  22530.532487        8.546998520666284
  22574.499267        8.600429318026311
  22618.466048        8.654258776286337
  22662.432829        8.708490922725339
  22706.399609        8.763127620493544
  22750.366390        8.818170272403741
  22794.333170        8.873621847977496
  22838.299951        8.929487825281084
  22882.266732        8.985775064733168
  22926.233512        9.042489692252291
  22970.200293        9.099635540800161
  23014.167074        9.157214520697952
  23058.133854        9.215228493963878
  23102.100635        9.273681327847523
  23146.067416        9.332579341898295
  23190.034196        9.391929874412581
  23234.000977        9.451739045729973
  23277.967758        9.512010572129416
  23321.934538        9.572746489043414
  23365.901319        9.633949308746937
  23409.868100        9.695623854758757
  23453.834880        9.757777300606524
  23497.801661        9.820417378930292
  23541.768442        9.883550202639013
  23585.735222        9.947179409742922
  23629.702003       10.011307314906361
  23673.668784       10.075937226136819
  23717.635564       10.141074998755716
  23761.602345       10.206728639146430
  23805.569126       10.272906223133338
  23849.535906       10.339613850385776
  23893.502687       10.406855148457902
  23937.469468       10.474632894022140
  23981.436248       10.542951322498450
  24025.403029       10.611817401971436
  24069.369809       10.681239919719426
  24113.336590       10.751227278577771
  24157.303371       10.821785533385805
  24201.270151       10.892918464804255
  24245.236932       10.964629451608154
  24289.203713       11.036923843299551
  24333.170493       11.109809711371458
  24377.137274       11.183296653610025
  24421.104055       11.257393298062267
  24465.070835       11.332105764086894
  24509.037616       11.407438071751152
  24553.004397       11.483394460177792
  24596.971177       11.559981443767844
  24640.937958       11.637208322360674
  24684.904739       11.715085388863203
  24728.871519       11.793621560251768
  24772.838300       11.872823010079674
  24816.805081       11.952694270813343
  24860.771861       12.033240533348184
  24904.738642       12.114469712675545
  24948.705423       12.196392266981290
  24992.672203       12.279019252077306
  25036.638984       12.362359767737800
  25080.605765       12.446420277306737
  25124.572545       12.531205910882131
  25168.539326       12.616723132365209
  25212.506106       12.702981266491060
  25256.472887       12.789992065915682
  25300.439668       12.877767196060995
  25344.406448       12.966316116439573
  25388.373229       13.055645609616727
  25432.340010       13.145761753682196
  25476.306790       13.236672366213098
  25520.273571       13.328388431532680
  25564.240352       13.420922871917288
  25608.207132       13.514288100982300
  25652.173913       13.608493889371836
  25696.140694       13.703547658936218
  25740.107474       13.799456547337710
  25784.074255       13.896230088711455
  25828.041036       13.993880895727074
  25872.007816       14.092423213179064
  25915.974597       14.191870097881347
  25959.941378       14.292231887629775
  26003.908158       14.393516734906516
  26047.874939       14.495733261500307
  26091.841720       14.598892805474735
  26135.808500       14.703009834658690
  26179.775281       14.808099817181118
  26223.742062       14.914176653154547
  26267.708842       15.021251283948772
  26311.675623       15.129333002181651
  26355.642404       15.238432096167356
  26399.609184       15.348562042904851
  26443.575965       15.459739147707811
  26487.542745       15.571980288739365
  26531.509526       15.685300197806221
  26575.476307       15.799710752875008
  26619.443087       15.915222607188637
  26663.409868       16.031848145852809
  26707.376649       16.149603102281983
  26751.343429       16.268505849388976
  26795.310210       16.388574668023072
  26839.276991       16.509825362827208
  26883.243771       16.632270949917899
  26927.210552       16.755923911087098
  26971.177333       16.880798989103003
  27015.144113       17.006914491788628
  27059.110894       17.134290932873228
  27103.077675       17.262948184818114
  27147.044455       17.392903285920642
  27191.011236       17.524170821451850
  27234.978017       17.656765468482767
  27278.944797       17.790704742190361
  27322.911578       17.926009747416789
  27366.878359       18.062703351670962
  27410.845139       18.200807168539985
  27454.811920       18.340339811734548
  27498.778701       18.481317848894939
  27542.745481       18.623758633888119
  27586.712262       18.767682856443265
  27630.679043       18.913114727253259
  27674.645823       19.060079680529210
  27718.612604       19.208601327863082
  27762.579384       19.358700272627118
  27806.546165       19.510395558384719
  27850.512946       19.663707776452355
  27894.479726       19.818661231254243
  27938.446507       19.975283604840406
  27982.413288       20.133603133450656
  28026.380068       20.293645840392909
  28070.346849       20.455434774845820
  28114.313630       20.618992119493956
  28158.280410       20.784342259533499
  28202.247191       20.951513696148933
  28246.213972       21.120537894591422
  28290.180752       21.291446356335289
  28334.147533       21.464267921538561
  28378.114314       21.639028795048830
  28422.081094       21.815754920619455
  28466.047875       21.994475287521414
  28510.014656       22.175223069705655
  28553.981436       22.358034113945859
  28597.948217       22.542943580868744
  28641.914998       22.729983864442659
  28685.881778       22.919184961114681
  28729.848559       23.110577572110412
  28773.815340       23.304195970338505
  28817.782120       23.500078822615993
  28861.748901       23.698266827887721
  28905.715681       23.898799608875901
  28949.682462       24.101713747455225
  28993.649243       24.307044145838514
  29037.616023       24.514827127113918
  29081.582804       24.725103344627257
  29125.549585       24.937917613611319
  29169.516365       25.153316440241586
  29213.483146       25.371344584053158
  29257.449927       25.592044001042900
  29301.416707       25.815455498825891
  29345.383488       26.041622400297282
  29389.350269       26.270592668331641
  29433.317049       26.502418477529179
  29477.283830       26.737152956510489
  29521.250611       26.974847276003491
  29565.217391       27.215549866335525
  29609.184172       27.459309063783163
  29653.150953       27.706176438786066
  29697.117733       27.956208815999190
  29741.084514       28.209466816856462
  29785.051295       28.466011646701471
  29829.018075       28.725902114954589
  29872.984856       28.989194954684237
  29916.951637       29.255947599350531
  29960.918417       29.526221805282049
  30004.885198       29.800084748422698
  30048.851979       30.077607277525082
  30092.818759       30.358860137545218
  30136.785540       30.643911811313096
  30180.752320       30.932829215606073
  30224.719101       31.225681217320492
  30268.685882       31.522541751252941
  30312.652662       31.823490607105928
  30356.619443       32.128610735330327
  30400.586224       32.437984742374759
  30444.553004       32.751693011542827
  30488.519785       33.069815388383823
  30532.486566       33.392434734495858
  30576.453346       33.719640032951538
  30620.420127       34.051526182176573
  30664.386908       34.388191016134499
  30708.353688       34.729731694313607
  30752.320469       35.076243707437328
  30796.287250       35.427823017255754
  30840.254030       35.784570046295059
  30884.220811       36.146592146587437
  30928.187592       36.514002809727273
  30972.154372       36.886918129078694
  31016.121153       37.265453624725332
  31060.087934       37.649723809609696
  31104.054714       38.039845110425816
  31148.021495       38.435939841232461
  31191.988276       38.838138185641739
  31235.955056       39.246576598557986
  31279.921837       39.661394092407356
  31323.888617       40.082729393158253
  31367.855398       40.510721314744998
  31411.822179       40.945512276576018
  31455.788959       41.387252208854044
  31499.755740       41.836099863952008
  31543.722521       42.292220544043545
  31587.689301       42.755782305749150
  31631.656082       43.226953573129236
  31675.622863       43.705904439836686
  31719.589643       44.192810610354151
  31763.556424       44.687857157911850
  31807.523205       45.191239002995346
  31851.489985       45.703158218690270
  31895.456766       46.223820090544962
  31939.423547       46.753431578739246
  31983.390327       47.292203316285004
  32027.357108       47.840354109741469
  32071.323889       48.398114106776212
  32115.290669       48.965724813318602
  32159.257450       49.543435667428739
  32203.224231       50.131500544542590
  32247.191011       50.730176781887735
  32291.157792       51.339728321270968
  32335.124573       51.960430120825450
  32379.091353       52.592571212919630
  32423.058134       53.236453688702454
  32467.024915       53.892389248139708
  32510.991695       54.560695755327693
  32554.958476       55.241697616006981
  32598.925256       55.935729315761471
  32642.892037       56.643140358309594
  32686.858818       57.364297418815340
  32730.825598       58.099583075411061
  32774.792379       58.849391753994183
  32818.759160       59.614127403975282
  32862.725940       60.394204470013790
  32906.692721       61.190052627526953
  32950.659502       62.002121316947473
  32994.626282       62.830881844023601
  33038.593063       63.676825045128268
  33082.559844       64.540457848215809
  33126.526624       65.422301345874573
  33170.493405       66.322893397034136
  33214.460186       67.242793600373219
  33258.426966       68.182588387086284
  33302.393747       69.142892058976969
  33346.360528       70.124344628022072
  33390.327308       71.127608302085989
  33434.294089       72.153367230936738
  33478.260870       73.202330850889012
  33522.227650       74.275240221564260
  33566.194431       75.372872603766481
  33610.161212       76.496042628772869
  33654.127992       77.645599626711260
  33698.094773       78.822425504595003
  33742.061553       80.027435433782017
  33786.028334       81.261583269414146
  33829.995115       82.525868315056073
  33873.961895       83.821340567791665
  33917.928676       85.149101351103482
  33961.895457       86.510301716551496
  34005.862237       87.906141218103841
  34049.829018       89.337871105707094
  34093.795799       90.806801245580843
  34137.762579       92.314308625177745
  34181.729360       93.861842731972914
  34225.696141       95.450927320233120
  34269.662921       97.083159736667596
  34313.629702       98.760212427193864
  34357.596483      100.483838646036702
  34401.563263      102.255882546665987
  34445.530044      104.078289312705039
  34489.496825      105.953112532713874
  34533.463605      107.882517514809962
  34577.430386      109.868783773957745
  34621.397167      111.914310129789712
  34665.363947      114.021625290494242
  34709.330728      116.193401929812794
  34753.297509      118.432470869741053
  34797.264289      120.741831881924995
  34841.231070      123.124661568508401
  34885.197851      125.584321208109102
  34929.164631      128.124369058363243
  34973.131412      130.748578424722865
  35017.098192      133.460959559315114
  35061.064973      136.265781293384663
  35105.031754      139.167590023736437
  35148.998534      142.171226797628037
  35192.965315      145.281846583909726
  35236.932096      148.504943782615982
  35280.898876      151.846384824938070
  35324.865657      155.312445317116413
  35368.832438      158.909847884106199
  35412.799218      162.645799016121856
  35456.765999      166.528026726794138
  35500.732780      170.564824073821825
  35544.699560      174.765102169571747
  35588.666341      179.138453479325989
  35632.633122      183.695222391493530
  35676.599902      188.446580291039709
  35720.566683      193.404604108025524
  35764.533464      198.582362578827713
  35808.500244      203.994015491086628
  35852.467025      209.654930871881675
  35896.433806      215.581820416859415
  35940.400586      221.792892193089642
  35984.367367      228.308018463606459
  36028.334148      235.148921850450790
  36072.300928      242.339385926356385
  36116.267709      249.905499817642635
  36160.234489      257.875943146023701
  36204.201270      266.282316747340076
  36248.168051      275.159521080100717
  36292.134831      284.546188627397100
  36336.101612      294.485180271662216
  36380.068393      305.024163611182928
  36424.035173      316.216292107113304
  36468.001954      328.121007173347266
  36511.968735      340.804983302337746
  36555.935515      354.343242269684083
  36599.902296      368.820468983491196
  36643.869077      384.332577573701485
  36687.835857      400.988588424451962
  36731.802638      418.912894811259662
  36775.769419      438.248011804702571
  36819.736199      459.157925200563341
  36863.702980      481.832189139378102
  36907.669761      506.490973658229791
  36951.636541      533.391327868397752
  36995.603322      562.835016254170114
  37039.570103      595.178400415080091
  37083.536883      630.845002661504850
  37127.503664      670.341613047082546
  37171.470445      714.279134937480535
  37215.437225      763.399841285563980
  37259.404006      818.613418819209755
  37303.370787      881.045212746296443
  37347.337567      952.101650363918338
  37391.304348     1033.560217325172744
  37435.271128     1127.695122529050195
  37479.237909     1237.455797594317573
  37523.204690     1366.725209568405489
  37567.171470     1520.701420005658065
  37611.138251     1706.474118598549921
  37655.105032     1933.917917142107854
  37699.071812     2217.115586027284280
  37743.038593     2576.696936350502710
  37787.005374     3043.816327114328033
  37830.972154     3667.174528618144905
  37874.938935     4525.915333675058719
  37918.905716     5754.241101542194883
  37962.872496     7589.713379629378323
  38006.839277    10466.669559714473507
  38050.806058    15165.707256321176828
  38094.772838    22796.628831432983134
  38138.739619    33066.212540634282050
  38182.706400    39244.861779724982625
  38226.673180    35193.997868079532054
  38270.639961    27528.489397141456720
  38314.606742    21877.051092974608764
  38358.573522    18778.692459791422152
  38402.540303    17365.724276732365979
  38446.507084    16679.773299001655687
  38490.473864    15943.204253822197643
  38534.440645    15512.901066898994031
  38578.407426    15570.557776270014074
  38622.374206    15533.809445016757309
  38666.340987    15717.996099037780368
  38710.307767    16503.543640264510032
  38754.274548    17140.811925733989483
  38798.241329    16033.218244445948585
  38842.208109    13925.210038846365933
  38886.174890    12109.122785165674941
  38930.141671    10988.272642322484899
  38974.108451    10675.201638197955617
  39018.075232    11240.136351842511431
  39062.042013    12728.447920628306747
  39106.008793    14916.794090842300648
  39149.975574    17152.316070908720576
  39193.942355    18430.690875473505002
  39237.909135    17818.177649432283943
  39281.875916    16927.707141606559162
  39325.842697    17286.146841869653144
  39369.809477    18145.003079306479776
  39413.776258    17694.729166850425827
  39457.743039    16477.160089354962111
  39501.709819    15279.918700955602617
  39545.676600    14363.602331238889747
  39589.643381    14093.439023470680695
  39633.610161    14505.556181097028457
  39677.576942    15608.064388029504698
  39721.543723    17406.367764818121941
  39765.510503    19853.847017422100180
  39809.477284    22548.828708074899623
  39853.444064    23383.703611755594466
  39897.410845    21111.101798465537286
  39941.377626    18168.405146199016599
  39985.344406    16015.171999688165670
  40029.311187    14726.499458517226230
  40073.277968    14196.921961619938884
  40117.244748    14066.847219701023278
  40161.211529    14010.930369004157910
  40205.178310    14173.356986629612948
  40249.145090    14645.392606572497243
  40293.111871    15459.500740751527701
  40337.078652    16947.486128669923346
  40381.045432    19483.365343279656372
  40425.012213    23196.810783161883592
  40468.978994    28050.790149047839805
  40512.945774    31720.485697449865256
  40556.912555    29920.292375974368042
  40600.879336    25149.192807348124916
  40644.846116    21362.487861195815640
  40688.812897    19414.665300940683665
  40732.779678    18802.771202803800406
  40776.746458    18902.428682414596551
  40820.713239    18987.344173608933488
  40864.680020    18878.693025434582523
  40908.646800    18604.144044483706239
  40952.613581    18415.211618776556861
  40996.580362    18816.555545646078826
  41040.547142    19828.434840326950507
  41084.513923    20499.756877825479023
  41128.480703    19524.867986004304839
  41172.447484    17236.129400683730637
  41216.414265    15112.425690176116404
  41260.381045    13764.073103621729388
  41304.347826    13203.801935094792498
  41348.314607    13381.139784430362852
  41392.281387    14266.581592011589237
  41436.248168    15715.519327745363626
  41480.214949    17255.672826492842432
  41524.181729    18015.588298066977586
  41568.148510    17187.090305879661173
  41612.115291    15871.713001749361865
  41656.082071    15337.749339637888625
  41700.048852    15470.939439770378158
  41744.015633    15149.611212339554186
  41787.982413    14298.276136093705645
  41831.949194    13405.962811963001514
  41875.915975    12657.604069209566660
  41919.882755    12275.268137750650567
  41963.849536    12320.651492181686990
  42007.816317    12806.010139609617909
  42051.783097    13774.646984931812767
  42095.749878    15118.335141753310381
  42139.716659    16555.785730976433115
  42183.683439    17144.817397154401988
  42227.650220    15961.986845052435456
  42271.617000    14136.491393243393759
  42315.583781    12680.643811185373124
  42359.550562    11684.191807072233132
  42403.517342    11169.348000003841662
  42447.484123    10970.689642733441360
  42491.450904    10821.577853079468696
  42535.417684    10696.029571878276329
  42579.384465    10643.060543023229911
  42623.351246    10732.649906140622988
  42667.318026    11116.792737868430777
  42711.284807    11868.191098353216148
  42755.251588    12805.093745171921910
  42799.218368    13725.046010579668291
  42843.185149    14388.051786853171507
  42887.151930    13758.847138262379303
  42931.118710    12135.077678838899374
  42975.085491    10751.597986391660015
  43019.052272    10027.707186918843945
  43063.019052     9833.217804550298752
  43106.985833     9982.507155517110732
  43150.952614    10181.792032387571453
  43194.919394    10204.216833846438021
  43238.886175     9977.457436588683777
  43282.852956     9756.136171626494615
  43326.819736     9855.192987690690643
  43370.786517    10309.516158851631189
  43414.753298    10710.500324979031575
  43458.720078    10439.334413239153946
  43502.686859     9410.222748064965344
  43546.653639     8322.610868604411735
  43590.620420     7586.244784136941234
  43634.587201     7227.337579455364903
  43678.553981     7186.295726896467386
  43722.520762     7429.312306666963195
  43766.487543     7879.481269858159976
  43810.454323     8363.455800524383449
  43854.421104     8574.321672796391795
  43898.387885     8187.975428165487756
  43942.354665     7537.836201515936409
  43986.321446     7107.540093557771797
  44030.288227     6949.717697876138118
  44074.255007     6776.347540663550717
  44118.221788     6458.368763216884872
  44162.188569     6120.397699895681399
  44206.155349     5819.028701782175631
  44250.122130     5623.024353820361284
  44294.088911     5574.706108875151585
  44338.055691     5686.278588332578693
  44382.022472     5969.662904726880697
  44425.989253     6360.086754979506622
  44469.956033     6723.023867569863796
  44513.922814     6839.057004786000107
  44557.889595     6482.371109971537408
  44601.856375     5899.759653074731432
  44645.823156     5414.271298221552570
  44689.789936     5043.207152385524751
  44733.756717     4817.489273029358628
  44777.723498     4716.926648668661073
  44821.690278     4646.856378706675969
  44865.657059     4563.051277315495099
  44909.623840     4476.333294180349185
  44953.590620     4433.661412890970496
  44997.557401     4488.412909481357019
  45041.524182     4649.479404255926966
  45085.490962     4834.992600769231103
  45129.457743     4908.360294022637390
  45173.424524     4855.725771882173831
  45217.391304     4611.949390452682565
  45261.358085     4191.396931565964223
  45305.324866     3827.243333392137174
  45349.291646     3628.488500610245865
  45393.258427     3573.293149732413895
  45437.225208     3616.222538129075474
  45481.191988     3684.178466450965061
  45525.158769     3692.328867242226806
  45569.125550     3603.151567031800369
  45613.092330     3501.337375162620447
  45657.059111     3494.256961536114432
  45701.025892     3600.922741572726864
  45744.992672     3734.002595003958049
  45788.959453     3713.745291863455350
  45832.926234     3437.055531955403239
  45876.893014     3090.266280458593428
  45920.859795     2836.679811859683468
  45964.826575     2702.702715071040075
  46008.793356     2664.143339319902225
  46052.760137     2705.911418346317987
  46096.726917     2802.241120507265350
  46140.693698     2902.408506500572457
  46184.660479     2934.059483254420229
  46228.627259     2826.132374076480119
  46272.594040     2641.353254296087471
  46316.560821     2497.799843116687043
  46360.527601     2415.739328213865974
  46404.494382     2354.992487934624933
  46448.461163     2275.292442779433259
  46492.427943     2192.263257034439903
  46536.394724     2115.815646126725824
  46580.361505     2060.988136563599255
  46624.328285     2043.468758160215430
  46668.295066     2068.375140510727306
  46712.261847     2136.799587737972161
  46756.228627     2232.695700427759220
  46800.195408     2310.970840642392886
  46844.162189     2321.346126663869654
  46888.128969     2244.744758453241957
  46932.095750     2127.623329622305391
  46976.062531     2036.828528842224841
  47020.029311     1966.396089280985052
  47063.996092     1923.815230333350428
  47107.962872     1915.808975958402243
  47151.929653     1922.241649013162942
  47195.896434     1925.113163254063920
  47239.863214     1925.678787563500919
  47283.829995     1941.212195018355260
  47327.796776     1988.442478795373518
  47371.763556     2067.601606954033741
  47415.730337     2162.663489587537697
  47459.697118     2229.237540942037413
  47503.663898     2251.508175608690635
  47547.630679     2257.682604826719853
  47591.597460     2266.491817997689850
  47635.564240     2314.306398492757125
  47679.531021     2422.738506431640872
  47723.497802     2591.873169378735383
  47767.464582     2815.874596153160837
  47811.431363     3093.847513776976029
  47855.398144     3432.363783611508552
  47899.364924     3855.983414164948954
  47943.331705     4428.809054337032649
  47987.298486     5244.627732690919402
  48031.265266     6419.921048417413658
  48075.232047     8148.336431588175401
  48119.198828    10786.413391434671212
  48163.165608    15015.212993888162600
  48207.132389    22058.474798312206985
  48251.099170    32954.234774205200665
  48295.065950    43785.174250027193921
  48339.032731    43030.122826743114274
  48382.999511    32400.315486916657392
  48426.966292    22800.813246647641790
  48470.933073    16880.026477982988581
  48514.899853    13510.783358113907525
  48558.866634    11665.912018411740064
  48602.833415    10502.358109474973389
  48646.800195     9595.698624221842692
  48690.766976     8965.741677027044716
  48734.733757     8214.202542222610646
  48778.700537     7202.844189293880845
  48822.667318     6277.250170568881003
  48866.634099     5617.779078385226967
  48910.600879     5242.796688122400155
  48954.567660     5116.567891941846938
  48998.534441     5206.572490898525757
  49042.501221     5538.776838510651032
  49086.468002     6215.511627900555141
  49130.434783     7380.796627226535747
  49174.401563     9240.146805109539855
  49218.368344    12075.238683102194045
  49262.335125    15863.006982176315432
  49306.301905    19808.033377358820871
  49350.268686    21093.969126217507437
  49394.235467    18543.167477018272621
  49438.202247    15423.719401878179269
  49482.169028    13876.652995115260637
  49526.135809    13449.828451572881022
  49570.102589    13090.388605528414701
  49614.069370    12513.620981033709540
  49658.036150    11172.870316513648504
  49702.002931     9610.187125425834893
  49745.969712     8448.288243014769250
  49789.936492     7736.442102008706570
  49833.903273     7403.112390655463059
  49877.870054     7320.253231840381886
  49921.836834     7546.703043669132967
  49965.803615     7855.577147457677711
  50009.770396     7417.353274163660899
  50053.737176     6459.361061193355454
  50097.703957     5756.821129077123260
  50141.670738     5472.665160315593312
  50185.637518     5561.839533862390454
  50229.604299     6008.695792584153423
  50273.571080     6743.168655579677761
  50317.537860     7621.157686505768652
  50361.504641     8310.789228261610333
  50405.471422     8402.513715358198169
  50449.438202     8300.398611170403456
  50493.404983     8710.646821642802024
  50537.371764     9949.590891338993970
  50581.338544    11977.073154003459422
  50625.305325    14239.798644096274074
  50669.272106    14434.802891271419867
  50713.238886    12038.133335289268871
  50757.205667     9568.669803335853430
  50801.172447     8035.085467370397964
  50845.139228     7232.475947043619271
  50889.106009     6853.064773657963087
  50933.072789     6700.339291300532750
  50977.039570     6635.692060518927974
  51021.006351     6491.139517007516588
  51064.973131     6101.239748908833462
  51108.939912     5609.658360959876518
  51152.906693     5268.907894997891162
  51196.873473     5117.475176737823858
  51240.840254     5114.473818832787401
  51284.807035     5241.663010588247744
  51328.773815     5440.413652957676277
  51372.740596     5736.190411780005888
  51416.707377     6157.908361830282956
  51460.674157     6789.793866495680959
  51504.640938     7803.517497702930086
  51548.607719     9375.965231476078770
  51592.574499    11700.663721743001588
  51636.541280    15051.031719998898552
  51680.508061    19610.983002946777560
  51724.474841    25681.178680511464336
  51768.441622    32328.047859656231594
  51812.408403    33791.958638097727089
  51856.375183    29551.244854773118277
  51900.341964    25719.385607007181534
  51944.308745    24077.571208077406482
  51988.275525    23224.593265463518037
  52032.242306    23249.641028958321840
  52076.209086    23702.909814702117728
  52120.175867    22686.861579112548498
  52164.142648    20139.543611812161544
  52208.109428    17791.093925029810634
  52252.076209    16419.614990386548016
  52296.042990    15615.196167703013998
  52340.009770    14993.574610366016714
  52383.976551    14307.430523710481793
  52427.943332    13256.571034459735529
  52471.910112    12116.122423743623585
  52515.876893    11369.045726281057796
  52559.843674    11149.795874894580265
  52603.810454    11352.420356989303400
  52647.777235    11933.521351987155867
  52691.744016    12924.273740465358060
  52735.710796    14257.399576289277320
  52779.677577    15836.720306383167554
  52823.644358    16880.368783083504240
  52867.611138    16624.412625961351296
  52911.577919    16209.426961559212941
  52955.544700    16705.388767234002444
  52999.511480    17348.365993664698181
  53043.478261    17015.169196710616234
  53087.445042    16350.829157046482578
  53131.411822    15577.691374827982145
  53175.378603    14541.911224365871021
  53219.345383    13602.193889884896635
  53263.312164    13210.375113245398097
  53307.278945    13190.419103620302849
  53351.245725    13294.301384734902967
  53395.212506    13619.343488980637630
  53439.179287    13962.353306864793922
  53483.146067    13355.092065524504505
  53527.112848    11992.427663436752482
  53571.079629    10961.047362896722916
  53615.046409    10402.133382100681047
  53659.013190    10018.117644003101304
  53702.979971     9865.268782538425512
  53746.946751     9862.394470560666377
  53790.913532     9700.407968948766211
  53834.880313     9364.903272787676542
  53878.847093     9041.393571709524622
  53922.813874     8889.200349233198722
  53966.780655     9011.733598433273073
  54010.747435     9401.364500150126332
  54054.714216     9827.673825257417775
  54098.680997    10173.903930331556694
  54142.647777    10121.498155775234409
  54186.614558     9475.723345103082465
  54230.581339     8795.198216591301389
  54274.548119     8411.289460497919208
  54318.514900     8230.844355355606240
  54362.481681     8159.142993178995312
  54406.448461     8189.262741389467919
  54450.415242     8159.938795902323363
  54494.382022     7871.635130153510545
  54538.348803     7360.471231162757249
  54582.315584     6948.081805332525619
  54626.282364     6770.554166604188140
  54670.249145     6656.471550045343065
  54714.215926     6441.512909364191728
  54758.182706     6181.018323083111682
  54802.149487     5891.063835478741566
  54846.116268     5593.637235309874086
  54890.083048     5371.963448683889510
  54934.049829     5283.080370739376121
  54978.016610     5289.395204392418236
  55021.983390     5346.108180353071475
  55065.950171     5442.479444761384912
  55109.916952     5550.865830906252086
  55153.883732     5556.908057841850678
  55197.850513     5404.849316701021962
  55241.817294     5255.545037638653412
  55285.784074     5229.927563371153155
  55329.750855     5275.898767199700160
  55373.717636     5273.373274687317462
  55417.684416     5245.339758169910056
  55461.651197     5213.423897614216003
  55505.617978     5161.625054223239204
  55549.584758     5120.048016691636803
  55593.551539     5156.753921623674614
  55637.518319     5282.461610914476296
  55681.485100     5459.069171497694697
  55725.451881     5665.836232652029139
  55769.418661     5910.477693023332904
  55813.385442     6138.620188686097208
  55857.352223     6344.964333619518584
  55901.319003     6652.809147824193133
  55945.285784     7128.836807750372827
  55989.252565     7777.136379742213649
  56033.219345     8635.116254672222567
  56077.186126     9776.247452926996630
  56121.152907    11287.109085600946855
  56165.119687    13326.650603807553125
  56209.086468    16197.159745933262457
  56253.053249    20436.998861785948975
  56297.020029    26974.870797513805883
  56340.986810    37459.664141783978266
  56384.953591    54652.399203543725889
  56428.920371    81095.510697860561777
  56472.887152   109602.740981421724427
  56516.853933   118526.106334066178533
  56560.820713   105472.065089170268038
  56604.787494    84618.151923841884127
  56648.754275    67655.002995932300109
  56692.721055    58594.595794383247267
  56736.687836    55408.728818178817164
  56780.654617    51972.168637586910336
  56824.621397    45951.620188144530402
  56868.588178    38906.780926858198654
  56912.554958    32735.072578472460009
  56956.521739    28598.160591260781075
  57000.488520    26489.037322608237446
  57044.455300    25726.107129618347244
  57088.422081    25718.355579069582745
  57132.388862    26083.758976238023024
  57176.355642    26269.111104268864437
  57220.322423    26104.935113723189716
  57264.289204    26675.951035858066462
  57308.255984    28756.059004443119193
  57352.222765    32354.525218682385457
  57396.189546    37887.905901159261703
  57440.156326    44924.443958999334427
  57484.123107    52114.831353772897273
  57528.089888    55332.803226591619023
  57572.056668    51897.204473149642581
  57616.023449    44875.788467385740660
  57659.990230    38401.951355203324056
  57703.957010    33889.202143033777247
  57747.923791    30948.343493053354905
  57791.890572    28432.125494929881825
  57835.857352    25382.349556062858028
  57879.824133    22115.537428171453939
  57923.790914    19304.856182203871867
  57967.757694    17308.516893946103664
  58011.724475    16128.653409943801307
  58055.691255    15617.222663879847460
  58099.658036    15623.278198361986142
  58143.624817    15807.686427455209923
  58187.591597    15604.122567646436437
  58231.558378    14917.511222962797547
  58275.525159    14205.532057330268799
  58319.491939    13955.564389868752187
  58363.458720    14241.689040185068734
  58407.425501    14945.717536140333323
  58451.392281    15855.565512798535565
  58495.359062    16690.946087608368543
  58539.325843    17154.106893107469659
  58583.292623    16932.886368101098924
  58627.259404    16357.860830323499613
  58671.226185    16225.608681625380996
  58715.192965    17218.205617632927897
  58759.159746    19687.418429895551526
  58803.126527    23012.157632427108183
  58847.093307    24246.086854552933801
  58891.060088    22140.502176360434532
  58935.026869    18585.888524390218663
  58978.993649    15479.027831988707476
  59022.960430    13598.303754747910716
  59066.927211    12817.278887660006149
  59110.893991    12294.180257338288357
  59154.860772    11458.451518385560121
  59198.827553    10356.595079215374426
  59242.794333     9195.358773488071165
  59286.761114     8243.144243247923441
  59330.727894     7645.219887104294685
  59374.694675     7355.165866903239476
  59418.661456     7253.089630116512126
  59462.628236     7238.832526740213325
  59506.595017     7201.814100948642590
  59550.561798     7059.291480725776637
  59594.528578     6915.902846446056174
  59638.495359     6913.461656062546353
  59682.462140     7106.107002823326184
  59726.428920     7585.014233416900424
  59770.395701     8334.862623357572375
  59814.362482     9185.437584072822574
  59858.329262     9653.391675528397172
  59902.296043     9204.732027811169246
  59946.262824     8135.084826101382532
  59990.229604     7063.657933968705038
  60034.196385     6284.680012594121763
  60078.163166     5768.305820936229793
  60122.129946     5371.837389822916521
  60166.096727     4922.101647142356342
  60210.063508     4419.632820124682439
  60254.030288     3948.749109483985194
  60297.997069     3576.905959054392497
  60341.963850     3324.540901159538407
  60385.930630     3178.317938908553970
  60429.897411     3116.192824105537511
  60473.864191     3098.048582673040528
  60517.830972     3043.822833188222830
  60561.797753     2915.377629559435718
  60605.764533     2763.178689211371875
  60649.731314     2659.855064569485876
  60693.698095     2631.413835933052269
  60737.664875     2664.941524948782444
  60781.631656     2737.931835240981400
  60825.598437     2806.962155770456320
  60869.565217     2832.225278052956128
  60913.531998     2756.842813981463223
  60957.498779     2598.365670497128576
  61001.465559     2448.812453377759084
  61045.432340     2391.290235762379325
  61089.399121     2453.824636885560267
  61133.365901     2611.026675544848331
  61177.332682     2678.034215921178657
  61221.299463     2504.299606466077421
  61265.266243     2200.335556066939262
  61309.233024     1915.175729679398273
  61353.199805     1722.050844834056079
  61397.166585     1623.398402589757325
  61441.133366     1566.184717449185428
  61485.100147     1496.027057050733674
  61529.066927     1403.694139025315508
  61573.033708     1295.144916053506677
  61617.000489     1192.526992319817737
  61660.967269     1116.404523188781013
  61704.934050     1070.388793715370412
  61748.900830     1044.849879492454420
  61792.867611     1030.111916709868183
  61836.834392     1015.605841328723159
  61880.801172      991.909616434293639
  61924.767953      961.864595542504503
  61968.734734      935.936185427813029
  62012.701514      921.551088448714154
  62056.668295      927.458104997118426
  62100.635076      956.738961585897414
  62144.601856      998.249479780511024
  62188.568637     1024.914336498979537
  62232.535418      992.284585370408422
  62276.502198      908.917069293922964
  62320.468979      818.458009304460461
  62364.435760      748.669048397560118
  62408.402540      700.135393029351690
  62452.369321      664.268297651997386
  62496.336102      627.305266920168606
  62540.302882      585.965435550735947
  62584.269663      544.820164131731303
  62628.236444      509.233681479706490
  62672.203224      482.083219112493964
  62716.170005      463.304353013547484
  62760.136786      451.355328338090658
  62804.103566      443.833826436075071
  62848.070347      435.431859419630939
  62892.037128      421.944943498325301
  62936.003908      405.700201228122069
  62979.970689      391.736232155605251
  63023.937469      382.931275504600876
  63067.904250      378.794352139633020
  63111.871031      378.260185805984065
  63155.837811      378.330156577118828
  63199.804592      376.275524561434793
  63243.771373      367.841844121212830
  63287.738153      352.592522369398921
  63331.704934      336.006287999881408
  63375.671715      324.130643998999517
  63419.638495      318.919986305592545
  63463.605276      319.630402871908245
  63507.572057      319.042383055757682
  63551.538837      307.723938856148209
  63595.505618      288.936580172499191
  63639.472399      270.184475676386114
  63683.439179      255.913029309647868
  63727.405960      246.804756937345189
  63771.372741      240.811977764561050
  63815.339521      234.913567000124317
  63859.306302      228.095121658618638
  63903.273083      220.118108694577757
  63947.239863      211.928522498309462
  63991.206644      204.907888831899271
  64035.173425      199.674753978929232
  64079.140205      195.827778206498436
  64123.106986      192.813422122516386
  64167.073766      190.009983934101712
  64211.040547      186.817433782135623
  64255.007328      183.130260735935167
  64298.974108      179.372185031619637
  64342.940889      176.030729382209557
  64386.907670      173.625775938341661
  64430.874450      172.522242968630877
  64474.841231      172.261949516464085
  64518.808012      171.834506766676498
  64562.774792      169.060341140824306
  64606.741573      163.682821458735162
  64650.708354      157.616665541650377
  64694.675134      152.475664577108660
  64738.641915      148.473377229038277
  64782.608696      145.267845046329739
  64826.575476      142.196872343805353
  64870.542257      138.949078085040668
  64914.509038      135.653958977369001
  64958.475818      132.558846557523424
  65002.442599      129.858248177588621
  65046.409380      127.603447438996909
  65090.376160      125.731595187157154
  65134.342941      124.142322176491504
  65178.309722      122.612743640357138
  65222.276502      120.891123144928088
  65266.243283      119.017716315395091
  65310.210064      117.210058567958498
  65354.176844      115.643239853358438
  65398.143625      114.321602573725201
  65442.110405      113.214375342894954
  65486.077186      112.198324535742401
  65530.043967      111.140828000258352
  65574.010747      109.848511642404532
  65617.977528      108.230829508374143
  65661.944309      106.492464137207435
  65705.911089      104.928042451343870
  65749.877870      103.653897330718593
  65793.844651      102.649728381271871
  65837.811431      101.714654746643220
  65881.778212      100.465891817280365
  65925.744993       98.921208136421825
  65969.711773       97.349889281749441
  66013.678554       95.945769119077411
  66057.645335       94.756230712017711
  66101.612115       93.727276779632945
  66145.578896       92.744235210324717
  66189.545677       91.750761363819947
  66233.512457       90.720140730144820
  66277.479238       89.672947486797156
  66321.446019       88.667635849236291
  66365.412799       87.743812424382355
  66409.379580       86.894080435480618
  66453.346361       86.095941537229052
  66497.313141       85.324152360973684
  66541.279922       84.551843253266810
  66585.246702       83.766714819626046
  66629.213483       82.978206626936327
  66673.180264       82.206330544492147
  66717.147044       81.473012237284863
  66761.113825       80.798744163074502
  66805.080606       80.171597122124325
  66849.047386       79.561766502046794
  66893.014167       78.896504334263980
  66936.980948       78.143119724975463
  66980.947728       77.359124830751853
  67024.914509       76.610007521571717
  67068.881290       75.912005663871184
  67112.848070       75.254932166608199
  67156.814851       74.616581004059711
  67200.781632       73.980702567355223
  67244.748412       73.348347936220875
  67288.715193       72.726810099555507
  67332.681974       72.124251285329905
  67376.648754       71.544559078133233
  67420.615535       70.986329333163980
  67464.582316       70.446130452711941
  67508.549096       69.917043372963008
  67552.515877       69.389034624615689
  67596.482658       68.860742097637512
  67640.449438       68.338598413210875
  67684.416219       67.829556005426028
  67728.383000       67.334912046404213
  67772.349780       66.853993345195846
  67816.316561       66.383461531668132
  67860.283341       65.918278876032645
  67904.250122       65.452054883218224
  67948.216903       64.979457953391957
  67992.183683       64.505536839090524
  68036.150464       64.040616021131797
  68080.117245       63.590007142058901
  68124.084025       63.153212529360005
  68168.050806       62.725817650783526
  68212.017587       62.296568762851265
  68255.984367       61.862613089805663
  68299.951148       61.431056747553619
  68343.917929       61.008260119795139
  68387.884709       60.596356821075247
  68431.851490       60.194349700276149
  68475.818271       59.798929413235399
  68519.785051       59.407812751972806
  68563.751832       59.019763570777542
  68607.718613       58.634727788179049
  68651.685393       58.254400184870249
  68695.652174       57.880326200518425
  68739.618955       57.512606829722188
  68783.585735       57.150498477842731
  68827.552516       56.793191243700448
  68871.519297       56.439686365249585
  68915.486077       56.089346427704434
  68959.452858       55.742169701800691
  69003.419638       55.398710486882607
  69047.386419       55.059648913864208
  69091.353200       54.725707643790557
  69135.319980       54.396656640244842
  69179.286761       54.071676604489866
  69223.253542       53.748934063328733
  69267.220322       53.426898883409194
  69311.187103       53.106742285653887
  69355.153884       52.790423168714426
  69399.120664       52.478649554729728
  69443.087445       52.171141728209179
  69487.054226       51.867285174865970
  69531.021006       51.566457192801849
  69574.987787       51.268557809966083
  69618.954568       50.973709459993174
  69662.921348       50.682113559044836
  69706.888129       50.393887905371365
  69750.854910       50.108993287740589
  69794.821690       49.827286889316625
  69838.788471       49.548551593205943
  69882.755252       49.272481381704729
  69926.722032       48.998951175062203
  69970.688813       48.728066417571227
  70014.655594       48.459978906260488
  70058.622374       48.194711901204329
  70102.589155       47.932214676575086
  70146.555936       47.672412000358776
  70190.522716       47.415144719965049
  70234.489497       47.160221495486937
  70278.456277       46.907410320024781
  70322.423058       46.656753840462393
  70366.389839       46.408486039362472
  70410.356619       46.162757721902963
  70454.323400       45.919544222131996
  70498.290181       45.678759479595584
  70542.256961       45.440134298627825
  70586.223742       45.203493085463464
  70630.190523       44.968927328217553
  70674.157303       44.736558584952931
  70718.124084       44.506436538895869
  70762.090865       44.278549268524841
  70806.057645       44.052812764222793
  70850.024426       43.829134109931957
  70893.991207       43.607443931371648
  70937.957987       43.387687300583053
  70981.924768       43.169865653986193
  71025.891549       42.954000943560622
  71069.858329       42.740099722103324
  71113.825110       42.528139970922503
  71157.791891       42.318087755638004
  71201.758671       42.109880863763337
  71245.725452       41.903457032344974
  71289.692233       41.698776922544155
  71333.659013       41.495840092022604
  71377.625794       41.294663112466246
  71421.592574       41.095262852839497
  71465.559355       40.897616445356419
  71509.526136       40.701670311789741
  71553.492916       40.507352852972787
  71597.459697       40.314594938723403
  71641.426478       40.123401254623658
  71685.393258       39.933818581278622
  71729.360039       39.745865651002333
  71773.326820       39.559517938422516
  71817.293600       39.374728980793037
  71861.260381       39.191448256516921
  71905.227162       39.009649923901151
  71949.193942       38.829331338628293
  71993.160723       38.650497717296147
  72037.127504       38.473145052058754
  72081.094284       38.297253424968034
  72125.061065       38.122786962272031
  72169.027846       37.949708628592504
  72212.994626       37.777995866708068
  72256.961407       37.607646123623276
  72300.928188       37.438663171667642
  72344.894968       37.271041515813437
  72388.861749       37.104757953886065
  72432.828530       36.939779542606203
  72476.795310       36.776080391223871
  72520.762091       36.613647724122984
  72564.728872       36.452478673831834
  72608.695652       36.292568061261861
  72652.662433       36.133906161707252
  72696.629213       35.976473568773379
  72740.595994       35.820243695502242
  72784.562775       35.665193966067989
  72828.529555       35.511318360819303
  72872.496336       35.358617108310497
  72916.463117       35.207087202838224
  72960.429897       35.056716025438618
  73004.396678       34.907479257436350
  73048.363459       34.759350249995592
  73092.330239       34.612313827541882
  73136.297020       34.466367011358393
  73180.263801       34.321512693894960
  73224.230581       34.177748789672250
  73268.197362       34.035059693347584
  73312.164143       33.893418848341980
  73356.130923       33.752800957394129
  73400.097704       33.613193783004768
  73444.064485       33.474599392400698
  73488.031265       33.337024397719837
  73531.998046       33.200465367650509
  73575.964827       33.064903262292155
  73619.931607       32.930310227795538
  73663.898388       32.796664172186141
  73707.865169       32.663957708928656
  73751.831949       32.532196620191499
  73795.798730       32.401386687521182
  73839.765511       32.271522199857593
  73883.732291       32.142582694266984
  73927.699072       32.014541362582214
  73971.665852       31.887378960690519
  74015.632633       31.761092512301243
  74059.599414       31.635689641035857
  74103.566194       31.511175919334018
  74147.532975       31.387543497770167
  74191.499756       31.264770660565130
  74235.466536       31.142832176108165
  74279.433317       31.021712909501403
  74323.400098       30.901412644658059
  74367.366878       30.781939705335148
  74411.333659       30.663298295189300
  74455.300440       30.545478397219100
  74499.267220       30.428457226306325
  74543.234001       30.312211523244599
  74587.200782       30.196730174568756
  74631.167562       30.082016291814867
  74675.134343       29.968079009392827
  74719.101124       29.854920186198470
  74763.067904       29.742527241584867
  74807.034685       29.630877433228306
  74851.001466       29.519950422785712
  74894.968246       29.409738382949584
  74938.935027       29.300246807115126
  74982.901808       29.191484791129696
  75026.868588       29.083452280149032
  75070.835369       28.976134449722927
  75114.802149       28.869508516014498
  75158.768930       28.763556803758171
  75202.735711       28.658275544725903
  75246.702491       28.553672670668064
  75290.669272       28.449756478106785
  75334.636053       28.346523903011715
  75378.602833       28.243958290764436
  75422.569614       28.142037846007227
  75466.536395       28.040748054140423
  75510.503175       27.940088380974153
  75554.469956       27.840068236043784
  75598.436737       27.740694678121507
  75642.403517       27.641962249044319
  75686.370298       27.543852684519713
  75730.337079       27.446345202751580
  75774.303859       27.349428537582590
  75818.270640       27.253105718334361
  75862.237421       27.157386999400110
  75906.204201       27.062277612261532
  75950.170982       26.967769249790884
  75994.137763       26.873842786917557
  76038.104543       26.780479114891229
  76082.071324       26.687670614451889
  76126.038105       26.595422791514046
  76170.004885       26.503746175402586
  76213.971666       26.412643771112712
  76257.938447       26.322105084148660
  76301.905227       26.232110244544991
  76345.872008       26.142642485140307
  76389.838788       26.053697395096876
  76433.805569       25.965282956800884
  76477.772350       25.877409171426766
  76521.739130       25.790076828201645
  76565.705911       25.703272918398913
  76609.672692       25.616977844964232
  76653.639472       25.531177226465708
  76697.606253       25.445870087854480
  76741.573034       25.361065898309960
  76785.539814       25.276773939488422
  76829.506595       25.192992182814397
  76873.473376       25.109705896670036
  76917.440156       25.026895954409813
  76961.406937       24.944551011204332
  77005.373718       24.862672993256954
  77049.340498       24.781272654826811
  77093.307279       24.700357612410698
  77137.274060       24.619923359652802
  77181.240840       24.539953618540416
  77225.207621       24.460430517244170
  77269.174402       24.381345529369927
  77313.141182       24.302703502671470
  77357.107963       24.224515638356571
  77401.074744       24.146787761532501
  77445.041524       24.069512610499338
  77489.008305       23.992673073660839
  77532.975085       23.916252786497051
  77576.941866       23.840246493084365
  77620.908647       23.764661305947428
  77664.875427       23.689508422971961
  77708.842208       23.614791294329969
  77752.808989       23.540500423144955
  77796.775769       23.466618157928018
  77840.742550       23.393130209617560
  77884.709331       23.320034329512197
  77928.676111       23.247339654187869
  77972.642892       23.175056674539356
  78016.609673       23.103186453515299
  78060.576453       23.031717276486777
  78104.543234       22.960631591168752
  78148.510015       22.889917466937952
  78192.476795       22.819575756591998
  78236.443576       22.749616913749620
  78280.410357       22.680050270769833
  78324.377137       22.610874297632130
  78368.343918       22.542075532656000
  78412.310699       22.473636988851638
  78456.277479       22.405549422907136
  78500.244260       22.337816460714841
  78544.211041       22.270449357817554
  78588.177821       22.203455877765091
  78632.144602       22.136831900196515
  78676.111383       22.070562594292255
  78720.078163       22.004632029834411
  78764.044944       21.939033874310581
  78808.011724       21.873774166448293
  78851.978505       21.808864484389879
  78895.945286       21.744310575202142
  78939.912066       21.680105869387305
  78983.878847       21.616234543210481
  79027.845628       21.552682328385877
  79071.812408       21.489445733226102
  79115.779189       21.426532945929551
  79159.745970       21.363955190370998
  79203.712750       21.301716057830017
  79247.679531       21.239806532240337
  79291.646312       21.178210518276927
  79335.613092       21.116915634637337
  79379.579873       21.055921371654058
  79423.546654       20.995237408340351
  79467.513434       20.934874327714084
  79511.480215       20.874833132370561
  79555.446996       20.815102893258931
  79599.413776       20.755667523514774
  79643.380557       20.696517077770324
  79687.347338       20.637653632427025
  79731.314118       20.579088174394137
  79775.280899       20.520829877051220
  79819.247680       20.462877330663460
  79863.214460       20.405217784729388
  79907.181241       20.347835964736959
  79951.148021       20.290724280735056
  79995.114802       20.233887509864530
  80039.081583       20.177337112045649
  80083.048363       20.121080730768981
  80127.015144       20.065114247829854
  80170.981925       20.009423853733395
  80214.948705       19.953995207696352
  80258.915486       19.898823576518581
  80302.882267       19.843915813563051
  80346.849047       19.789283635289998
  80390.815828       19.734932462622474
  80434.782609       19.680855963276926
  80478.749389       19.627039381598209
  80522.716170       19.573470081599204
  80566.682951       19.520145906788926
  80610.649731       19.467075742737109
  80654.616512       19.414270680409025
  80698.583293       19.361734051559971
  80742.550073       19.309457177580093
  80786.516854       19.257425151591889
  80830.483635       19.205627085274365
  80874.450415       19.154063715609233
  80918.417196       19.102745172634727
  80962.383977       19.051681770740196
  81006.350757       19.000874283254149
  81050.317538       18.950312269743861
  81094.284319       18.899980853554730
  81138.251099       18.849871548830802
  81182.217880       18.799987524512289
  81226.184660       18.750339948468138
  81270.151441       18.700937646307615
  81314.118222       18.651779063008398
  81358.085002       18.602852064808623
  81402.051783       18.554142588349649
  81446.018564       18.505644503427416
  81489.985344       18.457363400780856
  81533.952125       18.409310756376783
  81577.918906       18.361493794345961
  81621.885686       18.313908418617693
  81665.852467       18.266541439385840
  81709.819248       18.219379871323007
  81753.786028       18.172420242996211
  81797.752809       18.125670066221623
  81841.719590       18.079140835966051
  81885.686370       18.032837688090400
  81929.653151       17.986754252946895
  81973.619932       17.940876616843212
  82017.586712       17.895193425494959
  82061.553493       17.849703755188013
  82105.520274       17.804416795161551
  82149.487054       17.759343466686872
  82193.453835       17.714486661787156
  82237.420616       17.669837897183804
  82281.387396       17.625383110256649
  82325.354177       17.581112842222453
  82369.320957       17.537028691806562
  82413.287738       17.493141084403913
  82457.254519       17.449459918348531
  82501.221299       17.405985702907252
  82545.188080       17.362708167511293
  82589.154861       17.319613578789046
  82633.121641       17.276694598434460
  82677.088422       17.233955257408923
  82721.055203       17.191406713282014
  82765.021983       17.149057471677455
  82808.988764       17.106905569406695
  82852.955545       17.064939401197737
  82896.922325       17.023145907703558
  82940.889106       16.981520185045724
  82984.855887       16.940068367800372
  83028.822667       16.898801961944834
  83072.789448       16.857727585711135
  83116.756229       16.816841040322174
  83160.723009       16.776129633837826
  83204.689790       16.735581576968400
  83248.656571       16.695194346658909
  83292.623351       16.654976038239020
  83336.590132       16.614937803478824
  83380.556913       16.575084344548173
  83424.523693       16.535409173843917
  83468.490474       16.495899155156614
  83512.457255       16.456543929188260
  83556.424035       16.417343615547473
  83600.390816       16.378307628310253
  83644.357596       16.339446573140190
  83688.324377       16.300762806313369
  83732.291158       16.262248020273127
  83776.257938       16.223888817827287
  83820.224719       16.185676904425939
  83864.191500       16.147614665974864
  83908.158280       16.109712693663869
  83952.125061       16.071980340221181
  83996.091842       16.034417805776933
  84040.058622       15.997014949044305
  84084.025403       15.959758915056469
  84127.992184       15.922643416177369
  84171.958964       15.885673221078669
  84215.925745       15.848859336576382
  84259.892526       15.812209818656271
  84303.859306       15.775722366469285
  84347.826087       15.739385702758700
  84391.792868       15.703187653316455
  84435.759648       15.667124398250868
  84479.726429       15.631202510939772
  84523.693210       15.595433306691005
  84567.659990       15.559822900032474
  84611.626771       15.524366872588207
  84655.593552       15.489052921029375
  84699.560332       15.453870272771653
  84743.527113       15.418817322996029
  84787.493894       15.383902476697425
  84831.460674       15.349136590051081
  84875.427455       15.314523864736064
  84919.394235       15.280057641686312
  84963.361016       15.245725350358404
  85007.327797       15.211517668865872
  85051.294577       15.177435489052971
  85095.261358       15.143488405286115
  85139.228139       15.109686626265363
  85183.194919       15.076032008958681
  85227.161700       15.042516199507777
  85271.128481       15.009126541544163
  85315.095261       14.975855686770956
  85359.062042       14.942706700940374
  85403.028823       14.909690190925151
  85446.995603       14.876815071525449
  85490.962384       14.844081024681241
  85534.929165       14.811478103053135
  85578.895945       14.778994184030019
  85622.862726       14.746623932971415
  85666.829507       14.714372618990808
  85710.796287       14.682251223799874
  85754.763068       14.650267181457625
  85798.729849       14.618417873323519
  85842.696629       14.586692253221525
  85886.663410       14.555079016528072
  85930.630191       14.523575142305329
  85974.596971       14.492187719644814
  86018.563752       14.460927736213858
  86062.530532       14.429800782124634
  86106.497313       14.398802129541330
  86150.464094       14.367919949432901
  86194.430874       14.337144221899376
  86238.397655       14.306474247932670
  86282.364436       14.275918626720800
  86326.331216       14.245487893145697
  86370.297997       14.215185625425244
  86414.264778       14.185005137314651
  86458.231558       14.154934238949487
  86502.198339       14.124964562797096
  86546.165120       14.095097661709726
  86590.131900       14.065343307965186
  86634.098681       14.035711146728797
  86678.065462       14.006202650657285
  86722.032242       13.976809337378018
  86765.999023       13.947519198286901
  86809.965804       13.918325708914377
  86853.932584       13.889232640395624
  86897.899365       13.860250428531749
  86941.866146       13.831387575034118
  86985.832926       13.802643246322420
  87029.799707       13.774007637124576
  87073.766488       13.745469223253703
  87117.733268       13.717023652643551
  87161.700049       13.688676542153008
  87205.666830       13.660438763696245
  87249.633610       13.632317155290217
  87293.600391       13.604308798548683
  87337.567171       13.576402751171155
  87381.533952       13.548588573401441
  87425.500733       13.520863964742837
  87469.467513       13.493236380658121
  87513.434294       13.465716471090786
  87557.401075       13.438309359400378
  87601.367855       13.411009921676992
  87645.334636       13.383806745249608
  87689.301417       13.356690563337839
  87733.268197       13.329661437686950
  87777.234978       13.302728088133716
  87821.201759       13.275900762085538
  87865.168539       13.249182394066212
  87909.135320       13.222566164530807
  87953.102101       13.196040317678236
  87997.068881       13.169597346449844
  88041.035662       13.143239349845201
  88085.002443       13.116976228779791
  88128.969223       13.090817116870895
  88172.936004       13.064762977437903
  88216.902785       13.038805262976833
  88260.869565       13.012932572898425
  88304.836346       12.987139110552629
  88348.803127       12.961429204926318
  88392.769907       12.935813213515466
  88436.736688       12.910299109196480
  88480.703468       12.884885572566729
  88524.670249       12.859562926378691
  88568.637030       12.834320231215912
  88612.603810       12.809153905205521
  88656.570591       12.784069997801332
  88700.537372       12.759079177414822
  88744.504152       12.734187682307045
  88788.470933       12.709392247206910
  88832.437714       12.684682132071035
  88876.404494       12.660047550781130
  88920.371275       12.635486960735637
  88964.338056       12.611008098542545
  89008.304836       12.586621266746373
  89052.271617       12.562331009615416
  89096.238398       12.538131982449485
  89140.205178       12.514013030786206
  89184.171959       12.489965634438791
  89228.138740       12.465990516757284
  89272.105520       12.442096543638392
  89316.072301       12.418293498002489
  89360.039082       12.394583846075481
  89404.005862       12.370960550843861
  89447.972643       12.347412274951324
  89491.939424       12.323932247336732
  89535.906204       12.300523193227221
  89579.872985       12.277194934166312
  89623.839766       12.253956193520944
  89667.806546       12.230807394746158
  89711.773327       12.207739945692136
  89755.740107       12.184742902972886
  89799.706888       12.161811318538874
  89843.673669       12.138949890969013
  89887.640449       12.116168906616810
  89931.607230       12.093475775967164
  89975.574011       12.070868783192985
  90019.540791       12.048338217888393
  90063.507572       12.025873843514290
  90107.474353       12.003472720659444
  90151.441133       11.981141276353942
  90195.407914       11.958889896286667
  90239.374695       11.936724356278280
  90283.341475       11.914640906996937
  90327.308256       11.892629080078985
  90371.275037       11.870679680568868
  90415.241817       11.848791880015021
  90459.208598       11.826973557320564
  90503.175379       11.805234801526847
  90547.142159       11.783579485960658
  90591.108940       11.762002051344087
  90635.075721       11.740491586483103
  90679.042501       11.719040334866365
  90723.009282       11.697649510286261
  90766.976063       11.676328194702755
  90810.942843       11.655085663449032
  90854.909624       11.633923884694326
  90898.876404       11.612835593913516
  90942.843185       11.591809954028038
  90986.809966       11.570840776634597
  91030.776746       11.549931391404762
  91074.743527       11.529091536261491
  91118.710308       11.508329495189161
  91162.677088       11.487645112062722
  91206.643869       11.467029856957787
  91250.610650       11.446473164425674
  91294.577430       11.425970839136806
  91338.544211       11.405527952792525
  91382.510992       11.385154712941576
  91426.477772       11.364857899554831
  91470.444553       11.344635461591761
  91514.411334       11.324477677270773
  91558.378114       11.304374899117313
  91602.344895       11.284324818626477
  91646.311676       11.264334248662010
  91690.278456       11.244413218162601
  91734.245237       11.224567014682613
  91778.212018       11.204791502308712
  91822.178798       11.185076410738615
  91866.145579       11.165413105749039
  91910.112360       11.145801465478701
  91954.079140       11.126249474787477
  91998.045921       11.106766895502233
  92042.012702       11.087357045792821
  92085.979482       11.068014138665699
  92129.946263       11.048727473946634
  92173.913043       11.029490009368310
  92217.879824       11.010303481795809
  92261.846605       10.991177028860807
  92305.813385       10.972119491887728
  92349.780166       10.953132358196205
  92393.746947       10.934208138657075
  92437.713727       10.915336400161305
  92481.680508       10.896511636193848
  92525.647289       10.877737629426722
  92569.614069       10.859024040918115
  92613.580850       10.840378707355782
  92657.547631       10.821800958582527
  92701.514411       10.803282192772134
  92745.481192       10.784812354185773
  92789.447973       10.766387897800604
  92833.414753       10.748014235094033
  92877.381534       10.729701420265322
  92921.348315       10.711455724535826
  92965.315095       10.693274624385481
  93009.281876       10.675148497769118
  93053.248657       10.657068238174091
  93097.215437       10.639032147782398
  93141.182218       10.621047274853087
  93185.148999       10.603123441909148
  93229.115779       10.585265332776935
  93273.082560       10.567468488592732
  93317.049340       10.549722806196028
  93361.016121       10.532020261919858
  93404.982902       10.514361247692772
  93448.949682       10.496753979753649
  93492.916463       10.479207809565075
  93536.883244       10.461725523017693
  93580.850024       10.444301053634113
  93624.816805       10.426924046380126
  93668.783586       10.409587991652444
  93712.750366       10.392295209817142
  93756.717147       10.375054832794870
  93800.683928       10.357875291052157
  93844.650708       10.340757491930248
  93888.617489       10.323693900751854
  93932.584270       10.306674363098637
  93976.551050       10.289694056538462
  94020.517831       10.272757153166900
  94064.484612       10.255873291776544
  94108.451392       10.239049723690906
  94152.418173       10.222285418559849
  94196.384954       10.205571652843439
  94240.351734       10.188898861026026
  94284.318515       10.172264069264688
  94328.285296       10.155673115367794
  94372.252076       10.139135751767000
  94416.218857       10.122657817904805
  94460.185638       10.106236327150429
  94504.152418       10.089861769479677
  94548.119199       10.073525476835510
  94592.085979       10.057226462059482
  94636.052760       10.040971891765601
  94680.019541       10.024771361493666
  94723.986321       10.008628972360679
  94767.953102        9.992540009785767
  94811.919883        9.976494441140854
  94855.886663        9.960484922941820
  94899.853444        9.944512309214478
  94943.820225        9.928584970254953
  94987.787005        9.912711833452118
  95031.753786        9.896895253999094
  95075.720567        9.881128818272730
  95119.687347        9.865402526142397
  95163.654128        9.849710416395235
  95207.620909        9.834055326068556
  95251.587689        9.818446318706808
  95295.554470        9.802891494746081
  95339.521251        9.787391164961354
  95383.488031        9.771937701192630
  95427.454812        9.756521285552196
  95471.421593        9.741137760055130
  95515.388373        9.725791598724957
  95559.355154        9.710492423453310
  95603.321935        9.695246942208950
  95647.288715        9.680053690628842
  95691.255496        9.664903882796482
  95735.222277        9.649788473206979
  95779.189057        9.634704991524872
  95823.155838        9.619659626194231
  95867.122618        9.604661904699993
  95911.089399        9.589717163822726
  95955.056180        9.574821981018612
  95999.022960        9.559966993676039
  96042.989741        9.545143980824419
  96086.956522        9.530352526278703
  96130.923302        9.515600000648988
  96174.890083        9.500895727880014
  96218.856864        9.486243222816434
  96262.823644        9.471637508969815
  96306.790425        9.457068714845864
  96350.757206        9.442530032859969
  96394.723986        9.428022831422620
  96438.690767        9.413555604432013
  96482.657548        9.399136854074360
  96526.624328        9.384768427003511
  96570.591109        9.370443716003546
  96614.557890        9.356152975965088
  96658.524670        9.341890812083793
  96702.491451        9.327660532212075
  96746.458232        9.313471163710069
  96790.425012        9.299330334990030
  96834.391793        9.285237921004654
  96878.358574        9.271186159083694
  96922.325354        9.257165575654085
  96966.292135        9.243172596862792
  97010.258915        9.229212087352572
  97054.225696        9.215293487551683
  97098.192477        9.201423065242514
  97142.159257        9.187598911098863
  97186.126038        9.173812217242727
  97230.092819        9.160054340219430
  97274.059599        9.146323448700949
  97318.026380        9.132625933299867
  97361.993161        9.118971127987965
  97405.959941        9.105363845387838
  97449.926722        9.091800321382529
  97493.893503        9.078271208118599
  97537.860283        9.064768866690773
  97581.827064        9.051293359082221
  97625.793845        9.037852240116088
  97669.760625        9.024454488195222
  97713.727406        9.011103174774094
  97757.694187        8.997792938818431
  97801.660967        8.984514171742292
  97845.627748        8.971260558199978
  97889.594529        8.958033976178772
  97933.561309        8.944842916466207
  97977.528090        8.931695602260078
  98021.494871        8.918593283908120
  98065.461651        8.905529202814153
  98109.428432        8.892493853012461
  98153.395213        8.879482459122139
  98197.361993        8.866498642422638
  98241.328774        8.853551498407002
  98285.295554        8.840648136432975
  98329.262335        8.827787998755968
  98373.229116        8.814963163608109
  98417.195896        8.802164616924820
  98461.162677        8.789389234972401
  98505.129458        8.776642298638270
  98549.096238        8.763933051021596
  98593.063019        8.751267323507669
  98637.029800        8.738642707126665
  98680.996580        8.726050504108720
  98724.963361        8.713482401428141
  98768.930142        8.700937164270202
  98812.896922        8.688421378876267
  98856.863703        8.675944212731199
  98900.830484        8.663509874784786
  98944.797264        8.651114350157364
  98988.764045        8.638748315696965
  99032.730826        8.626404654314598
  99076.697606        8.614083885399985
  99120.664387        8.601793795983214
  99164.631168        8.589542942941401
  99208.597948        8.577333962198312
  99252.564729        8.565161176920521
  99296.531510        8.553015209391779
  99340.498290        8.540890200823631
  99384.465071        8.528788578556888
  99428.431851        8.516718788396505
  99472.398632        8.504688700624495
  99516.365413        8.492699058592960
  99560.332193        8.480742982370339
  99604.298974        8.468811189581233
  99648.265755        8.456899560318607
  99692.232535        8.445012109621192
  99736.199316        8.433157930569170
  99780.166097        8.421343651620647
  99824.132877        8.409568125887191
  99868.099658        8.397822745295844
  99912.066439        8.386098013189736
  99956.033219        8.374390362567617
 100000.000000        8.362705113921276
