  10000.000000        0.000000545310606
  10043.966781        0.000000554236048
  10087.933561        0.000000563278299
  10131.900342        0.000000572438845
  10175.867123        0.000000581719043
  10219.833903        0.000000591120077
  10263.800684        0.000000600643029
  10307.767465        0.000000610289013
  10351.734245        0.000000620059338
  10395.701026        0.000000629955563
  10439.667807        0.000000639979319
  10483.634587        0.000000650132036
  10527.601368        0.000000660414929
  10571.568149        0.000000670829161
  10615.534929        0.000000681375991
  10659.501710        0.000000692056883
  10703.468490        0.000000702873498
  10747.435271        0.000000713827553
  10791.402052        0.000000724920562
  10835.368832        0.000000736153741
  10879.335613        0.000000747528329
  10923.302394        0.000000759045796
  10967.269174        0.000000770707784
  11011.235955        0.000000782516051
  11055.202736        0.000000794472370
  11099.169516        0.000000806578348
  11143.136297        0.000000818835314
  11187.103078        0.000000831244598
  11231.069858        0.000000843807838
  11275.036639        0.000000856526944
  11319.003420        0.000000869403832
  11362.970200        0.000000882440180
  11406.936981        0.000000895637528
  11450.903762        0.000000908997412
  11494.870542        0.000000922521255
  11538.837323        0.000000936210841
  11582.804104        0.000000950068426
  11626.770884        0.000000964096104
  11670.737665        0.000000978295636
  11714.704446        0.000000992668645
  11758.671226        0.000001007216746
  11802.638007        0.000001021941555
  11846.604787        0.000001036844932
  11890.571568        0.000001051929320
  11934.538349        0.000001067197270
  11978.505129        0.000001082650646
  12022.471910        0.000001098290623
  12066.438691        0.000001114118579
  12110.405471        0.000001130136721
  12154.372252        0.000001146347315
  12198.339033        0.000001162752859
  12242.305813        0.000001179356165
  12286.272594        0.000001196159344
  12330.239375        0.000001213163855
  12374.206155        0.000001230371379
  12418.172936        0.000001247784155
  12462.139717        0.000001265404624
  12506.106497        0.000001283235141
  12550.073278        0.000001301278387
  12594.040059        0.000001319537289
  12638.006839        0.000001338013472
  12681.973620        0.000001356707820
  12725.940401        0.000001375622133
  12769.907181        0.000001394759986
  12813.873962        0.000001414124606
  12857.840743        0.000001433718727
  12901.807523        0.000001453545387
  12945.774304        0.000001473606949
  12989.741085        0.000001493904623
  13033.707865        0.000001514439676
  13077.674646        0.000001535215247
  13121.641426        0.000001556235581
  13165.608207        0.000001577502985
  13209.574988        0.000001599019886
  13253.541768        0.000001620790039
  13297.508549        0.000001642815455
  13341.475330        0.000001665097032
  13385.442110        0.000001687637442
  13429.408891        0.000001710441494
  13473.375672        0.000001733512851
  13517.342452        0.000001756854077
  13561.309233        0.000001780468773
  13605.276014        0.000001804360816
  13649.242794        0.000001828532418
  13693.209575        0.000001852983449
  13737.176356        0.000001877714968
  13781.143136        0.000001902733034
  13825.109917        0.000001928040771
  13869.076698        0.000001953640632
  13913.043478        0.000001979539459
  13957.010259        0.000002005740940
  14000.977040        0.000002032245545
  14044.943820        0.000002059055887
  14088.910601        0.000002086177726
  14132.877382        0.000002113614737
  14176.844162        0.000002141367420
  14220.810943        0.000002169440706
  14264.777723        0.000002197844647
  14308.744504        0.000002226582619
  14352.711285        0.000002255649441
  14396.678065        0.000002285040977
  14440.644846        0.000002314766637
  14484.611627        0.000002344832990
  14528.578407        0.000002375243721
  14572.545188        0.000002406009893
  14616.511969        0.000002437138500
  14660.478749        0.000002468628633
  14704.445530        0.000002500481739
  14748.412311        0.000002532704174
  14792.379091        0.000002565300037
  14836.345872        0.000002598268135
  14880.312653        0.000002631611785
  14924.279433        0.000002665349457
  14968.246214        0.000002699486009
  15012.212995        0.000002734008938
  15056.179775        0.000002768908106
  15100.146556        0.000002804198853
  15144.113337        0.000002839895671
  15188.080117        0.000002876004631
  15232.046898        0.000002912543209
  15276.013679        0.000002949527197
  15319.980459        0.000002986949504
  15363.947240        0.000003024787640
  15407.914021        0.000003063036480
  15451.880801        0.000003101723803
  15495.847582        0.000003140853867
  15539.814362        0.000003180428629
  15583.781143        0.000003220479939
  15627.747924        0.000003261014144
  15671.714704        0.000003302004434
  15715.681485        0.000003343437744
  15759.648266        0.000003385339372
  15803.615046        0.000003427733122
  15847.581827        0.000003470627380
  15891.548608        0.000003514044630
  15935.515388        0.000003558013125
  15979.482169        0.000003602533031
  16023.448950        0.000003647554711
  16067.415730        0.000003693018127
  16111.382511        0.000003738963024
  16155.349292        0.000003785423362
  16199.316072        0.000003832399675
  16243.282853        0.000003879957103
  16287.249634        0.000003928119705
  16331.216414        0.000003976843841
  16375.183195        0.000004026107902
  16419.149976        0.000004075952175
  16463.116756        0.000004126408712
  16507.083537        0.000004177449569
  16551.050318        0.000004229073118
  16595.017098        0.000004281385381
  16638.983879        0.000004334413758
  16682.950660        0.000004388049692
  16726.917440        0.000004442139409
  16770.884221        0.000004496746054
  16814.851001        0.000004551957713
  16858.817782        0.000004607782924
  16902.784563        0.000004664321735
  16946.751343        0.000004721649786
  16990.718124        0.000004779715775
  17034.684905        0.000004838486208
  17078.651685        0.000004897999986
  17122.618466        0.000004958274321
  17166.585247        0.000005019242287
  17210.552027        0.000005080850193
  17254.518808        0.000005143283532
  17298.485589        0.000005206622241
  17342.452369        0.000005270680153
  17386.419150        0.000005335224459
  17430.385931        0.000005400337732
  17474.352711        0.000005466211951
  17518.319492        0.000005532881592
  17562.286273        0.000005600517469
  17606.253053        0.000005669347074
  17650.219834        0.000005739310850
  17694.186615        0.000005810018174
  17738.153395        0.000005881145005
  17782.120176        0.000005952977381
  17826.086957        0.000006025622527
  17870.053737        0.000006099016553
  17914.020518        0.000006173540955
  17957.987298        0.000006249330103
  18001.954079        0.000006326009787
  18045.920860        0.000006403274032
  18089.887640        0.000006481296582
  18133.854421        0.000006560371730
  18177.821202        0.000006640574419
  18221.787982        0.000006722114134
  18265.754763        0.000006805346377
  18309.721544        0.000006890368913
  18353.688324        0.000006976619139
  18397.655105        0.000007062937532
  18441.621886        0.000007149333473
  18485.588666        0.000007236366154
  18529.555447        0.000007324048614
  18573.522228        0.000007413210460
  18617.489008        0.000007504350036
  18661.455789        0.000007596904954
  18705.422570        0.000007690423173
  18749.389350        0.000007785208033
  18793.356131        0.000007881709844
  18837.322912        0.000007979605382
  18881.289692        0.000008078419881
  18925.256473        0.000008179358487
  18969.223254        0.000008283108965
  19013.190034        0.000008388647005
  19057.156815        0.000008493587018
  19101.123596        0.000008597779392
  19145.090376        0.000008702472270
  19189.057157        0.000008807864286
  19233.023937        0.000008915180716
  19276.990718        0.000009025673989
  19320.957499        0.000009138887010
  19364.924279        0.000009254278515
  19408.891060        0.000009372058857
  19452.857841        0.000009492248436
  19496.824621        0.000009613873910
  19540.791402        0.000009736016123
  19584.758183        0.000009860418352
  19628.724963        0.000009988532462
  19672.691744        0.000010118557907
  19716.658525        0.000010247644906
  19760.625305        0.000010375380014
  19804.592086        0.000010504148727
  19848.558867        0.000010634597945
  19892.525647        0.000010768645064
  19936.492428        0.000010909497625
  19980.459209        0.000011057686071
  20024.425989        0.000011208690588
  20068.392770        0.000011356231973
  20112.359551        0.000011501725656
  20156.326331        0.000011647601894
  20200.293112        0.000011793201062
  20244.259893        0.000011943354221
  20288.226673        0.000012100484480
  20332.193454        0.000012260671342
  20376.160234        0.000012420122466
  20420.127015        0.000012579538087
  20464.093796        0.000012742231165
  20508.060576        0.000012909308500
  20552.027357        0.000013082742319
  20595.994138        0.000013266426335
  20639.960918        0.000013462660847
  20683.927699        0.000013668084023
  20727.894480        0.000013868466127
  20771.861260        0.000014056423488
  20815.828041        0.000014237546689
  20859.794822        0.000014413016852
  20903.761602        0.000014593653183
  20947.728383        0.000014788213543
  20991.695164        0.000014991452636
  21035.661944        0.000015198142577
  21079.628725        0.000015409821038
  21123.595506        0.000015631867288
  21167.562286        0.000015862118667
  21211.529067        0.000016091598216
  21255.495848        0.000016329747184
  21299.462628        0.000016587680146
  21343.429409        0.000016859940734
  21387.396190        0.000017122218069
  21431.362970        0.000017360810713
  21475.329751        0.000017587041653
  21519.296532        0.000017803884525
  21563.263312        0.000018026911467
  21607.230093        0.000018274202036
  21651.196873        0.000018545115385
  21695.163654        0.000018834621567
  21739.130435        0.000019143510691
  21783.097215        0.000019468483407
  21827.063996        0.000019794063861
  21871.030777        0.000020110812633
  21914.997557        0.000020434558883
  21958.964338        0.000020783328215
  22002.931119        0.000021142613794
  22046.897899        0.000021490144167
  22090.864680        0.000021809128830
  22134.831461        0.000022118561180
  22178.798241        0.000022427897012
  22222.765022        0.000022758002325
  22266.731803        0.000023146544991
  22310.698583        0.000023615357298
  22354.665364        0.000024127481709
  22398.632145        0.000024599878125
  22442.598925        0.000025010539336
  22486.565706        0.000025386987124
  22530.532487        0.000025724211786
  22574.499267        0.000026088584691
  22618.466048        0.000026517250287
  22662.432829        0.000026972401601
  22706.399609        0.000027420147345
  22750.366390        0.000027858368714
  22794.333170        0.000028314748776
  22838.299951        0.000028801799305
  22882.266732        0.000029336198499
  22926.233512        0.000029951513157
  22970.200293        0.000030673806064
  23014.167074        0.000031506909181
  23058.133854        0.000032337502470
  23102.100635        0.000033015616484
  23146.067416        0.000033546506134
  23190.034196        0.000033937787883
  23234.000977        0.000034328679227
  23277.967758        0.000034850113044
  23321.934538        0.000035465875995
  23365.901319        0.000036130617986
  23409.868100        0.000036845970721
  23453.834880        0.000037661240270
  23497.801661        0.000038571077713
  23541.768442        0.000039468360511
  23585.735222        0.000040381888354
  23629.702003        0.000041433637961
  23673.668784        0.000042615027275
  23717.635564        0.000043781106506
  23761.602345        0.000044705558331
  23805.569126        0.000045422520267
  23849.535906        0.000045939735282
  23893.502687        0.000046437443183
  23937.469468        0.000047140032570
  23981.436248        0.000048101662459
  24025.403029        0.000049296121664
  24069.369809        0.000050735546368
  24113.336590        0.000052344243587
  24157.303371        0.000053869603166
  24201.270151        0.000055204362433
  24245.236932        0.000056551623074
  24289.203713        0.000058089755668
  24333.170493        0.000059688665246
  24377.137274        0.000061253595724
  24421.104055        0.000062595190630
  24465.070835        0.000063765556741
  24509.037616        0.000064851044682
  24553.004397        0.000066052492767
  24596.971177        0.000067731608080
  24640.937958        0.000070242533204
  24684.904739        0.000073417778542
  24728.871519        0.000076454631215
  24772.838300        0.000078735057033
  24816.805081        0.000080349872262
  24860.771861        0.000081160701024
  24904.738642        0.000082047478558
  24948.705423        0.000083593078742
  24992.672203        0.000085440051544
  25036.638984        0.000087343979139
  25080.605765        0.000089261302412
  25124.572545        0.000091361107443
  25168.539326        0.000093740063196
  25212.506106        0.000096504585529
  25256.472887        0.000099866212507
  25300.439668        0.000103973125224
  25344.406448        0.000109103364852
  25388.373229        0.000114889423338
  25432.340010        0.000119632940676
  25476.306790        0.000122555690445
  25520.273571        0.000123339775177
  25564.240352        0.000123516867717
  25608.207132        0.000124811892007
  25652.173913        0.000127151333641
  25696.140694        0.000130194059799
  25740.107474        0.000133902117842
  25784.074255        0.000138612024869
  25828.041036        0.000144391901898
  25872.007816        0.000150314136094
  25915.974597        0.000155996905680
  25959.941378        0.000162376582912
  26003.908158        0.000169433126725
  26047.874939        0.000177074525052
  26091.841720        0.000183232616396
  26135.808500        0.000187248608052
  26179.775281        0.000188695351834
  26223.742062        0.000189187844255
  26267.708842        0.000191094807411
  26311.675623        0.000195542991748
  26355.642404        0.000202625026043
  26399.609184        0.000212642539005
  26443.575965        0.000224666553215
  26487.542745        0.000235180022814
  26531.509526        0.000242244482940
  26575.476307        0.000248966895993
  26619.443087        0.000257362148186
  26663.409868        0.000266046269295
  26707.376649        0.000274888766728
  26751.343429        0.000282947969528
  26795.310210        0.000289475931725
  26839.276991        0.000294893576042
  26883.243771        0.000300766495762
  26927.210552        0.000309837466590
  26971.177333        0.000325923219028
  27015.144113        0.000349550923566
  27059.110894        0.000375056724702
  27103.077675        0.000394638259751
  27147.044455        0.000406143389863
  27191.011236        0.000406002984499
  27234.978017        0.000403334775579
  27278.944797        0.000406900929268
  27322.911578        0.000413959300971
  27366.878359        0.000422636965330
  27410.845139        0.000432729189100
  27454.811920        0.000445046050010
  27498.778701        0.000460170777131
  27542.745481        0.000478394070764
  27586.712262        0.000500422739250
  27630.679043        0.000526069090238
  27674.645823        0.000557343227803
  27718.612604        0.000598126153055
  27762.579384        0.000636925908540
  27806.546165        0.000660525780471
  27850.512946        0.000660259971225
  27894.479726        0.000648248236105
  27938.446507        0.000643425238225
  27982.413288        0.000648698880455
  28026.380068        0.000661661253929
  28070.346849        0.000681932260603
  28114.313630        0.000711060249504
  28158.280410        0.000750088912398
  28202.247191        0.000792969174597
  28246.213972        0.000832980855864
  28290.180752        0.000874922007115
  28334.147533        0.000916532166505
  28378.114314        0.000963959692197
  28422.081094        0.001007463704895
  28466.047875        0.001035719474964
  28510.014656        0.001041114282374
  28553.981436        0.001033178311624
  28597.948217        0.001031674970902
  28641.914998        0.001050162266247
  28685.881778        0.001093173364182
  28729.848559        0.001165019514600
  28773.815340        0.001259014059828
  28817.782120        0.001337416746300
  28861.748901        0.001366970405777
  28905.715681        0.001383950262913
  28949.682462        0.001417399927905
  28993.649243        0.001455516379193
  29037.616023        0.001496108050552
  29081.582804        0.001539479014336
  29125.549585        0.001575034087648
  29169.516365        0.001602805702049
  29213.483146        0.001632390732186
  29257.449927        0.001678875752326
  29301.416707        0.001770809162702
  29345.383488        0.001925789595916
  29389.350269        0.002116407760008
  29433.317049        0.002279931939131
  29477.283830        0.002376747190191
  29521.250611        0.002354892462052
  29565.217391        0.002274499878948
  29609.184172        0.002239687611513
  29653.150953        0.002242291083824
  29697.117733        0.002264965015550
  29741.084514        0.002306512360088
  29785.051295        0.002370133627715
  29829.018075        0.002460180600796
  29872.984856        0.002574356423365
  29916.951637        0.002709648742092
  29960.918417        0.002854838013568
  30004.885198        0.003004482169379
  30048.851979        0.003223463907873
  30092.818759        0.003480322522397
  30136.785540        0.003657279701178
  30180.752320        0.003646436338669
  30224.719101        0.003503506974972
  30268.685882        0.003384810415122
  30312.652662        0.003342977052879
  30356.619443        0.003366469328367
  30400.586224        0.003450759203584
  30444.553004        0.003598466278434
  30488.519785        0.003816336994777
  30532.486566        0.004074451845294
  30576.453346        0.004319026746230
  30620.420127        0.004563505155058
  30664.386908        0.004778699980997
  30708.353688        0.005007933093595
  30752.320469        0.005249860217263
  30796.287250        0.005416619438223
  30840.254030        0.005447652122500
  30884.220811        0.005372697740634
  30928.187592        0.005307378567938
  30972.154372        0.005356712465324
  31016.121153        0.005584354253868
  31060.087934        0.006031483342573
  31104.054714        0.006677371786144
  31148.021495        0.007228857005733
  31191.988276        0.007288646088948
  31235.955056        0.007113982706859
  31279.921837        0.007072515177605
  31323.888617        0.007122068990974
  31367.855398        0.007208585702477
  31411.822179        0.007348264378301
  31455.788959        0.007474809912403
  31499.755740        0.007575187036000
  31543.722521        0.007700120126007
  31587.689301        0.007900439677191
  31631.656082        0.008313792051003
  31675.622863        0.009102646483631
  31719.589643        0.010195162214882
  31763.556424        0.011252707670055
  31807.523205        0.011940809441534
  31851.489985        0.011823145183602
  31895.456766        0.011061357870988
  31939.423547        0.010496288913047
  31983.390327        0.010240440614079
  32027.357108        0.010159714701790
  32071.323889        0.010228648078615
  32115.290669        0.010450785225664
  32159.257450        0.010864288054814
  32203.224231        0.011441498213260
  32247.191011        0.012121541510980
  32291.157792        0.012807444661960
  32335.124573        0.013306608512015
  32379.091353        0.014036684643357
  32423.058134        0.015180660290376
  32467.024915        0.016126717721120
  32510.991695        0.016095983498023
  32554.958476        0.015149845499215
  32598.925256        0.014154587240415
  32642.892037        0.013558337326168
  32686.858818        0.013375439206199
  32730.825598        0.013556863538340
  32774.792379        0.014078053109754
  32818.759160        0.014949652157478
  32862.725940        0.016056525156661
  32906.692721        0.017148969227580
  32950.659502        0.018227260040292
  32994.626282        0.019157421116273
  33038.593063        0.019993891792921
  33082.559844        0.020931057988641
  33126.526624        0.021585181377136
  33170.493405        0.021743396553282
  33214.460186        0.021456209721922
  33258.426966        0.021112767420100
  33302.393747        0.021189039063431
  33346.360528        0.022188375963504
  33390.327308        0.024405680590525
  33434.294089        0.027920677999885
  33478.260870        0.031210435164773
  33522.227650        0.031226493884009
  33566.194431        0.028705943976582
  33610.161212        0.026791959287029
  33654.127992        0.025842850836411
  33698.094773        0.025393515548605
  33742.061553        0.025330464886651
  33786.028334        0.025373652120954
  33829.995115        0.025436239608617
  33873.961895        0.025762715574897
  33917.928676        0.026422010419164
  33961.895457        0.027757253638833
  34005.862237        0.030555330964513
  34049.829018        0.034840159010076
  34093.795799        0.039391878805827
  34137.762579        0.042594861722730
  34181.729360        0.042498889140215
  34225.696141        0.038596741743728
  34269.662921        0.034844820241971
  34313.629702        0.032706977836807
  34357.596483        0.031597599257984
  34401.563263        0.031244768670576
  34445.530044        0.031575393824726
  34489.496825        0.032799716880603
  34533.463605        0.034808438479429
  34577.430386        0.037210989689983
  34621.397167        0.039603191697708
  34665.363947        0.040668337255359
  34709.330728        0.041532393552351
  34753.297509        0.044195888712768
  34797.264289        0.047053100014899
  34841.231070        0.046933706785862
  34885.197851        0.043260370459578
  34929.164631        0.038848469716704
  34973.131412        0.035574190667066
  35017.098192        0.033963150413493
  35061.064973        0.033780144710946
  35105.031754        0.034801091188871
  35148.998534        0.036893146105819
  35192.965315        0.039675584005860
  35236.932096        0.042544003984024
  35280.898876        0.045412138838128
  35324.865657        0.048262364142671
  35368.832438        0.050751497905792
  35412.799218        0.053220629878744
  35456.765999        0.054611986567359
  35500.732780        0.054975447318118
  35544.699560        0.054865499686953
  35588.666341        0.054646991207365
  35632.633122        0.055207983488200
  35676.599902        0.058669483818388
  35720.566683        0.066501713839561
  35764.533464        0.079723625068887
  35808.500244        0.093772001865721
  35852.467025        0.095027246722280
  35896.433806        0.081065914939064
  35940.400586        0.067307510124846
  35984.367367        0.058887924905473
  36028.334148        0.054060389670427
  36072.300928        0.051236546852781
  36116.267709        0.049347916230500
  36160.234489        0.048016384828357
  36204.201270        0.047924459594526
  36248.168051        0.049069360128169
  36292.134831        0.051630079137551
  36336.101612        0.057322751447100
  36380.068393        0.066674561238191
  36424.035173        0.076808320307132
  36468.001954        0.083309359697586
  36511.968735        0.083188744878046
  36555.935515        0.073651166642971
  36599.902296        0.062604115639136
  36643.869077        0.055531401808714
  36687.835857        0.051535281513451
  36731.802638        0.049497572642560
  36775.769419        0.049047193885427
  36819.736199        0.050636886611242
  36863.702980        0.054111034174224
  36907.669761        0.058412723264504
  36951.636541        0.062844514179000
  36995.603322        0.064172031718029
  37039.570103        0.062540594025738
  37083.536883        0.063637055275874
  37127.503664        0.066464459369848
  37171.470445        0.065326254162178
  37215.437225        0.058431343600121
  37259.404006        0.050068461732396
  37303.370787        0.042863767551542
  37347.337567        0.038589375861052
  37391.304348        0.037056237987348
  37435.271128        0.037576162583066
  37479.237909        0.039530666303909
  37523.204690        0.041998554653475
  37567.171470        0.044520165180000
  37611.138251        0.047164159824706
  37655.105032        0.051043797975758
  37699.071812        0.056181048105170
  37743.038593        0.060727317161494
  37787.005374        0.062120434887752
  37830.972154        0.062091142538482
  37874.938935        0.064138744618439
  37918.905716        0.067127587427088
  37962.872496        0.070500207588119
  38006.839277        0.077851765776074
  38050.806058        0.092688682380588
  38094.772838        0.118164083096638
  38138.739619        0.148864799367518
  38182.706400        0.157910075241678
  38226.673180        0.127553275209410
  38270.639961        0.089595139039337
  38314.606742        0.063978903284684
  38358.573522        0.048695252942609
  38402.540303        0.038848329585998
  38446.507084        0.032168352949175
  38490.473864        0.027624110087679
  38534.440645        0.024834049092482
  38578.407426        0.023889145259942
  38622.374206        0.024957215316925
  38666.340987        0.028486979210570
  38710.307767        0.034097807561991
  38754.274548        0.037549017449668
  38798.241329        0.032881831672955
  38842.208109        0.024257157415135
  38886.174890        0.017559810498976
  38930.141671        0.013284178431820
  38974.108451        0.010564950346970
  39018.075232        0.008764845823366
  39062.042013        0.007501695594606
  39106.008793        0.006566874558556
  39149.975574        0.005860253653289
  39193.942355        0.005316936373159
  39237.909135        0.004888098070720
  39281.875916        0.004542494854889
  39325.842697        0.004264094744690
  39369.809477        0.004042943945224
  39413.776258        0.003874071504963
  39457.743039        0.003758781687929
  39501.709819        0.003709266563120
  39545.676600        0.003749495942969
  39589.643381        0.003921605086175
  39633.610161        0.004296276327334
  39677.576942        0.004864755972560
  39721.543723        0.005167690191178
  39765.510503        0.004689508684740
  39809.477284        0.003950455405155
  39853.444064        0.003406294555831
  39897.410845        0.003063679736348
  39941.377626        0.002845604682017
  39985.344406        0.002697013877596
  40029.311187        0.002585864276970
  40073.277968        0.002498308585612
  40117.244748        0.002429576260529
  40161.211529        0.002380065764316
  40205.178310        0.002351123159471
  40249.145090        0.002333572288105
  40293.111871        0.002308685491200
  40337.078652        0.002272099966747
  40381.045432        0.002234796548788
  40425.012213        0.002201248328473
  40468.978994        0.002176416360617
  40512.945774        0.002163998359049
  40556.912555        0.002161891386900
  40600.879336        0.002166062788947
  40644.846116        0.002173284023913
  40688.812897        0.002175908717797
  40732.779678        0.002172827343653
  40776.746458        0.002171146072479
  40820.713239        0.002177582860497
  40864.680020        0.002201884157277
  40908.646800        0.002243291801347
  40952.613581        0.002281763285887
  40996.580362        0.002301612672281
  41040.547142        0.002313727103137
  41084.513923        0.002330394080031
  41128.480703        0.002361149047545
  41172.447484        0.002416320965990
  41216.414265        0.002509477775428
  41260.381045        0.002627941675115
  41304.347826        0.002705141546516
  41348.314607        0.002699321297008
  41392.281387        0.002664892392368
  41436.248168        0.002638355391934
  41480.214949        0.002649753481516
  41524.181729        0.002709557027599
  41568.148510        0.002783182696316
  41612.115291        0.002822303337371
  41656.082071        0.002827305173925
  41700.048852        0.002819918424314
  41744.015633        0.002813144808596
  41787.982413        0.002831235277255
  41831.949194        0.002886266990439
  41875.915975        0.002985291726110
  41919.882755        0.003125699169148
  41963.849536        0.003256441355914
  42007.816317        0.003312289137752
  42051.783097        0.003342380395576
  42095.749878        0.003392415420238
  42139.716659        0.003467730756430
  42183.683439        0.003594975810959
  42227.650220        0.003788398350014
  42271.617000        0.004027059415911
  42315.583781        0.004259515782351
  42359.550562        0.004412872696085
  42403.517342        0.004499180817054
  42447.484123        0.004572153357002
  42491.450904        0.004717460896425
  42535.417684        0.005032823451893
  42579.384465        0.005439070886999
  42623.351246        0.005635829092714
  42667.318026        0.005506024125446
  42711.284807        0.005287614052920
  42755.251588        0.005105728374089
  42799.218368        0.005001850733343
  42843.185149        0.005003572918705
  42887.151930        0.005103082364559
  42931.118710        0.005265384350486
  42975.085491        0.005457326166286
  43019.052272        0.005601541894873
  43063.019052        0.005671782970775
  43106.985833        0.005742539212668
  43150.952614        0.005877637268887
  43194.919394        0.006174220688380
  43238.886175        0.006646196382066
  43282.852956        0.007112474231610
  43326.819736        0.007395942310483
  43370.786517        0.007580298879001
  43414.753298        0.007777799268467
  43458.720078        0.008104795693450
  43502.686859        0.008713710810440
  43546.653639        0.009816441474693
  43590.620420        0.011360854378406
  43634.587201        0.012445204877022
  43678.553981        0.012122909712615
  43722.520762        0.011221053054183
  43766.487543        0.010480363124151
  43810.454323        0.010157576263342
  43854.421104        0.010385181824958
  43898.387885        0.010889543939477
  43942.354665        0.011110782526420
  43986.321446        0.010889103275757
  44030.288227        0.010479889815279
  44074.255007        0.010028567439760
  44118.221788        0.009795734166646
  44162.188569        0.009936803551072
  44206.155349        0.010515806280661
  44250.122130        0.011544400624868
  44294.088911        0.012600564965302
  44338.055691        0.012859709749076
  44382.022472        0.012660126150520
  44425.989253        0.012681752202084
  44469.956033        0.012947816337372
  44513.922814        0.013619334264884
  44557.889595        0.014923736399290
  44601.856375        0.016821601870137
  44645.823156        0.018887808253381
  44689.789936        0.020235411555868
  44733.756717        0.020770204552136
  44777.723498        0.021078232857113
  44821.690278        0.021850478255736
  44865.657059        0.024296522758850
  44909.623840        0.028034317317340
  44953.590620        0.029934154659042
  44997.557401        0.027812328326213
  45041.524182        0.024225266382572
  45085.490962        0.021114610376014
  45129.457743        0.018927665138384
  45173.424524        0.017726211101807
  45217.391304        0.017358977353218
  45261.358085        0.017569066395380
  45305.324866        0.018128338810209
  45349.291646        0.018630616629738
  45393.258427        0.018783023478789
  45437.225208        0.018988380859159
  45481.191988        0.019542571657127
  45525.158769        0.020947459070598
  45569.125550        0.023467774951350
  45613.092330        0.026323953441307
  45657.059111        0.028407867598914
  45701.025892        0.029899080974073
  45744.992672        0.031467626983806
  45788.959453        0.034117056413326
  45832.926234        0.039088261821996
  45876.893014        0.048227923500428
  45920.859795        0.062123575458520
  45964.826575        0.073529582896479
  46008.793356        0.070073884874647
  46052.760137        0.058160031436845
  46096.726917        0.048156925564821
  46140.693698        0.042075401746393
  46184.660479        0.040209990217168
  46228.627259        0.041053218126368
  46272.594040        0.041314128212320
  46316.560821        0.039222102487170
  46360.527601        0.035977187136070
  46404.494382        0.032325157560650
  46448.461163        0.029666721242061
  46492.427943        0.029074340531445
  46536.394724        0.030823336526789
  46580.361505        0.035098188976685
  46624.328285        0.040305701172145
  46668.295066        0.041825044504006
  46712.261847        0.039913765109890
  46756.228627        0.038941489340315
  46800.195408        0.039301808805736
  46844.162189        0.041113056275566
  46888.128969        0.045852200569607
  46932.095750        0.054367878697259
  46976.062531        0.065428463275097
  47020.029311        0.073917758108475
  47063.996092        0.077402704358528
  47107.962872        0.079175717563535
  47151.929653        0.081916062484418
  47195.896434        0.092434129762050
  47239.863214        0.111332002403994
  47283.829995        0.123551956229750
  47327.796776        0.112660215127314
  47371.763556        0.090041487968077
  47415.730337        0.069739925928725
  47459.697118        0.055217225377021
  47503.663898        0.046045998423714
  47547.630679        0.040563206841316
  47591.597460        0.037887573495917
  47635.564240        0.037221386835982
  47679.531021        0.037596267920247
  47723.497802        0.038388428872620
  47767.464582        0.039786303996362
  47811.431363        0.041871620037755
  47855.398144        0.044839952622246
  47899.364924        0.049277621836979
  47943.331705        0.055440022361371
  47987.298486        0.063776778921578
  48031.265266        0.073456195080093
  48075.232047        0.083797031835371
  48119.198828        0.098621423108509
  48163.165608        0.123658812948661
  48207.132389        0.166016277684331
  48251.099170        0.231235438785231
  48295.065950        0.293315648634371
  48339.032731        0.282210743225213
  48382.999511        0.211384771477613
  48426.966292        0.149160835600719
  48470.933073        0.109579392905384
  48514.899853        0.085654080250318
  48558.866634        0.071658387527745
  48602.833415        0.064086194144297
  48646.800195        0.060627335083492
  48690.766976        0.058798146326193
  48734.733757        0.055648370229242
  48778.700537        0.051246744346969
  48822.667318        0.047860392000238
  48866.634099        0.045841459253068
  48910.600879        0.044684022303371
  48954.567660        0.043732916091337
  48998.534441        0.043568677268736
  49042.501221        0.045016485595909
  49086.468002        0.047298278212115
  49130.434783        0.048451641340454
  49174.401563        0.048103183250484
  49218.368344        0.047439584435320
  49262.335125        0.047449220975886
  49306.301905        0.048253048711516
  49350.268686        0.050332780582358
  49394.235467        0.054272151738269
  49438.202247        0.058149754293665
  49482.169028        0.058331232977641
  49526.135809        0.055737471387309
  49570.102589        0.052882073918950
  49614.069370        0.050749403666099
  49658.036150        0.050433083846735
  49702.002931        0.051777946727754
  49745.969712        0.054070094561503
  49789.936492        0.056306750239132
  49833.903273        0.057405248199345
  49877.870054        0.057471396204661
  49921.836834        0.058396521841090
  49965.803615        0.060823568020771
  50009.770396        0.064325314159938
  50053.737176        0.070635976816910
  50097.703957        0.079178114279389
  50141.670738        0.083169238408849
  50185.637518        0.080719090515854
  50229.604299        0.078297436915564
  50273.571080        0.077685321823701
  50317.537860        0.077979924056986
  50361.504641        0.080492286293480
  50405.471422        0.086445301771317
  50449.438202        0.092921923123092
  50493.404983        0.097116275181840
  50537.371764        0.099837957057462
  50581.338544        0.101012660980959
  50625.305325        0.097835610150290
  50669.272106        0.096330642602638
  50713.238886        0.100734783692050
  50757.205667        0.103933083749483
  50801.172447        0.097422049458493
  50845.139228        0.086128829568252
  50889.106009        0.076944327172584
  50933.072789        0.071015378560659
  50977.039570        0.068141599308359
  51021.006351        0.067695798072081
  51064.973131        0.069739193001412
  51108.939912        0.074846874104777
  51152.906693        0.082171362446720
  51196.873473        0.088459448172154
  51240.840254        0.091998424440119
  51284.807035        0.095992623053549
  51328.773815        0.102271343880798
  51372.740596        0.112237840333881
  51416.707377        0.128692478235472
  51460.674157        0.146694186167546
  51504.640938        0.153760666981596
  51548.607719        0.149434493585192
  51592.574499        0.147297630497154
  51636.541280        0.152652886029227
  51680.508061        0.164847903525617
  51724.474841        0.193093269998369
  51768.441622        0.225735336450125
  51812.408403        0.216353428917995
  51856.375183        0.163306300082127
  51900.341964        0.114174017866922
  51944.308745        0.082796054376829
  51988.275525        0.064244394658956
  52032.242306        0.053188429582593
  52076.209086        0.046055836780270
  52120.175867        0.040760098648916
  52164.142648        0.036492695388666
  52208.109428        0.033077432585808
  52252.076209        0.030422412226723
  52296.042990        0.028580896915829
  52340.009770        0.027520420279176
  52383.976551        0.027194710409085
  52427.943332        0.027233383041686
  52471.910112        0.027127200342333
  52515.876893        0.026682635071226
  52559.843674        0.026306336546218
  52603.810454        0.026419583462986
  52647.777235        0.027201838917129
  52691.744016        0.028784125065414
  52735.710796        0.031188021574260
  52779.677577        0.034170831013166
  52823.644358        0.037205114236146
  52867.611138        0.039823017579756
  52911.577919        0.042440926387151
  52955.544700        0.046333191053461
  52999.511480        0.052193564417424
  53043.478261        0.059712984108373
  53087.445042        0.065868145359214
  53131.411822        0.066646631445526
  53175.378603        0.062009950039870
  53219.345383        0.056361111212708
  53263.312164        0.051853831818387
  53307.278945        0.049398706098202
  53351.245725        0.048628846107862
  53395.212506        0.049096993576358
  53439.179287        0.050243211963430
  53483.146067        0.051023451649406
  53527.112848        0.051161406195485
  53571.079629        0.051454962797222
  53615.046409        0.052606355951997
  53659.013190        0.055374996265481
  53702.979971        0.060567609641028
  53746.946751        0.068067980007333
  53790.913532        0.076446166969633
  53834.880313        0.083829427133642
  53878.847093        0.089063628276748
  53922.813874        0.092861314478093
  53966.780655        0.101000091923787
  54010.747435        0.118081517500293
  54054.714216        0.142967121071106
  54098.680997        0.167057851949348
  54142.647777        0.175071678772709
  54186.614558        0.158348483746583
  54230.581339        0.135143141110955
  54274.548119        0.121441060542019
  54318.514900        0.117833175829038
  54362.481681        0.120972938331319
  54406.448461        0.125137152239696
  54450.415242        0.125228333155927
  54494.382022        0.120686969059383
  54538.348803        0.114379156213578
  54582.315584        0.108103613434189
  54626.282364        0.104102482160540
  54670.249145        0.103508744863628
  54714.215926        0.107119768938986
  54758.182706        0.113130953583986
  54802.149487        0.117484341717794
  54846.116268        0.117778612909072
  54890.083048        0.116635524484939
  54934.049829        0.118085346757479
  54978.016610        0.123994317619128
  55021.983390        0.135532267765919
  55065.950171        0.153642761632592
  55109.916952        0.177534408048353
  55153.883732        0.203360948451873
  55197.850513        0.226003500237592
  55241.817294        0.246112376261117
  55285.784074        0.273629163394823
  55329.750855        0.315442402730111
  55373.717636        0.371670224724421
  55417.684416        0.422353995536108
  55461.651197        0.432691176559651
  55505.617978        0.391758350195966
  55549.584758        0.333516998231765
  55593.551539        0.281236277913001
  55637.518319        0.243227629730302
  55681.485100        0.219320831429499
  55725.451881        0.207499196705609
  55769.418661        0.206456993235227
  55813.385442        0.207763227835502
  55857.352223        0.205254305631198
  55901.319003        0.203335320889432
  55945.285784        0.205457551117679
  55989.252565        0.215440632722804
  56033.219345        0.238856061450384
  56077.186126        0.280164211749076
  56121.152907        0.336178446723926
  56165.119687        0.394540107949879
  56209.086468        0.439047385314314
  56253.053249        0.463121530102537
  56297.020029        0.503966724238627
  56340.986810        0.606762927960617
  56384.953591        0.771465965506199
  56428.920371        0.941608045523904
  56472.887152        1.000000000000000
  56516.853933        0.848161950520942
  56560.820713        0.593265829302262
  56604.787494        0.395460753636385
  56648.754275        0.271839199139766
  56692.721055        0.195920509866445
  56736.687836        0.147506457376365
  56780.654617        0.115158364485084
  56824.621397        0.092591805878182
  56868.588178        0.076252851096696
  56912.554958        0.064045240810169
  56956.521739        0.054679074227522
  57000.488520        0.047329249331349
  57044.455300        0.041449470059681
  57088.422081        0.036666891637220
  57132.388862        0.032720165179734
  57176.355642        0.029421732432540
  57220.322423        0.026634157366566
  57264.289204        0.024254849618336
  57308.255984        0.022205953494102
  57352.222765        0.020427501428985
  57396.189546        0.018872680828696
  57440.156326        0.017504500382923
  57484.123107        0.016293402973878
  57528.089888        0.015215531158679
  57572.056668        0.014251449643158
  57616.023449        0.013385191722717
  57659.990230        0.012603537939935
  57703.957010        0.011895463502693
  57747.923791        0.011251710637338
  57791.890572        0.010664455278429
  57835.857352        0.010127045918255
  57879.824133        0.009633797637907
  57923.790914        0.009179827907236
  57967.757694        0.008760923846608
  58011.724475        0.008373433637615
  58055.691255        0.008014177315091
  58099.658036        0.007680373792951
  58143.624817        0.007369581533465
  58187.591597        0.007079650159785
  58231.558378        0.006808680251617
  58275.525159        0.006554989045465
  58319.491939        0.006317080709702
  58363.458720        0.006093620797560
  58407.425501        0.005883414894612
  58451.392281        0.005685391218823
  58495.359062        0.005498586354054
  58539.325843        0.005322132972750
  58583.292623        0.005155248636022
  58627.259404        0.004997225402536
  58671.226185        0.004847420583203
  58715.192965        0.004705249112694
  58759.159746        0.004570177606673
  58803.126527        0.004441719608464
  58847.093307        0.004319431266267
  58891.060088        0.004202906918215
  58935.026869        0.004091774622057
  58978.993649        0.003985692120874
  59022.960430        0.003884343729946
  59066.927211        0.003787438197023
  59110.893991        0.003694707097901
  59154.860772        0.003605903157043
  59198.827553        0.003520798157928
  59242.794333        0.003439180619952
  59286.761114        0.003360853754224
  59330.727894        0.003285634109261
  59374.694675        0.003213350888950
  59418.661456        0.003143845510590
  59462.628236        0.003076970884579
  59506.595017        0.003012590213126
  59550.561798        0.002950575567498
  59594.528578        0.002890806733139
  59638.495359        0.002833170646410
  59682.462140        0.002777561332896
  59726.428920        0.002723879911752
  59770.395701        0.002672034227754
  59814.362482        0.002621938018465
  59858.329262        0.002573509926136
  59902.296043        0.002526672804693
  59946.262824        0.002481353561206
  59990.229604        0.002437483373468
  60034.196385        0.002394997850705
  60078.163166        0.002353836780660
  60122.129946        0.002313943462224
  60166.096727        0.002275263961287
  60210.063508        0.002237746695603
  60254.030288        0.002201342506199
  60297.997069        0.002166004996410
  60341.963850        0.002131690722319
  60385.930630        0.002098358959347
  60429.897411        0.002065971117425
  60473.864191        0.002034490157395
  60517.830972        0.002003880366190
  60561.797753        0.001974107567350
  60605.764533        0.001945139500836
  60649.731314        0.001916945986548
  60693.698095        0.001889498671916
  60737.664875        0.001862770495871
  60781.631656        0.001836735228895
  60825.598437        0.001811367391405
  60869.565217        0.001786642549153
  60913.531998        0.001762537689588
  60957.498779        0.001739031332587
  61001.465559        0.001716103244944
  61045.432340        0.001693733943197
  61089.399121        0.001671904341171
  61133.365901        0.001650595780555
  61177.332682        0.001629790374913
  61221.299463        0.001609471357211
  61265.266243        0.001589623126235
  61309.233024        0.001570230926803
  61353.199805        0.001551280393227
  61397.166585        0.001532757294836
  61441.133366        0.001514647654781
  61485.100147        0.001496938117936
  61529.066927        0.001479616254139
  61573.033708        0.001462670535943
  61617.000489        0.001446089990845
  61660.967269        0.001429863791222
  61704.934050        0.001413981089862
  61748.900830        0.001398431208556
  61792.867611        0.001383204011966
  61836.834392        0.001368290155016
  61880.801172        0.001353680992709
  61924.767953        0.001339368215459
  61968.734734        0.001325343491615
  62012.701514        0.001311598385651
  62056.668295        0.001298124601648
  62100.635076        0.001284914347357
  62144.601856        0.001271960517344
  62188.568637        0.001259256541277
  62232.535418        0.001246796015003
  62276.502198        0.001234572399681
  62320.468979        0.001222579015894
  62364.435760        0.001210809328543
  62408.402540        0.001199257286698
  62452.369321        0.001187917438770
  62496.336102        0.001176784729034
  62540.302882        0.001165854135191
  62584.269663        0.001155120427004
  62628.236444        0.001144578230700
  62672.203224        0.001134222341614
  62716.170005        0.001124048027187
  62760.136786        0.001114051074595
  62804.103566        0.001104227545771
  62848.070347        0.001094573430904
  62892.037128        0.001085084470149
  62936.003908        0.001075756281627
  62979.970689        0.001066584686789
  63023.937469        0.001057565967097
  63067.904250        0.001048696847769
  63111.871031        0.001039974221275
  63155.837811        0.001031394826274
  63199.804592        0.001022955135104
  63243.771373        0.001014651535673
  63287.738153        0.001006480655282
  63331.704934        0.000998439565866
  63375.671715        0.000990525708576
  63419.638495        0.000982736595359
  63463.605276        0.000975069522947
  63507.572057        0.000967521526331
  63551.538837        0.000960089603062
  63595.505618        0.000952771024250
  63639.472399        0.000945563485200
  63683.439179        0.000938464975294
  63727.405960        0.000931473468450
  63771.372741        0.000924586681429
  63815.339521        0.000917802090312
  63859.306302        0.000911117185609
  63903.273083        0.000904529761093
  63947.239863        0.000898038007067
  63991.206644        0.000891640331674
  64035.173425        0.000885335052894
  64079.140205        0.000879120207656
  64123.106986        0.000872993625370
  64167.073766        0.000866953203260
  64211.040547        0.000860997164818
  64255.007328        0.000855124094120
  64298.974108        0.000849332717481
  64342.940889        0.000843621608927
  64386.907670        0.000837989052736
  64430.874450        0.000832433167692
  64474.841231        0.000826952193331
  64518.808012        0.000821544709813
  64562.774792        0.000816209613770
  64606.741573        0.000810945871068
  64650.708354        0.000805752245378
  64694.675134        0.000800627215146
  64738.641915        0.000795569142721
  64782.608696        0.000790576561191
  64826.575476        0.000785648347838
  64870.542257        0.000780783645449
  64914.509038        0.000775981597541
  64958.475818        0.000771241107514
  65002.442599        0.000766560810306
  65046.409380        0.000761939279299
  65090.376160        0.000757375302187
  65134.342941        0.000752868003312
  65178.309722        0.000748416717335
  65222.276502        0.000744020716744
  65266.243283        0.000739679007528
  65310.210064        0.000735390355134
  65354.176844        0.000731153520172
  65398.143625        0.000726967512661
  65442.110405        0.000722831661962
  65486.077186        0.000718745449859
  65530.043967        0.000714708238824
  65574.010747        0.000710719110408
  65617.977528        0.000706776943602
  65661.944309        0.000702880668449
  65705.911089        0.000699029490010
  65749.877870        0.000695222906607
  65793.844651        0.000691460509054
  65837.811431        0.000687741718947
  65881.778212        0.000684065675447
  65925.744993        0.000680431360648
  65969.711773        0.000676837859804
  66013.678554        0.000673284549143
  66057.645335        0.000669771064136
  66101.612115        0.000666297072262
  66145.578896        0.000662862031165
  66189.545677        0.000659465126624
  66233.512457        0.000656105437076
  66277.479238        0.000652782191149
  66321.446019        0.000649494915183
  66365.412799        0.000646243353312
  66409.379580        0.000643027222477
  66453.346361        0.000639845999755
  66497.313141        0.000636698911245
  66541.279922        0.000633585127750
  66585.246702        0.000630504011725
  66629.213483        0.000627455220087
  66673.180264        0.000624438579318
  66717.147044        0.000621453833442
  66761.113825        0.000618500467825
  66805.080606        0.000615577746352
  66849.047386        0.000612684930598
  66893.014167        0.000609821508131
  66936.980948        0.000606987246991
  66980.947728        0.000604182032253
  67024.914509        0.000601405617749
  67068.881290        0.000598657490342
  67112.848070        0.000595936951873
  67156.814851        0.000593243354386
  67200.781632        0.000590576301504
  67244.748412        0.000587935653413
  67288.715193        0.000585321333318
  67332.681974        0.000582733091523
  67376.648754        0.000580170412589
  67420.615535        0.000577632638872
  67464.582316        0.000575119213289
  67508.549096        0.000572629845782
  67552.515877        0.000570164470504
  67596.482658        0.000567723030929
  67640.449438        0.000565305263422
  67684.416219        0.000562910649728
  67728.383000        0.000560538577569
  67772.349780        0.000558188580563
  67816.316561        0.000555860464051
  67860.283341        0.000553554218876
  67904.250122        0.000551269793315
  67948.216903        0.000549006902661
  67992.183683        0.000546765028586
  68036.150464        0.000544543609641
  68080.117245        0.000542342268379
  68124.084025        0.000540160894205
  68168.050806        0.000537999518720
  68212.017587        0.000535858081701
  68255.984367        0.000533736273312
  68299.951148        0.000531633580110
  68343.917929        0.000529549496583
  68387.884709        0.000527483731528
  68431.851490        0.000525436247150
  68475.818271        0.000523407100371
  68519.785051        0.000521396211086
  68563.751832        0.000519403243555
  68607.718613        0.000517427695840
  68651.685393        0.000515469122932
  68695.652174        0.000513527316301
  68739.618955        0.000511602298853
  68783.585735        0.000509694137843
  68827.552516        0.000507802724992
  68871.519297        0.000505927701016
  68915.486077        0.000504068582549
  68959.452858        0.000502224988688
  69003.419638        0.000500396788842
  69047.386419        0.000498584053802
  69091.353200        0.000496786847714
  69135.319980        0.000495005028991
  69179.286761        0.000493238218789
  69223.253542        0.000491485959332
  69267.220322        0.000489747936915
  69311.187103        0.000488024092976
  69355.153884        0.000486314532833
  69399.120664        0.000484619305895
  69443.087445        0.000482938234526
  69487.054226        0.000481270925584
  69531.021006        0.000479616954467
  69574.987787        0.000477976076899
  69618.954568        0.000476348298377
  69662.921348        0.000474733745230
  69706.888129        0.000473132442781
  69750.854910        0.000471544176865
  69794.821690        0.000469968546749
  69838.788471        0.000468405168637
  69882.755252        0.000466853867794
  69926.722032        0.000465314704146
  69970.688813        0.000463787812688
  70014.655594        0.000462273187480
  70058.622374        0.000460770579027
  70102.589155        0.000459279586804
  70146.555936        0.000457799874695
  70190.522716        0.000456331335608
  70234.489497        0.000454874073784
  70278.456277        0.000453428221627
  70322.423058        0.000451993736071
  70366.389839        0.000450570335299
  70410.356619        0.000449157628026
  70454.323400        0.000447755331521
  70498.290181        0.000446363402579
  70542.256961        0.000444981979203
  70586.223742        0.000443611180513
  70630.190523        0.000442250922299
  70674.157303        0.000440900896006
  70718.124084        0.000439560728916
  70762.090865        0.000438230195269
  70806.057645        0.000436909310436
  70850.024426        0.000435598235428
  70893.991207        0.000434297066475
  70937.957987        0.000433005676706
  70981.924768        0.000431723738111
  71025.891549        0.000430450904838
  71069.858329        0.000429187010033
  71113.825110        0.000427932121599
  71157.791891        0.000426686412614
  71201.758671        0.000425449947951
  71245.725452        0.000424222558881
  71289.692233        0.000423003906062
  71333.659013        0.000421793678042
  71377.625794        0.000420591767824
  71421.592574        0.000419398288469
  71465.559355        0.000418213413583
  71509.526136        0.000417037170144
  71553.492916        0.000415869350804
  71597.459697        0.000414709613541
  71641.426478        0.000413557688026
  71685.393258        0.000412413526431
  71729.360039        0.000411277277866
  71773.326820        0.000410149105554
  71817.293600        0.000409028994735
  71861.260381        0.000407916704230
  71905.227162        0.000406811897814
  71949.193942        0.000405714352041
  71993.160723        0.000404624075775
  72037.127504        0.000403541244114
  72081.094284        0.000402466000472
  72125.061065        0.000401398286362
  72169.027846        0.000400337832301
  72212.994626        0.000399284316673
  72256.961407        0.000398237567825
  72300.928188        0.000397197646776
  72344.894968        0.000396164743996
  72388.861749        0.000395138975007
  72432.828530        0.000394120237104
  72476.795310        0.000393108239459
  72520.762091        0.000392102684252
  72564.728872        0.000391103454461
  72608.695652        0.000390110656616
  72652.662433        0.000389124486227
  72696.629213        0.000388145024390
  72740.595994        0.000387172125434
  72784.562775        0.000386205485490
  72828.529555        0.000385244838854
  72872.496336        0.000384290123562
  72916.463117        0.000383341484085
  72960.429897        0.000382399111434
  73004.396678        0.000381463046917
  73048.363459        0.000380533104746
  73092.330239        0.000379608977201
  73136.297020        0.000378690437725
  73180.263801        0.000377777478156
  73224.230581        0.000376870272844
  73268.197362        0.000375968998850
  73312.164143        0.000375073653522
  73356.130923        0.000374184016043
  73400.097704        0.000373299784539
  73444.064485        0.000372420776966
  73488.031265        0.000371547036149
  73531.998046        0.000370678757386
  73575.964827        0.000369816094656
  73619.931607        0.000368958999536
  73663.898388        0.000368107223255
  73707.865169        0.000367260478728
  73751.831949        0.000366418632011
  73795.798730        0.000365581772877
  73839.765511        0.000364750108038
  73883.732291        0.000363923760438
  73927.699072        0.000363102636398
  73971.665852        0.000362286466908
  74015.632633        0.000361474987683
  74059.599414        0.000360668115551
  74103.566194        0.000359865981915
  74147.532975        0.000359068794704
  74191.499756        0.000358276639347
  74235.466536        0.000357489379316
  74279.433317        0.000356706733590
  74323.400098        0.000355928468412
  74367.366878        0.000355154552648
  74411.333659        0.000354385151956
  74455.300440        0.000353620465272
  74499.267220        0.000352860536251
  74543.234001        0.000352105189613
  74587.200782        0.000351354140919
  74631.167562        0.000350607193848
  74675.134343        0.000349864368385
  74719.101124        0.000349125855710
  74763.067904        0.000348391836895
  74807.034685        0.000347662311472
  74851.001466        0.000346937070310
  74894.968246        0.000346215834382
  74938.935027        0.000345498450667
  74982.901808        0.000344784987406
  75026.868588        0.000344075652124
  75070.835369        0.000343370600222
  75114.802149        0.000342669785826
  75158.768930        0.000341972972132
  75202.735711        0.000341279894953
  75246.702491        0.000340590448799
  75290.669272        0.000339904745232
  75334.636053        0.000339222998769
  75378.602833        0.000338545332301
  75422.569614        0.000337871654879
  75466.536395        0.000337201709983
  75510.503175        0.000336535257178
  75554.469956        0.000335872240251
  75598.436737        0.000335212807861
  75642.403517        0.000334557172551
  75686.370298        0.000333905418991
  75730.337079        0.000333257413409
  75774.303859        0.000332612888420
  75818.270640        0.000331971634799
  75862.237421        0.000331333645624
  75906.204201        0.000330699099989
  75950.170982        0.000330068199517
  75994.137763        0.000329440985995
  76038.104543        0.000328817286975
  76082.071324        0.000328196833503
  76126.038105        0.000327579453765
  76170.004885        0.000326965188958
  76213.971666        0.000326354240840
  76257.938447        0.000325746790961
  76301.905227        0.000325142835565
  76345.872008        0.000324542169796
  76389.838788        0.000323944532177
  76433.805569        0.000323349793043
  76477.772350        0.000322758038977
  76521.739130        0.000322169485493
  76565.705911        0.000321584285926
  76609.672692        0.000321002390832
  76653.639472        0.000320423570103
  76697.606253        0.000319847577928
  76741.573034        0.000319274330380
  76785.539814        0.000318703955260
  76829.506595        0.000318136672350
  76873.473376        0.000317572600176
  76917.440156        0.000317011645123
  76961.406937        0.000316453559307
  77005.373718        0.000315898120582
  77049.340498        0.000315345293289
  77093.307279        0.000314795240385
  77137.274060        0.000314248176181
  77181.240840        0.000313704179449
  77225.207621        0.000313163115379
  77269.174402        0.000312624726574
  77313.141182        0.000312088822288
  77357.107963        0.000311555415475
  77401.074744        0.000311024696353
  77445.041524        0.000310496864878
  77489.008305        0.000309971957008
  77532.975085        0.000309449800956
  77576.941866        0.000308930138596
  77620.908647        0.000308412817062
  77664.875427        0.000307897896017
  77708.842208        0.000307385584635
  77752.808989        0.000306876060822
  77796.775769        0.000306369315665
  77840.742550        0.000305865145759
  77884.709331        0.000305363301535
  77928.676111        0.000304863673029
  77972.642892        0.000304366362994
  78016.609673        0.000303871591012
  78060.576453        0.000303379505699
  78104.543234        0.000302890052555
  78148.510015        0.000302403003794
  78192.476795        0.000301918127618
  78236.443576        0.000301435359822
  78280.410357        0.000300954841175
  78324.377137        0.000300476792934
  78368.343918        0.000300001328055
  78412.310699        0.000299528347880
  78456.277479        0.000299057608794
  78500.244260        0.000298588904610
  78544.211041        0.000298122217837
  78588.177821        0.000297657721446
  78632.144602        0.000297195629611
  78676.111383        0.000296736014455
  78720.078163        0.000296278736574
  78764.044944        0.000295823545338
  78808.011724        0.000295370266752
  78851.978505        0.000294918930025
  78895.945286        0.000294469733511
  78939.912066        0.000294022875180
  78983.878847        0.000293578382852
  79027.845628        0.000293136081624
  79071.812408        0.000292695722673
  79115.779189        0.000292257169837
  79159.745970        0.000291820497528
  79203.712750        0.000291385921118
  79247.679531        0.000290953613835
  79291.646312        0.000290523558182
  79335.613092        0.000290095550272
  79379.579873        0.000289669351453
  79423.546654        0.000289244867868
  79467.513434        0.000288822215785
  79511.480215        0.000288401618452
  79555.446996        0.000287983217479
  79599.413776        0.000287566950804
  79643.380557        0.000287152592397
  79687.347338        0.000286739921913
  79731.314118        0.000286328891169
  79775.280899        0.000285919653198
  79819.247680        0.000285512429835
  79863.214460        0.000285107325622
  79907.181241        0.000284704235792
  79951.148021        0.000284302919841
  79995.114802        0.000283903183998
  80039.081583        0.000283505027228
  80083.048363        0.000283108632348
  80127.015144        0.000282714210836
  80170.981925        0.000282321826156
  80214.948705        0.000281931334192
  80258.915486        0.000281542488769
  80302.882267        0.000281155129839
  80346.849047        0.000280769302461
  80390.815828        0.000280385211442
  80434.782609        0.000280003050064
  80478.749389        0.000279622837989
  80522.716170        0.000279244396472
  80566.682951        0.000278867482776
  80610.649731        0.000278491976092
  80654.616512        0.000278117964935
  80698.583293        0.000277745668281
  80742.550073        0.000277375253719
  80786.516854        0.000277006695430
  80830.483635        0.000276639786495
  80874.450415        0.000276274296850
  80918.417196        0.000275910148716
  80962.383977        0.000275547470117
  81006.350757        0.000275186485748
  81050.317538        0.000274827330420
  81094.284319        0.000274469933326
  81138.251099        0.000274114067493
  81182.217880        0.000273759523775
  81226.184660        0.000273406269356
  81270.151441        0.000273054466675
  81314.118222        0.000272704337337
  81358.085002        0.000272355977621
  81402.051783        0.000272009274442
  81446.018564        0.000271663989245
  81489.985344        0.000271319940708
  81533.952125        0.000270977141814
  81577.918906        0.000270635783309
  81621.885686        0.000270296074645
  81665.852467        0.000269958069462
  81709.819248        0.000269621616759
  81753.786028        0.000269286474808
  81797.752809        0.000268952496410
  81841.719590        0.000268619739977
  81885.686370        0.000268288416844
  81929.653151        0.000267958715468
  81973.619932        0.000267630644851
  82017.586712        0.000267304021732
  82061.553493        0.000266978609721
  82105.520274        0.000266654301134
  82149.487054        0.000266331197345
  82193.453835        0.000266009521328
  82237.420616        0.000265689433213
  82281.387396        0.000265370897313
  82325.354177        0.000265053704471
  82369.320957        0.000264737632004
  82413.287738        0.000264422615824
  82457.254519        0.000264108795838
  82501.221299        0.000263796397666
  82545.188080        0.000263485547266
  82589.154861        0.000263176165260
  82633.121641        0.000262868023699
  82677.088422        0.000262560922098
  82721.055203        0.000262254842301
  82765.021983        0.000261949956707
  82808.988764        0.000261646484829
  82852.955545        0.000261344513587
  82896.922325        0.000261043922224
  82940.889106        0.000260744472529
  82984.855887        0.000260445994059
  83028.822667        0.000260148514557
  83072.789448        0.000259852231658
  83116.756229        0.000259557350601
  83160.723009        0.000259263915687
  83204.689790        0.000258971768910
  83248.656571        0.000258680670975
  83292.623351        0.000258390487484
  83336.590132        0.000258101290168
  83380.556913        0.000257813294571
  83424.523693        0.000257526683925
  83468.490474        0.000257241457501
  83512.457255        0.000256957425830
  83556.424035        0.000256674357630
  83600.390816        0.000256392159010
  83644.357596        0.000256110942812
  83688.324377        0.000255830934493
  83732.291158        0.000255552287606
  83776.257938        0.000255274955850
  83820.224719        0.000254998725781
  83864.191500        0.000254723382672
  83908.158280        0.000254448876153
  83952.125061        0.000254175355893
  83996.091842        0.000253903048302
  84040.058622        0.000253632070769
  84084.025403        0.000253362333448
  84127.992184        0.000253093607161
  84171.958964        0.000252825701071
  84215.925745        0.000252558609918
  84259.892526        0.000252292514610
  84303.859306        0.000252027633437
  84347.826087        0.000251764043003
  84391.792868        0.000251501613501
  84435.759648        0.000251240108025
  84479.726429        0.000250979366341
  84523.693210        0.000250719428884
  84567.659990        0.000250460500736
  84611.626771        0.000250202783098
  84655.593552        0.000249946308909
  84699.560332        0.000249690913119
  84743.527113        0.000249436359529
  84787.493894        0.000249182524844
  84831.460674        0.000248929493676
  84875.427455        0.000248677486612
  84919.394235        0.000248426679897
  84963.361016        0.000248177061817
  85007.327797        0.000247928437938
  85051.294577        0.000247680581487
  85095.261358        0.000247433410869
  85139.228139        0.000247187051057
  85183.194919        0.000246941729360
  85227.161700        0.000246697590818
  85271.128481        0.000246454579258
  85315.095261        0.000246212477515
  85359.062042        0.000245971076914
  85403.028823        0.000245730340633
  85446.995603        0.000245490428755
  85490.962384        0.000245251566762
  85534.929165        0.000245013862949
  85578.895945        0.000244777218059
  85622.862726        0.000244541400310
  85666.829507        0.000244306227394
  85710.796287        0.000244071708214
  85754.763068        0.000243838031512
  85798.729849        0.000243605412519
  85842.696629        0.000243373918202
  85886.663410        0.000243143409578
  85930.630191        0.000242913649445
  85974.596971        0.000242684488625
  86018.563752        0.000242455980694
  86062.530532        0.000242228335948
  86106.497313        0.000242001751240
  86150.464094        0.000241776249122
  86194.430874        0.000241551656223
  86238.397655        0.000241327738977
  86282.364436        0.000241104386255
  86326.331216        0.000240881694158
  86370.297997        0.000240659887014
  86414.264778        0.000240439135313
  86458.231558        0.000240219415859
  86502.198339        0.000240000527650
  86546.165120        0.000239782249309
  86590.131900        0.000239564511664
  86634.098681        0.000239347450126
  86678.065462        0.000239131294218
  86722.032242        0.000238916180784
  86765.999023        0.000238702041886
  86809.965804        0.000238488656728
  86853.932584        0.000238275824056
  86897.899365        0.000238063519216
  86941.866146        0.000237851911820
  86985.832926        0.000237641227279
  87029.799707        0.000237431563541
  87073.766488        0.000237222810891
  87117.733268        0.000237014736544
  87161.700049        0.000236807166533
  87205.666830        0.000236600122009
  87249.633610        0.000236393800163
  87293.600391        0.000236188413332
  87337.567171        0.000235984017081
  87381.533952        0.000235780463744
  87425.500733        0.000235577516711
  87469.467513        0.000235375036262
  87513.434294        0.000235173088882
  87557.401075        0.000234971891147
  87601.367855        0.000234771634052
  87645.334636        0.000234572328803
  87689.301417        0.000234373794912
  87733.268197        0.000234175800853
  87777.234978        0.000233978246870
  87821.201759        0.000233781241761
  87865.168539        0.000233585012752
  87909.135320        0.000233389722542
  87953.102101        0.000233195337417
  87997.068881        0.000233001650543
  88041.035662        0.000232808444372
  88085.002443        0.000232615662657
  88128.969223        0.000232423451956
  88172.936004        0.000232232041921
  88216.902785        0.000232041560852
  88260.869565        0.000231851930482
  88304.836346        0.000231662925413
  88348.803127        0.000231474350772
  88392.769907        0.000231286195443
  88436.736688        0.000231098638079
  88480.703468        0.000230911902451
  88524.670249        0.000230726076996
  88568.637030        0.000230541041259
  88612.603810        0.000230356560318
  88656.570591        0.000230172469524
  88700.537372        0.000229988802701
  88744.504152        0.000229805763880
  88788.470933        0.000229623562412
  88832.437714        0.000229442242947
  88876.404494        0.000229261647522
  88920.371275        0.000229081540756
  88964.338056        0.000228901794080
  89008.304836        0.000228722484911
  89052.271617        0.000228543834937
  89096.238398        0.000228366030919
  89140.205178        0.000228189072186
  89184.171959        0.000228012769146
  89228.138740        0.000227836893896
  89272.105520        0.000227661358959
  89316.072301        0.000227486283370
  89360.039082        0.000227311897666
  89404.005862        0.000227138357623
  89447.972643        0.000226965617820
  89491.939424        0.000226793465007
  89535.906204        0.000226621686164
  89579.872985        0.000226450238246
  89623.839766        0.000226279278253
  89667.806546        0.000226109036112
  89711.773327        0.000225939630062
  89755.740107        0.000225770971661
  89799.706888        0.000225602832510
  89843.673669        0.000225435022311
  89887.640449        0.000225267543679
  89931.607230        0.000225100585964
  89975.574011        0.000224934369693
  90019.540791        0.000224768970844
  90063.507572        0.000224604260908
  90107.474353        0.000224440005313
  90151.441133        0.000224276043853
  90195.407914        0.000224112423274
  90239.374695        0.000223949358005
  90283.341475        0.000223787052973
  90327.308256        0.000223625538308
  90371.275037        0.000223464646979
  90415.241817        0.000223304149079
  90459.208598        0.000223143923762
  90503.175379        0.000222984057980
  90547.142159        0.000222824779820
  90591.108940        0.000222666272312
  90635.075721        0.000222508522360
  90679.042501        0.000222351327042
  90723.009282        0.000222194466815
  90766.976063        0.000222037868624
  90810.942843        0.000221881657846
  90854.909624        0.000221726066556
  90898.876404        0.000221571245686
  90942.843185        0.000221417141438
  90986.809966        0.000221263525669
  91030.776746        0.000221110192923
  91074.743527        0.000220957120532
  91118.710308        0.000220804468647
  91162.677088        0.000220652464235
  91206.643869        0.000220501220878
  91250.610650        0.000220350646130
  91294.577430        0.000220200496793
  91338.544211        0.000220050585603
  91382.510992        0.000219900942013
  91426.477772        0.000219751761799
  91470.444553        0.000219603252721
  91514.411334        0.000219455477101
  91558.378114        0.000219308315158
  91602.344895        0.000219161526789
  91646.311676        0.000219014941107
  91690.278456        0.000218868629285
  91734.245237        0.000218722824544
  91778.212018        0.000218577723673
  91822.178798        0.000218433320463
  91866.145579        0.000218289455604
  91910.112360        0.000218145920918
  91954.079140        0.000218002576525
  91998.045921        0.000217859519394
  92042.012702        0.000217716996418
  92085.979482        0.000217575198862
  92129.946263        0.000217434074058
  92173.913043        0.000217293403903
  92217.879824        0.000217153015466
  92261.846605        0.000217012823456
  92305.813385        0.000216872946389
  92349.780166        0.000216733630328
  92393.746947        0.000216595043560
  92437.713727        0.000216457098886
  92481.680508        0.000216319522913
  92525.647289        0.000216182175575
  92569.614069        0.000216045052850
  92613.580850        0.000215908283691
  92657.547631        0.000215772080444
  92701.514411        0.000215636601969
  92745.481192        0.000215501760796
  92789.447973        0.000215367210689
  92833.414753        0.000215232808172
  92877.381534        0.000215098653895
  92921.348315        0.000214964935506
  92965.315095        0.000214831789303
  93009.281876        0.000214699284007
  93053.248657        0.000214567411554
  93097.215437        0.000214435825777
  93141.182218        0.000214304323372
  93185.148999        0.000214173053086
  93229.115779        0.000214042280557
  93273.082560        0.000213912158826
  93317.049340        0.000213782581168
  93361.016121        0.000213653537649
  93404.982902        0.000213524792818
  93448.949682        0.000213396108847
  93492.916463        0.000213267670807
  93536.883244        0.000213139769489
  93580.850024        0.000213012571599
  93624.816805        0.000212885862049
  93668.783586        0.000212759575151
  93712.750366        0.000212633622175
  93756.717147        0.000212507714547
  93800.683928        0.000212381983630
  93844.650708        0.000212256844433
  93888.617489        0.000212132544689
  93932.584270        0.000212008643756
  93976.551050        0.000211884932467
  94020.517831        0.000211761603581
  94064.484612        0.000211638520984
  94108.451392        0.000211515581659
  94152.418173        0.000211392994308
  94196.384954        0.000211271408721
  94240.351734        0.000211150419586
  94284.318515        0.000211029317804
  94328.285296        0.000210908367771
  94372.252076        0.000210787801541
  94416.218857        0.000210667753246
  94460.185638        0.000210547874055
  94504.152418        0.000210428686860
  94548.119199        0.000210310425352
  94592.085979        0.000210192065381
  94636.052760        0.000210073663459
  94680.019541        0.000209955496379
  94723.986321        0.000209838000859
  94767.953102        0.000209720883910
  94811.919883        0.000209604082025
  94855.886663        0.000209488300580
  94899.853444        0.000209372535128
  94943.820225        0.000209256554025
  94987.787005        0.000209140915141
  95031.753786        0.000209026141301
  95075.720567        0.000208911752223
  95119.687347        0.000208797141937
  95163.654128        0.000208683568519
  95207.620909        0.000208570504340
  95251.587689        0.000208456989962
  95295.554470        0.000208343266433
  95339.521251        0.000208230844838
  95383.488031        0.000208119720103
  95427.454812        0.000208007684093
  95471.421593        0.000207895907155
  95515.388373        0.000207785072642
  95559.355154        0.000207674534581
  95603.321935        0.000207563311666
  95647.288715        0.000207452201944
  95691.255496        0.000207343573244
  95735.222277        0.000207234617055
  95779.189057        0.000207125023109
  95823.155838        0.000207016102434
  95867.122618        0.000206907800805
  95911.089399        0.000206799692096
  95955.056180        0.000206690705571
  95999.022960        0.000206584024955
  96042.989741        0.000206477897047
  96086.956522        0.000206370264566
  96130.923302        0.000206263275500
  96174.890083        0.000206157474775
  96218.856864        0.000206052030098
  96262.823644        0.000205944651086
  96306.790425        0.000205839660278
  96350.757206        0.000205737249952
  96394.723986        0.000205632717666
  96438.690767        0.000205526500351
  96482.657548        0.000205421951646
  96526.624328        0.000205321080609
  96570.591109        0.000205216254919
  96614.557890        0.000205110498987
  96658.524670        0.000205009328658
  96702.491451        0.000204909119554
  96746.458232        0.000204807002532
  96790.425012        0.000204701227398
  96834.391793        0.000204602102509
  96878.358574        0.000204503639171
  96922.325354        0.000204399640286
  96966.292135        0.000204298124282
  97010.258915        0.000204197569114
  97054.225696        0.000204099933703
  97098.192477        0.000203997822535
  97142.159257        0.000203897119574
  97186.126038        0.000203802441673
  97230.092819        0.000203702001781
  97274.059599        0.000203603442685
  97318.026380        0.000203505301289
  97361.993161        0.000203407531061
  97405.959941        0.000203307797350
  97449.926722        0.000203207921322
  97493.893503        0.000203116488128
  97537.860283        0.000203019182354
  97581.827064        0.000202919012713
  97625.793845        0.000202823820068
  97669.760625        0.000202733744814
  97713.727406        0.000202636340419
  97757.694187        0.000202532351945
  97801.660967        0.000202441803564
  97845.627748        0.000202352470811
  97889.594529        0.000202255876411
  97933.561309        0.000202152826080
  97977.528090        0.000202063464074
  98021.494871        0.000201980302065
  98065.461651        0.000201876326963
  98109.428432        0.000201780391289
  98153.395213        0.000201691620743
  98197.361993        0.000201605491790
  98241.328774        0.000201508054716
  98285.295554        0.000201406019863
  98329.262335        0.000201328686471
  98373.229116        0.000201233577735
  98417.195896        0.000201135785720
  98461.162677        0.000201045760481
  98505.129458        0.000200957864138
  98549.096238        0.000200870226239
  98593.063019        0.000200766804206
  98637.029800        0.000200690007601
  98680.996580        0.000200606219948
  98724.963361        0.000200505647431
  98768.930142        0.000200414653106
  98812.896922        0.000200330968382
  98856.863703        0.000200250320264
  98900.830484        0.000200137450518
  98944.797264        0.000200054319943
  98988.764045        0.000199987364741
  99032.730826        0.000199899242922
  99076.697606        0.000199802697662
  99120.664387        0.000199704663087
  99164.631168        0.000199650441966
  99208.597948        0.000199544993140
  99252.564729        0.000199435784489
  99296.531510        0.000199365378199
  99340.498290        0.000199284573619
  99384.465071        0.000199215847774
  99428.431851        0.000199097574990
  99472.398632        0.000199029305005
  99516.365413        0.000198963835679
  99560.332193        0.000198847875665
  99604.298974        0.000198775770630
  99648.265755        0.000198678006365
  99692.232535        0.000198607848877
  99736.199316        0.000198519429378
  99780.166097        0.000198427963613
  99824.132877        0.000198373402698
  99868.099658        0.000198261489778
  99912.066439        0.000198185513259
  99956.033219        0.000198117208940
 100000.000000        0.000198031989602
