  10000.000000        1.097321969428388
  10043.966781        1.105171000030625
  10087.933561        1.113054663864200
  10131.900342        1.120975227671275
  10175.867123        1.128937052750185
  10219.833903        1.136942766892960
  10263.800684        1.144991328238886
  10307.767465        1.153079623298911
  10351.734245        1.161205858088416
  10395.701026        1.169371259198074
  10439.667807        1.177578398162125
  10483.634587        1.185828365752547
  10527.601368        1.194119799694814
  10571.568149        1.202451004082039
  10615.534929        1.210822641252962
  10659.501710        1.219237852313445
  10703.468490        1.227699454071651
  10747.435271        1.236206898825379
  10791.402052        1.244756547800042
  10835.368832        1.253345106261310
  10879.335613        1.261973076703594
  10923.302394        1.270644682447816
  10967.269174        1.279364214079261
  11011.235955        1.288132499054790
  11055.202736        1.296946708410136
  11099.169516        1.305803706039273
  11143.136297        1.314703219128608
  11187.103078        1.323647782332340
  11231.069858        1.332639806539708
  11275.036639        1.341679059833781
  11319.003420        1.350763520868652
  11362.970200        1.359892390231944
  11406.936981        1.369067984812904
  11450.903762        1.378294002494741
  11494.870542        1.387571820568451
  11538.837323        1.396898820336171
  11582.804104        1.406270661693015
  11626.770884        1.415685707100097
  11670.737665        1.425146978922452
  11714.704446        1.434659786640160
  11758.671226        1.444227176404566
  11802.638007        1.453847647177876
  11846.604787        1.463517347286817
  11890.571568        1.473234143622268
  11934.538349        1.482999629494340
  11978.505129        1.492817035760897
  12022.471910        1.502687744779049
  12066.438691        1.512610252835155
  12110.405471        1.522582613228498
  12154.372252        1.532605684294892
  12198.339033        1.542683138981076
  12242.305813        1.552818130995140
  12286.272594        1.563009854511132
  12330.239375        1.573253959729001
  12374.206155        1.583546804166622
  12418.172936        1.593889319280404
  12462.139717        1.604286760704708
  12506.106497        1.614744199480693
  12550.073278        1.625262371943005
  12594.040059        1.635837725805718
  12638.006839        1.646466453484968
  12681.973620        1.657148369327576
  12725.940401        1.667886638161300
  12769.907181        1.678684258032603
  12813.873962        1.689541070702791
  12857.840743        1.700454759642979
  12901.807523        1.711424496832616
  12945.774304        1.722452989248138
  12989.741085        1.733544482017727
  13033.707865        1.744700384063009
  13077.674646        1.755917501491676
  13121.641426        1.767190893416614
  13165.608207        1.778518964152130
  13209.574988        1.789905657183621
  13253.541768        1.801357314891425
  13297.508549        1.812877374324737
  13341.475330        1.824463795947175
  13385.442110        1.836111873718066
  13429.408891        1.847819182256091
  13473.375672        1.859587760449164
  13517.342452        1.871421638058318
  13561.309233        1.883322559825263
  13605.276014        1.895288874509198
  13649.242794        1.907318411265225
  13693.209575        1.919412211197750
  13737.176356        1.931574543557942
  13781.143136        1.943808880882970
  13825.109917        1.956114139673381
  13869.076698        1.968485261563542
  13913.043478        1.980918303011602
  13957.010259        1.993414805735939
  14000.977040        2.005981165477708
  14044.943820        2.018623310591714
  14088.910601        2.031341806262710
  14132.877382        2.044132274660960
  14176.844162        2.056990226412937
  14220.810943        2.069915615944460
  14264.777723        2.082912422049412
  14308.744504        2.095984315692980
  14352.711285        2.109131283155353
  14396.678065        2.122350711026188
  14440.644846        2.135641745215919
  14484.611627        2.149007548701919
  14528.578407        2.162452907405929
  14572.545188        2.175979293375668
  14616.511969        2.189582892458401
  14660.478749        2.203258218359015
  14704.445530        2.217003850559387
  14748.412311        2.230824801477964
  14792.379091        2.244728587498163
  14836.345872        2.258718979824828
  14880.312653        2.272793333587410
  14924.279433        2.286945990739660
  14968.246214        2.301174277620226
  15012.212995        2.315480833178603
  15056.179775        2.329870608823337
  15100.146556        2.344345836148155
  15144.113337        2.358904691374915
  15188.080117        2.373544809273004
  15232.046898        2.388267427655417
  15276.013679        2.403077449318516
  15319.980459        2.417978704320830
  15363.947240        2.432969776705259
  15407.914021        2.448044947141443
  15451.880801        2.463200026658781
  15495.847582        2.478437360860212
  15539.814362        2.493764639914047
  15583.781143        2.509188679720299
  15627.747924        2.524709829177887
  15671.714704        2.540322734424244
  15715.681485        2.556022246843108
  15759.648266        2.571808543912844
  15803.615046        2.587686612461684
  15847.581827        2.603660944699633
  15891.548608        2.619731697215389
  15935.515388        2.635896000243042
  15979.482169        2.652152945325069
  16023.448950        2.668506240173746
  16067.415730        2.684961237840455
  16111.382511        2.701519489121548
  16155.349292        2.718176581697376
  16199.316072        2.734926512196178
  16243.282853        2.751768239812387
  16287.249634        2.768708003074626
  16331.216414        2.785754652764417
  16375.183195        2.802912272745328
  16419.149976        2.820177505685305
  16463.116756        2.837543711956951
  16507.083537        2.855008001563559
  16551.050318        2.872573850645725
  16595.017098        2.890247294448311
  16638.983879        2.908031193656485
  16682.950660        2.925923585885223
  16726.917440        2.943921906648841
  16770.884221        2.962027680757653
  16814.851001        2.980246471584586
  16858.817782        2.998582561981126
  16902.784563        3.017034191328583
  16946.751343        3.035595037799945
  16990.718124        3.054260816896494
  17034.684905        3.073034862863791
  17078.651685        3.091926401621121
  17122.618466        3.110943156174386
  17166.585247        3.130085233561539
  17210.552027        3.149346191352822
  17254.518808        3.168720239053644
  17298.485589        3.188207968894184
  17342.452369        3.207815568848591
  17386.419150        3.227548583853003
  17430.385931        3.247407368916035
  17474.352711        3.267388846496783
  17518.319492        3.287492079358342
  17562.286273        3.307721385123609
  17606.253053        3.328082799263631
  17650.219834        3.348577942723288
  17694.186615        3.369201886657095
  17738.153395        3.389948167721579
  17782.120176        3.410816349582975
  17826.086957        3.431814140537615
  17870.053737        3.452951851367647
  17914.020518        3.474233919461562
  17957.987298        3.495656123686416
  18001.954079        3.517210847659183
  18045.920860        3.538895068934861
  18089.887640        3.560713357925889
  18133.854421        3.582673102148294
  18177.821202        3.604777900669657
  18221.787982        3.627025750681921
  18265.754763        3.649413862570360
  18309.721544        3.671944166358470
  18353.688324        3.694622976374134
  18397.655105        3.717455114450070
  18441.621886        3.740438563191059
  18485.588666        3.763566435810394
  18529.555447        3.786834594187818
  18573.522228        3.810247583261049
  18617.489008        3.833816443016306
  18661.455789        3.857549898974493
  18705.422570        3.881447753649305
  18749.389350        3.905502455960951
  18793.356131        3.929707586709167
  18837.322912        3.954064450399593
  18881.289692        3.978580710486621
  18925.256473        4.003263236260706
  18969.223254        4.028112714522414
  19013.190034        4.053125883658359
  19057.156815        4.078301912039045
  19101.123596        4.103645805531276
  19145.090376        4.129164479400829
  19189.057157        4.154859700817216
  19233.023937        4.180726131454615
  19276.990718        4.206757047044578
  19320.957499        4.232952857067461
  19364.924279        4.259323119798848
  19408.891060        4.285879764410775
  19452.857841        4.312627667566481
  19496.824621        4.339561670739295
  19540.791402        4.366673190485784
  19584.758183        4.393959314521367
  19628.724963        4.421426001590637
  19672.691744        4.449082396365751
  19716.658525        4.476932999861164
  19760.625305        4.504975900084156
  19804.592086        4.533208159802760
  19848.558867        4.561632230493234
  19892.525647        4.590255412535819
  19936.492428        4.619083166932108
  19980.459209        4.648113404530221
  20024.425989        4.677338786942698
  20068.392770        4.706755611363132
  20112.359551        4.736370009870837
  20156.326331        4.766195121422913
  20200.293112        4.796240891147891
  20244.259893        4.826506745092518
  20288.226673        4.856984059430986
  20332.193454        4.887665896769803
  20376.160234        4.918554622049768
  20420.127015        4.949659830873443
  20464.093796        4.980990003956293
  20508.060576        5.012546413028302
  20552.027357        5.044325657342627
  20595.994138        5.076327199935084
  20639.960918        5.108556937128301
  20683.927699        5.141022886239057
  20727.894480        5.173727204418208
  20771.861260        5.206664269972896
  20815.828041        5.239827437973232
  20859.794822        5.273218304391280
  20903.761602        5.306848743804306
  20947.728383        5.340732620269730
  20991.695164        5.374875337719394
  21035.661944        5.409270877479257
  21079.628725        5.443909733269328
  21123.595506        5.478789502595936
  21167.562286        5.513917989137378
  21211.529067        5.549306602219017
  21255.495848        5.584961106787979
  21299.462628        5.620879838898134
  21343.429409        5.657059970245657
  21387.396190        5.693504667328351
  21431.362970        5.730222596934097
  21475.329751        5.767220133690315
  21519.296532        5.804495383483675
  21563.263312        5.842040904286356
  21607.230093        5.879853804724794
  21651.196873        5.917942414679665
  21695.163654        5.956322391296926
  21739.130435        5.995005238506302
  21783.097215        6.033990106543063
  21827.063996        6.073267392350605
  21871.030777        6.112830006617456
  21914.997557        6.152681851003140
  21958.964338        6.192835159947292
  22002.931119        6.233300488397220
  22046.897899        6.274080064666769
  22090.864680        6.315170608741383
  22134.831461        6.356572142113899
  22178.798241        6.398291914510478
  22222.765022        6.440339388174188
  22266.731803        6.482717554592177
  22310.698583        6.525420828429314
  22354.665364        6.568443120412678
  22398.632145        6.611787847310393
  22442.598925        6.655469789465722
  22486.565706        6.699505323823985
  22530.532487        6.743900578553901
  22574.499267        6.788648899193150
  22618.466048        6.833740115676155
  22662.432829        6.879172883137077
  22706.399609        6.924957648281456
  22750.366390        6.971108747348330
  22794.333170        7.017633839726007
  22838.299951        7.064531824122348
  22882.266732        7.111800399417411
  22926.233512        7.159443910520675
  22970.200293        7.207472914593298
  23014.167074        7.255895303725533
  23058.133854        7.304709801974284
  23102.100635        7.353909495977415
  23146.067416        7.403492944346482
  23190.034196        7.453471518734959
  23234.000977        7.503864165951980
  23277.967758        7.554684439164471
  23321.934538        7.605931629696520
  23365.901319        7.657595426564719
  23409.868100        7.709669260101899
  23453.834880        7.762159402484091
  23497.801661        7.815081715762019
  23541.768442        7.868449716494095
  23585.735222        7.922267167589046
  23629.702003        7.976531542721165
  23673.668784        8.031243953029895
  23717.635564        8.086413795049577
  23761.602345        8.142052719443514
  23805.569126        8.198165267841835
  23849.535906        8.254746678786354
  23893.502687        8.311792194824086
  23937.469468        8.369308166759216
  23981.436248        8.427313268993585
  24025.403029        8.485827329942516
  24069.369809        8.544857832568919
  24113.336590        8.604397974617390
  24157.303371        8.664437686689313
  24201.270151        8.724977611657625
  24245.236932        8.786032175469682
  24289.203713        8.847619798589346
  24333.170493        8.909751061929036
  24377.137274        8.972426263230501
  24421.104055        9.035644383850807
  24465.070835        9.099411977874849
  24509.037616        9.163742446860551
  24553.004397        9.228646315055759
  24596.971177        9.294123877964763
  24640.937958        9.360169819756610
  24684.904739        9.426785444453792
  24728.871519        9.493986482242704
  24772.838300        9.561796587801085
  24816.805081        9.630232336241251
  24860.771861        9.699294057238490
  24904.738642        9.768971578533879
  24948.705423        9.839260006620338
  24992.672203        9.910169578736971
  25036.638984        9.981721349412011
  25080.605765       10.053933394280724
  25124.572545       10.126812183324276
  25168.539326       10.200357132946859
  25212.506106       10.274571685205400
  25256.472887       10.349468734068775
  25300.439668       10.425063664265883
  25344.406448       10.501363900582767
  25388.373229       10.578367046239020
  25432.340010       10.656071218456523
  25476.306790       10.734487540626121
  25520.273571       10.813640483534193
  25564.240352       10.893554939231878
  25608.207132       10.974241233649039
  25652.173913       11.055693599659037
  25696.140694       11.137903657291870
  25740.107474       11.220875913971554
  25784.074255       11.304630984114343
  25828.041036       11.389193621323386
  25872.007816       11.474579192232666
  25915.974597       11.560791247776766
  25959.941378       11.647831720583509
  26003.908158       11.735711376528290
  26047.874939       11.824448523232009
  26091.841720       11.914058381183590
  26135.808500       12.004544978825713
  26179.775281       12.095906698477924
  26223.742062       12.188150144133161
  26267.708842       12.281297952466385
  26311.675623       12.375381082618588
  26355.642404       12.470421396915208
  26399.609184       12.566422218692313
  26443.575965       12.663375709547164
  26487.542745       12.761281055929787
  26531.509526       12.860155522189601
  26575.476307       12.960028422905005
  26619.443087       13.060925372070017
  26663.409868       13.162858274101312
  26707.376649       13.265830999630097
  26751.343429       13.369852170567496
  26795.310210       13.474941028316346
  26839.276991       13.581119838954715
  26883.243771       13.688401926979125
  26927.210552       13.796790366527622
  26971.177333       13.906289572794860
  27015.144113       14.016918992710995
  27059.110894       14.128712753993488
  27103.077675       14.241704240336432
  27147.044455       14.355909885609933
  27191.011236       14.471328055691247
  27234.978017       14.587955454497157
  27278.944797       14.705804540596533
  27322.911578       14.824906408160652
  27366.878359       14.945296679899272
  27410.845139       15.066999581989641
  27454.811920       15.190025907553425
  27498.778701       15.314384568680328
  27542.745481       15.440094743257323
  27586.712262       15.567184252613279
  27630.679043       15.695677473663899
  27674.645823       15.825586906261707
  27718.612604       15.956919410968153
  27762.579384       16.089692110212223
  27806.546165       16.223940082464370
  27850.512946       16.359706940131645
  27894.479726       16.497025088798384
  27938.446507       16.635905633498528
  27982.413288       16.776348248089771
  28026.380068       16.918361843701629
  28070.346849       17.061977009177216
  28114.313630       17.207238011247668
  28158.280410       17.354184380910109
  28202.247191       17.502839825488341
  28246.213972       17.653218765545475
  28290.180752       17.805341525766693
  28334.147533       17.959240495079225
  28378.114314       18.114951794105224
  28422.081094       18.272501891176628
  28466.047875       18.431906556249949
  28510.014656       18.593184401579876
  28553.981436       18.756371354805616
  28597.948217       18.921519684612775
  28641.914998       19.088679562706449
  28685.881778       19.257881415066706
  28729.848559       19.429135855510339
  28773.815340       19.602453089633510
  28817.782120       19.777863034029103
  28861.748901       19.955417244366050
  28905.715681       20.135172419198121
  28949.682462       20.317171729171964
  28993.649243       20.501443010051403
  29037.616023       20.688012422299405
  29081.582804       20.876918032204824
  29125.549585       21.068208302844212
  29169.516365       21.261928044793066
  29213.483146       21.458109773527990
  29257.449927       21.656780982922811
  29301.416707       21.857981918734158
  29345.383488       22.061773513515270
  29389.350269       22.268225312122329
  29433.317049       22.477393504827784
  29477.283830       22.689310072018841
  29521.250611       22.903995690915366
  29565.217391       23.121483684231073
  29609.184172       23.341833472135718
  29653.150953       23.565120699152160
  29697.117733       23.791415132400349
  29741.084514       24.020768669225628
  29785.051295       24.253222890036049
  29829.018075       24.488826882560300
  29872.984856       24.727644208812404
  29916.951637       24.969743191853901
  29960.918417       25.215182558690994
  30004.885198       25.464010369858915
  30048.851979       25.716280015934782
  30092.818759       25.972065545604547
  30136.785540       26.231459428837208
  30180.752320       26.494551101205090
  30224.719101       26.761407186515591
  30268.685882       27.032073448682965
  30312.652662       27.306597563575668
  30356.619443       27.585052441717078
  30400.586224       27.867537152587428
  30444.553004       28.154157025084466
  30488.519785       28.445002353541085
  30532.486566       28.740146335327356
  30576.453346       29.039661709358640
  30620.420127       29.343635871347598
  30664.386908       29.652169436312686
  30708.353688       29.965360418579156
  30752.320469       30.283294940023406
  30796.287250       30.606056447211291
  30840.254030       30.933745055649290
  30884.220811       31.266485876626096
  30928.187592       31.604413655088436
  30972.154372       31.947647986237108
  31016.121153       32.296282383183474
  31060.087934       32.650400439655321
  31104.054714       33.010104416856457
  31148.021495       33.375529387256627
  31191.988276       33.746831186777690
  31235.955056       34.124160044262240
  31279.921837       34.507647142600874
  31323.888617       34.897414098513316
  31367.855398       35.293593317673995
  31411.822179       35.696336559582875
  31455.788959       36.105803442189426
  31499.755740       36.522146194118527
  31543.722521       36.945509108991203
  31587.689301       37.376046943713973
  31631.656082       37.813941792228242
  31675.622863       38.259398510219505
  31719.589643       38.712620121531536
  31763.556424       39.173785639702238
  31807.523205       39.643054691768668
  31851.489985       40.120595154313428
  31895.456766       40.606609782141135
  31939.423547       41.101336616739005
  31983.390327       41.605024420041744
  32027.357108       42.117908624576138
  32071.323889       42.640209139211741
  32115.290669       43.172150354673562
  32159.257450       43.713978892830845
  32203.224231       44.265961819811714
  32247.191011       44.828369808527306
  32291.157792       45.401467085756146
  32335.124573       45.985523433250556
  32379.091353       46.580835675389373
  32423.058134       47.187735833224480
  32467.024915       47.806572522114195
  32510.991695       48.437682382060494
  32554.958476       49.081380290557583
  32598.925256       49.737979864163151
  32642.892037       50.407828128575218
  32686.858818       51.091321220617282
  32730.825598       51.788889273453997
  32774.792379       52.500965931550574
  32818.759160       53.227972834474315
  32862.725940       53.970332305301902
  32906.692721       54.728491113680548
  32950.659502       55.502931330267252
  32994.626282       56.294158098813575
  33038.593063       57.102683577047017
  33082.559844       57.929028761635287
  33126.526624       58.773744851974385
  33170.493405       59.637432645549559
  33214.460186       60.520735543583186
  33258.426966       61.424311378983589
  33302.393747       62.348809226318032
  33346.360528       63.294878001302820
  33390.327308       64.263202292515828
  33434.294089       65.254533894879600
  33478.260870       66.269692844635941
  33522.227650       67.309538608223505
  33566.194431       68.374943314909146
  33610.161212       69.466791634744382
  33654.127992       70.586005666942995
  33698.094773       71.733568371607760
  33742.061553       72.910523326705132
  33786.028334       74.117959208856192
  33829.995115       75.357002194743686
  33873.961895       76.628833338749473
  33917.928676       77.934715960341137
  33961.895457       79.276005136224512
  34005.862237       80.654128262852737
  34049.829018       82.070555233331305
  34093.795799       83.526794034460735
  34137.762579       85.024422147006959
  34181.729360       86.565132908832865
  34225.696141       88.150759092858678
  34269.662921       89.783258621691800
  34313.629702       91.464684866211499
  34357.596483       93.197174821371931
  34401.563263       94.982971939253844
  34445.530044       96.824462530041416
  34489.496825       98.724197277564500
  34533.463605      100.684888939585591
  34577.430386      102.709406051870531
  34621.397167      104.800789755717148
  34665.363947      106.962291730865729
  34709.330728      109.197409086463495
  34753.297509      111.509889670556731
  34797.264289      113.903715058888196
  34841.231070      116.383095937371081
  34885.197851      118.952507327765773
  34929.164631      121.616758874460515
  34973.131412      124.381059924513352
  35017.098192      127.251049809450109
  35061.064973      130.232797084100753
  35105.031754      133.332804605660613
  35148.998534      136.558052919417719
  35192.965315      139.916077017560951
  35236.932096      143.415048654348396
  35280.898876      147.063838670393636
  35324.865657      150.872070448088067
  35368.832438      154.850193693684474
  35412.799218      159.009594939858090
  35456.765999      163.362730574310717
  35500.732780      167.923249564786545
  35544.699560      172.706100200329843
  35588.666341      177.727647896591094
  35632.633122      183.005848799759207
  35676.599902      188.560495644777319
  35720.566683      194.413510051931297
  35764.533464      200.589244731845355
  35808.500244      207.114783488259405
  35852.467025      214.020277269890045
  35896.433806      221.339367777934456
  35940.400586      229.109729825904878
  35984.367367      237.373727340080222
  36028.334148      246.179167644574250
  36072.300928      255.580173511903496
  36116.267709      265.638226634434261
  36160.234489      276.423453819211204
  36204.201270      288.016204959260335
  36248.168051      300.508959156317133
  36292.134831      314.008622276241510
  36336.101612      328.639340878106282
  36380.068393      344.546030764121497
  36424.035173      361.898852204877130
  36468.001954      380.898892325678162
  36511.968735      401.785371787999395
  36555.935515      424.844837223490117
  36599.902296      450.423041893606978
  36643.869077      478.940528074220083
  36687.835857      510.913331806228598
  36731.802638      546.980791225940152
  36775.769419      587.943331056410216
  36819.736199      634.814519134955049
  36863.702980      688.893949453530581
  36907.669761      751.871097018620503
  36951.636541      825.976113763655917
  36995.603322      914.203333827520964
  37039.570103     1020.650214002092298
  37083.536883     1151.044651998739937
  37127.503664     1313.589061738307009
  37171.470445     1520.354737613968382
  37215.437225     1789.666736375783557
  37259.404006     2150.340159812250022
  37303.370787     2649.509407678330717
  37347.337567     3367.648049046026244
  37391.304348     4448.040218016332801
  37435.271128     6152.680990987925725
  37479.237909     8941.561367813845209
  37523.204690    13381.158215084777112
  37567.171470    18867.297334524238977
  37611.138251    21506.348034573351470
  37655.105032    19506.447322461157455
  37699.071812    15916.684983548824675
  37743.038593    12637.740874213843199
  37787.005374    10209.395879252828308
  37830.972154     8600.004640690705855
  37874.938935     7709.736014953178710
  37918.905716     7577.113939613459479
  37962.872496     8121.885227911859147
  38006.839277     8663.870899334251590
  38050.806058     8433.964981364337291
  38094.772838     7820.040710938595112
  38138.739619     7148.937767027799964
  38182.706400     6550.954421430552429
  38226.673180     6069.351541149896548
  38270.639961     5561.804268343365948
  38314.606742     5152.967603249046988
  38358.573522     4987.185185553209521
  38402.540303     5084.842716229692087
  38446.507084     5420.120220483754565
  38490.473864     6111.420385646857540
  38534.440645     7326.818454058457974
  38578.407426     8893.981908251544155
  38622.374206     9939.634761515722857
  38666.340987     9934.120514161653773
  38710.307767     9590.447494293382988
  38754.274548     9537.817761119744318
  38798.241329     9616.425935657645823
  38842.208109     9436.491444157874867
  38886.174890     9193.358564501022556
  38930.141671     9055.888325278830962
  38974.108451     9247.712497681850436
  39018.075232     9894.640292344693080
  39062.042013    11015.212989263638519
  39106.008793    12816.049340478064551
  39149.975574    15210.963199215579152
  39193.942355    17871.368773201320437
  39237.909135    20280.992049737917114
  39281.875916    21192.013582970495918
  39325.842697    20425.125703050442098
  39369.809477    19064.509902425848850
  39413.776258    17768.937492623106664
  39457.743039    16731.134144836421910
  39501.709819    15997.400680461400043
  39545.676600    15601.896448097853863
  39589.643381    15503.205443882259715
  39633.610161    15613.450336292591601
  39677.576942    15710.041741250575797
  39721.543723    15813.085198041282638
  39765.510503    16345.010883617542277
  39809.477284    17676.685766650040023
  39853.444064    20236.175154442524217
  39897.410845    24123.966773158543219
  39941.377626    27040.860098468343494
  39985.344406    26083.459894572879421
  40029.311187    23001.515182119928795
  40073.277968    20014.949567244730133
  40117.244748    17874.414908801769343
  40161.211529    16701.535825829891110
  40205.178310    16343.677679925087432
  40249.145090    16706.377682719328732
  40293.111871    17525.535218275199441
  40337.078652    18337.202731634031807
  40381.045432    18531.405460366353509
  40425.012213    18260.225285358603287
  40468.978994    17807.307328163959028
  40512.945774    17189.268374521252554
  40556.912555    16576.540689894154639
  40600.879336    15928.454289115306892
  40644.846116    15339.333605703954163
  40688.812897    14990.556451258895322
  40732.779678    14950.702528488474854
  40776.746458    15264.119118190114023
  40820.713239    15920.638489379323801
  40864.680020    16954.256969079633564
  40908.646800    18248.192934259041067
  40952.613581    19091.108253840124235
  40996.580362    18800.488497508667933
  41040.547142    17875.814271144736267
  41084.513923    17112.448289035011840
  41128.480703    16653.627935230961157
  41172.447484    16134.568488611181238
  41216.414265    15548.274931410869613
  41260.381045    15048.853631692467388
  41304.347826    14757.660405118213021
  41348.314607    14785.327869021408333
  41392.281387    15114.008680332881340
  41436.248168    15878.264428269172640
  41480.214949    17139.312600859047961
  41524.181729    18694.451108946337627
  41568.148510    20349.111313868266734
  41612.115291    21272.589207881243055
  41656.082071    20793.519893462122127
  41700.048852    19585.278070281827240
  41744.015633    18362.505852613921888
  41787.982413    17376.038010773718270
  41831.949194    16671.266311662981025
  41875.915975    16252.048532323498875
  41919.882755    16080.100348192967431
  41963.849536    16055.653299496980253
  42007.816317    15994.666562573112969
  42051.783097    15779.087931435866267
  42095.749878    15626.322093674791176
  42139.716659    15743.029627523590534
  42183.683439    16245.660356636644792
  42227.650220    17312.378124588944047
  42271.617000    18480.843012767454638
  42315.583781    18360.031146273660852
  42359.550562    17004.922540458672302
  42403.517342    15514.676514825889171
  42447.484123    14386.369591161330391
  42491.450904    13737.323933697090979
  42535.417684    13509.623060040323253
  42579.384465    13634.974865438492998
  42623.351246    13943.364569682400543
  42667.318026    14193.286929035444700
  42711.284807    14190.639291093004431
  42755.251588    13956.282799836513732
  42799.218368    13658.437623254198115
  42843.185149    13254.704277057006038
  42887.151930    12811.426655865563589
  42931.118710    12367.805151766995550
  42975.085491    11936.244106233107232
  43019.052272    11611.227851945284783
  43063.019052    11425.490073473631128
  43106.985833    11419.274842527334840
  43150.952614    11592.894639141406515
  43194.919394    11919.493257319489203
  43238.886175    12380.571937513715966
  43282.852956    12725.754324516585257
  43326.819736    12571.073136592718583
  43370.786517    11991.132448831454894
  43414.753298    11388.731155866104018
  43458.720078    10952.240864947672890
  43502.686859    10574.754082155079232
  43546.653639    10175.443992620332210
  43590.620420     9822.926165466989914
  43634.587201     9544.163367025226762
  43678.553981     9373.107041971017679
  43722.520762     9297.038074881986176
  43766.487543     9349.429018965927753
  43810.454323     9590.099758821004798
  43854.421104     9965.442219414817373
  43898.387885    10435.718016514170813
  43942.354665    10798.018992659339347
  43986.321446    10664.909750546172290
  44030.288227    10128.854723484051647
  44074.255007     9534.175135378452978
  44118.221788     9036.436435698849891
  44162.188569     8668.636673603727104
  44206.155349     8427.140801768406163
  44250.122130     8299.923131219300558
  44294.088911     8242.835596257136785
  44338.055691     8184.249321486751796
  44382.022472     8049.970519430822605
  44425.989253     7884.175733985391162
  44469.956033     7778.647988322415586
  44513.922814     7751.096651942704739
  44557.889595     7852.317399624662357
  44601.856375     8065.661491101707725
  44645.823156     8066.651176174317698
  44689.789936     7668.630123299672960
  44733.756717     7153.520317695961239
  44777.723498     6727.343053283017070
  44821.690278     6447.725438579292131
  44865.657059     6307.711004230951403
  44909.623840     6284.882874726668888
  44953.590620     6327.574025595668900
  44997.557401     6339.251116556523812
  45041.524182     6267.626751828273882
  45085.490962     6120.931410341824630
  45129.457743     5963.973408146579459
  45173.424524     5787.979813693225879
  45217.391304     5589.118553205276839
  45261.358085     5396.031065655777638
  45305.324866     5207.396519674659430
  45349.291646     5048.163664223746309
  45393.258427     4929.978927514122915
  45437.225208     4863.037060232133626
  45481.191988     4856.880024449270422
  45525.158769     4898.068490901929181
  45569.125550     4983.858267670698297
  45613.092330     5067.999513257285798
  45657.059111     5027.503845615468890
  45701.025892     4829.889506481487842
  45744.992672     4589.210841679281657
  45788.959453     4394.017450928869948
  45832.926234     4240.235198496825433
  45876.893014     4089.337144452133543
  45920.859795     3952.435508238463626
  45964.826575     3836.898429867743289
  46008.793356     3746.296957455163465
  46052.760137     3676.486731271504141
  46096.726917     3630.027488341512253
  46140.693698     3628.433508469380740
  46184.660479     3666.255743029747009
  46228.627259     3733.217059465608600
  46272.594040     3808.190474362162604
  46316.560821     3789.899362955892684
  46360.527601     3642.571745178852780
  46404.494382     3456.808325973371211
  46448.461163     3293.908213506858374
  46492.427943     3169.968236301996058
  46536.394724     3084.490060197541879
  46580.361505     3034.441728627125485
  46624.328285     3008.959104023420878
  46668.295066     2987.658358543946179
  46712.261847     2947.718345785526253
  46756.228627     2889.780202265301796
  46800.195408     2841.205901489532607
  46844.162189     2807.748316776053798
  46888.128969     2793.764903308212524
  46932.095750     2810.285461439603296
  46976.062531     2815.187713135577724
  47020.029311     2742.292691423606357
  47063.996092     2625.759815054648698
  47107.962872     2522.114224046419167
  47151.929653     2452.018585139421248
  47195.896434     2416.693294152816179
  47239.863214     2411.921939929666678
  47283.829995     2428.973411160183332
  47327.796776     2442.927410157597478
  47371.763556     2436.829193854805908
  47415.730337     2414.843607585978134
  47459.697118     2394.389796874482272
  47503.663898     2380.328250555538943
  47547.630679     2366.166135693162232
  47591.597460     2359.952897151340949
  47635.564240     2364.190339661390226
  47679.531021     2383.549469893021069
  47723.497802     2423.733764647088265
  47767.464582     2488.442182077192228
  47811.431363     2585.266621241828489
  47855.398144     2716.867954426687447
  47899.364924     2888.050416167386174
  47943.331705     3104.133396258179800
  47987.298486     3353.754275380764284
  48031.265266     3637.075174755135777
  48075.232047     4001.777736702978927
  48119.198828     4517.911916860553902
  48163.165608     5263.821340241613143
  48207.132389     6352.399987193140987
  48251.099170     7994.645157994154033
  48295.065950    10579.401674274220568
  48339.032731    14812.066424377808289
  48382.999511    21820.527561948176299
  48426.966292    32178.467333582571882
  48470.933073    41188.194893357045657
  48514.899853    40066.304573444460402
  48558.866634    32032.394318496131746
  48602.833415    23603.232271353790566
  48646.800195    17145.469539828001871
  48690.766976    12906.409651276491786
  48734.733757    10419.482212873683238
  48778.700537     9193.927334403648274
  48822.667318     8735.815359412481484
  48866.634099     8496.659131131887989
  48910.600879     8036.450972007314704
  48954.567660     7332.270586252329849
  48998.534441     6638.928191350752968
  49042.501221     6115.126421793657755
  49086.468002     5814.490770263998456
  49130.434783     5727.052482108643744
  49174.401563     5842.625884596523974
  49218.368344     6161.235281049666810
  49262.335125     6708.892989508974097
  49306.301905     7630.027766636800152
  49350.268686     9191.734605607016420
  49394.235467    11844.108271429708111
  49438.202247    15856.873145816318356
  49482.169028    19770.839472152849339
  49526.135809    20513.067194116174505
  49570.102589    18153.994533341825445
  49614.069370    15237.505973952733257
  49658.036150    13247.317251150494485
  49702.002931    12474.553136266948059
  49745.969712    12622.561915940408653
  49789.936492    12471.214126111884980
  49833.903273    11313.452857763009888
  49877.870054     9945.972346873792048
  49921.836834     8820.338180605940579
  49965.803615     8094.679709011420528
  50009.770396     7749.967658008157741
  50053.737176     7689.911334201057798
  50097.703957     7994.263316271371878
  50141.670738     8282.679763777057815
  50185.637518     7834.035334436807716
  50229.604299     6963.283279359860899
  50273.571080     6196.702557106827953
  50317.537860     5747.394163170253705
  50361.504641     5686.207962794635023
  50405.471422     6069.259154099371699
  50449.438202     6920.372990897310046
  50493.404983     7951.016618643857328
  50537.371764     8541.252787373376123
  50581.338544     8529.007312280218684
  50625.305325     8438.216234338053255
  50669.272106     8852.000387589947422
  50713.238886    10182.158259477011597
  50757.205667    12628.716645288148356
  50801.172447    15317.931814262828993
  50845.139228    15727.244874772935873
  50889.106009    13606.858852338942597
  50933.072789    11018.714780372987661
  50977.039570     8973.767235897148566
  51021.006351     7671.291503024811391
  51064.973131     6967.157640002187691
  51108.939912     6671.811768646268320
  51152.906693     6585.943680022450280
  51196.873473     6366.783295196682957
  51240.840254     5912.955131342551795
  51284.807035     5373.900570154442903
  51328.773815     4905.458258714297699
  51372.740596     4591.493328578268120
  51416.707377     4468.942348000366110
  51460.674157     4451.755394565214374
  51504.640938     4454.129293161249734
  51548.607719     4452.983837347588633
  51592.574499     4426.122260797673334
  51636.541280     4451.585717627265694
  51680.508061     4648.117347220849297
  51724.474841     5118.934724913473474
  51768.441622     5977.258557186431062
  51812.408403     7010.993253377940164
  51856.375183     7422.699763272553355
  51900.341964     6875.196155638094751
  51944.308745     5986.234464320341431
  51988.275525     5290.095357898857401
  52032.242306     4948.500641693464786
  52076.209086     4921.588220407174958
  52120.175867     4973.824359691115205
  52164.142648     4774.396833066837644
  52208.109428     4399.708721785067610
  52252.076209     4001.873737676313795
  52296.042990     3673.431504336521357
  52340.009770     3460.152907386968764
  52383.976551     3348.586605282367600
  52427.943332     3350.359073642472140
  52471.910112     3413.553830203815778
  52515.876893     3324.006696167617974
  52559.843674     3065.071186251088420
  52603.810454     2792.943732388229364
  52647.777235     2590.857085521115550
  52691.744016     2493.131756927667993
  52735.710796     2508.915926834738457
  52779.677577     2646.412537998409789
  52823.644358     2866.339515088170629
  52867.611138     3009.850286057079757
  52911.577919     2964.277222273893130
  52955.544700     2817.918520486224224
  52999.511480     2719.754236783745455
  53043.478261     2765.576038326833896
  53087.445042     3000.540913336568792
  53131.411822     3349.607338829780929
  53175.378603     3493.640172901734331
  53219.345383     3236.038731917843506
  53263.312164     2827.061977011746876
  53307.278945     2471.714224490476226
  53351.245725     2231.466874081294463
  53395.212506     2094.935771263252718
  53439.179287     2031.370853523308142
  53483.146067     2010.694894858358793
  53527.112848     1966.769348751651250
  53571.079629     1858.616057310954602
  53615.046409     1721.694159474220214
  53659.013190     1597.432760448755744
  53702.979971     1506.275198128962529
  53746.946751     1459.561885860993243
  53790.913532     1446.048546143186286
  53834.880313     1437.601568694962907
  53878.847093     1422.771119951865103
  53922.813874     1390.599421490286886
  53966.780655     1350.108436292116949
  54010.747435     1327.880326037769009
  54054.714216     1341.689748608726859
  54098.680997     1408.809103052674800
  54142.647777     1521.931995756495098
  54186.614558     1590.393554019725116
  54230.581339     1528.892173590340690
  54274.548119     1391.357389816616433
  54318.514900     1264.691656471145052
  54362.481681     1186.657383349361680
  54406.448461     1158.534035504741951
  54450.415242     1160.265157028561362
  54494.382022     1144.260826649252067
  54538.348803     1094.600808131929625
  54582.315584     1027.473316390678519
  54626.282364      959.170032469705575
  54670.249145      903.761594193972087
  54714.215926      865.280886991592183
  54758.182706      845.053996609262413
  54802.149487      841.553460290712792
  54846.116268      828.757073766882286
  54890.083048      789.435172222002166
  54934.049829      740.752879025388438
  54978.016610      697.342569828718069
  55021.983390      666.943050550091357
  55065.950171      652.230208487130994
  55109.916952      654.054451045808719
  55153.883732      671.182326158371552
  55197.850513      686.401879334123578
  55241.817294      677.628426126926001
  55285.784074      647.765502186195590
  55329.750855      616.390688908841184
  55373.717636      598.277313484142724
  55417.684416      601.124053043704862
  55461.651197      622.381044997965887
  55505.617978      637.393564847985544
  55549.584758      616.634791443938411
  55593.551539      571.673802746771798
  55637.518319      526.300649270031272
  55681.485100      491.112761667764630
  55725.451881      467.445888277053996
  55769.418661      452.978521887903298
  55813.385442      444.957675608494810
  55857.352223      436.934351417393714
  55901.319003      421.013160299923243
  55945.285784      399.452667008445815
  55989.252565      378.130158311063781
  56033.219345      360.544818828862901
  56077.186126      348.578337079782500
  56121.152907      342.242391013198130
  56165.119687      338.114181215300505
  56209.086468      333.460190332916625
  56253.053249      326.100702924675034
  56297.020029      315.750987007784715
  56340.986810      305.628164732139339
  56384.953591      298.602752987456370
  56428.920371      296.550794325867457
  56472.887152      300.407825744500087
  56516.853933      304.220002864310459
  56560.820713      298.068650343643526
  56604.787494      282.572479894625701
  56648.754275      265.851328344333240
  56692.721055      253.043180157997824
  56736.687836      245.344145041727330
  56780.654617      241.827047397700824
  56824.621397      239.047564896315919
  56868.588178      233.496837483192564
  56912.554958      225.216385199704916
  56956.521739      215.437203113441342
  57000.488520      206.020076545647726
  57044.455300      198.168472412207791
  57088.422081      192.344444027997497
  57132.388862      188.822717225656675
  57176.355642      185.870666999312675
  57220.322423      180.860769687176486
  57264.289204      174.263772857872823
  57308.255984      167.516130096440236
  57352.222765      161.616953312487141
  57396.189546      157.162883206144159
  57440.156326      154.341450018173987
  57484.123107      153.270123982129633
  57528.089888      152.931681237925176
  57572.056668      150.981559891453117
  57616.023449      146.677908823625216
  57659.990230      141.489844994241707
  57703.957010      137.004748355690140
  57747.923791      134.181472277021328
  57791.890572      133.262943353618567
  57835.857352      132.986463031313292
  57879.824133      130.867082306877450
  57923.790914      126.452327023351401
  57967.757694      121.337996544064382
  58011.724475      116.668034340880936
  58055.691255      112.873335316732977
  58099.658036      109.954321895049375
  58143.624817      107.784562935808026
  58187.591597      105.964849177933630
  58231.558378      103.680143241744474
  58275.525159      100.762939093042689
  58319.491939       97.678271293844503
  58363.458720       94.836223437265801
  58407.425501       92.481190148226233
  58451.392281       90.739554498158725
  58495.359062       89.426638968241747
  58539.325843       88.202318378541037
  58583.292623       86.768640518564823
  58627.259404       84.941850646992222
  58671.226185       82.930658248606520
  58715.192965       81.075134345983258
  58759.159746       79.588971463112543
  58803.126527       78.634098885611508
  58847.093307       77.986557659869732
  58891.060088       76.922844627803386
  58935.026869       75.134922379238077
  58978.993649       73.063391900330856
  59022.960430       71.165326426699153
  59066.927211       69.641957124340138
  59110.893991       68.505662850135309
  59154.860772       67.617841027365955
  59198.827553       66.677895509378658
  59242.794333       65.529804159847146
  59286.761114       64.177437277073011
  59330.727894       62.751299329601920
  59374.694675       61.401601251243832
  59418.661456       60.219711166036987
  59462.628236       59.262333155752259
  59506.595017       58.470514116188049
  59550.561798       57.628979243576595
  59594.528578       56.652626019775667
  59638.495359       55.609218153249138
  59682.462140       54.579406762967473
  59726.428920       53.641075904844442
  59770.395701       52.836105441491348
  59814.362482       52.188189847869950
  59858.329262       51.665916079243345
  59902.296043       51.107249964003124
  59946.262824       50.386446043429920
  59990.229604       49.554044157766320
  60034.196385       48.731105266481883
  60078.163166       48.008725363395953
  60122.129946       47.436546882164166
  60166.096727       46.979941316869080
  60210.063508       46.496390367831800
  60254.030288       45.879574209075493
  60297.997069       45.175539351068444
  60341.963850       44.462790030041532
  60385.930630       43.794991682073146
  60429.897411       43.194032738135000
  60473.864191       42.665262300660643
  60517.830972       42.193167476177670
  60561.797753       41.723316450999576
  60605.764533       41.214257681429601
  60649.731314       40.681234863922214
  60693.698095       40.155610286605956
  60737.664875       39.663083520510831
  60781.631656       39.222015952542307
  60825.598437       38.832710475712382
  60869.565217       38.471282438442984
  60913.531998       38.107230430170517
  60957.498779       37.714276261087406
  61001.465559       37.295403279695165
  61045.432340       36.877863950531179
  61089.399121       36.484750461033130
  61133.365901       36.132365881727083
  61177.332682       35.819834400841792
  61221.299463       35.510062722743854
  61265.266243       35.166515414897674
  61309.233024       34.797407791087934
  61353.199805       34.429891851456752
  61397.166585       34.083730070682783
  61441.133366       33.766915436173470
  61485.100147       33.478494137432818
  61529.066927       33.204081309656445
  61573.033708       32.925515771797862
  61617.000489       32.633941422641023
  61660.967269       32.332411088225619
  61704.934050       32.032182350818779
  61748.900830       31.743672371579819
  61792.867611       31.474045040407102
  61836.834392       31.224350605273361
  61880.801172       30.983240564714734
  61924.767953       30.738394549852572
  61968.734734       30.488130213473479
  62012.701514       30.236006424972071
  62056.668295       29.988652068715695
  62100.635076       29.751685506917948
  62144.601856       29.528305288690301
  62188.568637       29.318743842629416
  62232.535418       29.115028836915446
  62276.502198       28.906122346470134
  62320.468979       28.690114327744961
  62364.435760       28.473244935170946
  62408.402540       28.262343869417332
  62452.369321       28.062355076062889
  62496.336102       27.874224962519122
  62540.302882       27.692192883339374
  62584.269663       27.507646595328858
  62628.236444       27.318348993749947
  62672.203224       27.127179056201818
  62716.170005       26.938174490554022
  62760.136786       26.754329393951039
  62804.103566       26.577290959049193
  62848.070347       26.407119881120643
  62892.037128       26.241198731841326
  62936.003908       26.075618147827765
  62979.970689       25.909369760439656
  63023.937469       25.743795775677199
  63067.904250       25.580937863665820
  63111.871031       25.422629706236449
  63155.837811       25.269823719331704
  63199.804592       25.121606460755586
  63243.771373       24.975651885618930
  63287.738153       24.829466915071364
  63331.704934       24.682173188194863
  63375.671715       24.535207728986546
  63419.638495       24.390520064679428
  63463.605276       24.249496854360959
  63507.572057       24.112716436642863
  63551.538837       23.978822584169972
  63595.505618       23.845336104485249
  63639.472399       23.711401495694339
  63683.439179       23.577934840921394
  63727.405960       23.446202673770863
  63771.372741       23.317107436434874
  63815.339521       23.191057273180178
  63859.306302       23.067749102150845
  63903.273083       22.946062450958586
  63947.239863       22.824918285605747
  63991.206644       22.703902678403679
  64035.173425       22.583474489549285
  64079.140205       22.464434875397426
  64123.106986       22.347484710685620
  64167.073766       22.232975198625617
  64211.040547       22.120509954638806
  64255.007328       22.009140186036699
  64298.974108       21.898287014780077
  64342.940889       21.787920636348087
  64386.907670       21.678453167750053
  64430.874450       21.570398151181276
  64474.841231       21.464065840232401
  64518.808012       21.359530705110025
  64562.774792       21.256473787645824
  64606.741573       21.154225900846910
  64650.708354       21.052417240696666
  64694.675134       20.951216860194567
  64738.641915       20.850998122890108
  64782.608696       20.752086859833963
  64826.575476       20.654669614856598
  64870.542257       20.558628388245857
  64914.509038       20.463521071602077
  64958.475818       20.368973406680254
  65002.442599       20.274909985149307
  65046.409380       20.181484113759648
  65090.376160       20.088941480222445
  65134.342941       19.997495777892183
  65178.309722       19.907250483087271
  65222.276502       19.818104081137065
  65266.243283       19.729764130764011
  65310.210064       19.642007202758197
  65354.176844       19.554825006287373
  65398.143625       19.468363297525698
  65442.110405       19.382794066836723
  65486.077186       19.298214286070639
  65530.043967       19.214585363876623
  65574.010747       19.131747397088699
  65617.977528       19.049520030024699
  65661.944309       18.967811462364995
  65705.911089       18.886670992234396
  65749.877870       18.806200459193441
  65793.844651       18.726466278054041
  65837.811431       18.647508777006262
  65881.778212       18.569318857024591
  65925.744993       18.491807837315744
  65969.711773       18.414881597191499
  66013.678554       18.338500652782660
  66057.645335       18.262670099929434
  66101.612115       18.187433552525334
  66145.578896       18.112857817028871
  66189.545677       18.038993466788686
  66233.512457       17.965809733138915
  66277.479238       17.893203722675931
  66321.446019       17.821078331590904
  66365.412799       17.749416529862565
  66409.379580       17.678279722940378
  66453.346361       17.607743535164580
  66497.313141       17.537839813152072
  66541.279922       17.468531162080552
  66585.246702       17.399735499287612
  66629.213483       17.331400546143811
  66673.180264       17.263536730258497
  66717.147044       17.196186918946896
  66761.113825       17.129374064711097
  66805.080606       17.063079679798665
  66849.047386       16.997273478983253
  66893.014167       16.931945266283016
  66936.980948       16.867097108048341
  66980.947728       16.802728393426410
  67024.914509       16.738827999743400
  67068.881290       16.675374384116139
  67112.848070       16.612356246546270
  67156.814851       16.549791739945242
  67200.781632       16.487710183299473
  67244.748412       16.426109358797635
  67288.715193       16.364943304013064
  67332.681974       16.304159401932726
  67376.648754       16.243741401487306
  67420.615535       16.183723758978534
  67464.582316       16.124158218155937
  67508.549096       16.065065549621977
  67552.515877       16.006413684260888
  67596.482658       15.948140814736716
  67640.449438       15.890208851964315
  67684.416219       15.832632478470389
  67728.383000       15.775455561920184
  67772.349780       15.718703318268071
  67816.316561       15.662359026014016
  67860.283341       15.606385785354481
  67904.250122       15.550761734385535
  67948.216903       15.495494717634617
  67992.183683       15.440601729318574
  68036.150464       15.386080759867406
  68080.117245       15.331906136042676
  68124.084025       15.278052914871441
  68168.050806       15.224527643889619
  68212.017587       15.171364407971753
  68255.984367       15.118587466980738
  68299.951148       15.066180004713408
  68343.917929       15.014093928262817
  68387.884709       14.962291189716813
  68431.851490       14.910776177420937
  68475.818271       14.859589128774140
  68519.785051       14.808764410934170
  68563.751832       14.758296306715309
  68607.718613       14.708144543399024
  68651.685393       14.658273634809509
  68695.652174       14.608684875211093
  68739.618955       14.559406840295901
  68783.585735       14.510458854796216
  68827.552516       14.461826111732693
  68871.519297       14.413474359238926
  68915.486077       14.365385979029506
  68959.452858       14.317578485323343
  69003.419638       14.270085923193534
  69047.386419       14.222919196150766
  69091.353200       14.176050083685906
  69135.319980       14.129434479146958
  69179.286761       14.083053642475472
  69223.253542       14.036930607786084
  69267.220322       13.991103593796588
  69311.187103       13.945586395429984
  69355.153884       13.900354148143116
  69399.120664       13.855369575033926
  69443.087445       13.810619239963113
  69487.054226       13.766122905637085
  69531.021006       13.721907360017576
  69574.987787       13.677972161901224
  69618.954568       13.634287180367563
  69662.921348       13.590822926284771
  69706.888129       13.547582746030027
  69750.854910       13.504600234298250
  69794.821690       13.461903152821616
  69838.788471       13.419482019001784
  69882.755252       13.377294649535202
  69926.722032       13.335305276685121
  69970.688813       13.293516710466108
  70014.655594       13.251965005378405
  70058.622374       13.210681632260584
  70102.589155       13.169661606568400
  70146.555936       13.128870696446858
  70190.522716       13.088280223281020
  70234.489497       13.047894256709951
  70278.456277       13.007739318026983
  70322.423058       12.967830621763440
  70366.389839       12.928152258126252
  70410.356619       12.888672232109478
  70454.323400       12.849377906160603
  70498.290181       12.810290792263849
  70542.256961       12.771445352233965
  70586.223742       12.732851002024738
  70630.190523       12.694477921569174
  70674.157303       12.656283303864461
  70718.124084       12.618250715652328
  70762.090865       12.580404931620892
  70806.057645       12.542785051404827
  70850.024426       12.505405464833723
  70893.991207       12.468242850627464
  70937.957987       12.431260956753400
  70981.924768       12.394447011506028
  71025.891549       12.357819887148574
  71069.858329       12.321405237938814
  71113.825110       12.285203645507302
  71157.791891       12.249188283045470
  71201.758671       12.213334089858373
  71245.725452       12.177645940791875
  71289.692233       12.142155784380737
  71333.659013       12.106888111342609
  71377.625794       12.071831766871581
  71421.592574       12.036946636457683
  71465.559355       12.002200790300718
  71509.526136       11.967600773958720
  71553.492916       11.933183156249388
  71597.459697       11.898977923047070
  71641.426478       11.864978699205496
  71685.393258       11.831151368049809
  71729.360039       11.797469053440295
  71773.326820       11.763936792114398
  71817.293600       11.730581583814882
  71861.260381       11.697418661277212
  71905.227162       11.664433295124567
  71949.193942       11.631595768476203
  71993.160723       11.598894868373421
  72037.127504       11.566352028374885
  72081.094284       11.533999362502488
  72125.061065       11.501844792097755
  72169.027846       11.469859281220513
  72212.994626       11.438003083019822
  72256.961407       11.406263098439037
  72300.928188       11.374664807720206
  72344.894968       11.343246223094885
  72388.861749       11.312019772592734
  72432.828530       11.280962057009656
  72476.795310       11.250038415114783
  72520.762091       11.219237711802666
  72564.728872       11.188579513141649
  72608.695652       11.158088579525712
  72652.662433       11.127765604883363
  72696.629213       11.097585044423111
  72740.595994       11.067524078544444
  72784.562775       11.037588718610429
  72828.529555       11.007809687603892
  72872.496336       10.978209704818783
  72916.463117       10.948776588876274
  72960.429897       10.919472075018144
  73004.396678       10.890267142179530
  73048.363459       10.861170388671219
  73092.330239       10.832218345312524
  73136.297020       10.803439192651156
  73180.263801       10.774825842266676
  73224.230581       10.746344642503059
  73268.197362       10.717970432883039
  73312.164143       10.689709083642176
  73356.130923       10.661587151498471
  73400.097704       10.633619547570692
  73444.064485       10.605792035500249
  73488.031265       10.578077180238804
  73531.998046       10.550465304486126
  73575.964827       10.522977730132077
  73619.931607       10.495644613502661
  73663.898388       10.468471937091183
  73707.865169       10.441431254586991
  73751.831949       10.414485106974542
  73795.798730       10.387623388688224
  73839.765511       10.360872378496905
  73883.732291       10.334268954891904
  73927.699072       10.307823983423352
  73971.665852       10.281513480528861
  74015.632633       10.255304123166320
  74059.599414       10.229185811798798
  74103.566194       10.203178547819327
  74147.532975       10.177306467767963
  74191.499756       10.151570218662515
  74235.466536       10.125945718227968
  74279.433317       10.100411730690100
  74323.400098       10.074975128148331
  74367.366878       10.049665079211110
  74411.333659       10.024502320212653
  74455.300440        9.999473872835917
  74499.267220        9.974542950242990
  74543.234001        9.949683544420097
  74587.200782        9.924905851494250
  74631.167562        9.900246278228673
  74675.134343        9.875731087594309
  74719.101124        9.851352050004763
  74763.067904        9.827075948938223
  74807.034685        9.802878805225454
  74851.001466        9.778767549920067
  74894.968246        9.754768256367408
  74938.935027        9.730895605565898
  74982.901808        9.707135804042050
  75026.868588        9.683463024476580
  75070.835369        9.659868956315776
  75114.802149        9.636374298251283
  75158.768930        9.613007557502621
  75202.735711        9.589772919702590
  75246.702491        9.566642558095205
  75290.669272        9.543581331299873
  75334.636053        9.520581547879551
  75378.602833        9.497670327125197
  75422.569614        9.474883050162786
  75466.536395        9.452229147710835
  75510.503175        9.429684004187886
  75554.469956        9.407215417064094
  75598.436737        9.384814505495823
  75642.403517        9.362501446136026
  75686.370298        9.340300102430838
  75730.337079        9.318210838211176
  75774.303859        9.296210895600851
  75818.270640        9.274280393946439
  75862.237421        9.252426683017056
  75906.204201        9.230677685891830
  75950.170982        9.209052047706432
  75994.137763        9.187536376256976
  76038.104543        9.166095169489074
  76082.071324        9.144705212199606
  76126.038105        9.123378211462073
  76170.004885        9.102150101605321
  76213.971666        9.081045511968162
  76257.938447        9.060054778037744
  76301.905227        9.039145215219323
  76345.872008        9.018293847871032
  76389.838788        8.997508556888141
  76433.805569        8.976815180661330
  76477.772350        8.956227918943437
  76521.739130        8.935733579390236
  76565.705911        8.915307420237044
  76609.672692        8.894942332951043
  76653.639472        8.874658278797170
  76697.606253        8.854482047119419
  76741.573034        8.834416403785520
  76785.539814        8.814433860299228
  76829.506595        8.794501683516073
  76873.473376        8.774614157111079
  76917.440156        8.754799103471283
  76961.406937        8.735090408349562
  77005.373718        8.715495825281481
  77049.340498        8.695990290116741
  77093.307279        8.676542302279962
  77137.274060        8.657144336150179
  77181.240840        8.637816643406223
  77225.207621        8.618582855899467
  77269.174402        8.599443164631388
  77313.141182        8.580375676344367
  77357.107963        8.561361846226930
  77401.074744        8.542409035476743
  77445.041524        8.523544101852458
  77489.008305        8.504783719745516
  77532.975085        8.486114133707712
  77576.941866        8.467501303444838
  77620.908647        8.448924347770308
  77664.875427        8.430396559239963
  77708.842208        8.411953078713607
  77752.808989        8.393617007234079
  77796.775769        8.375377287307204
  77840.742550        8.357201585778926
  77884.709331        8.339068143921370
  77928.676111        8.320985537608827
  77972.642892        8.302979711185607
  78016.609673        8.285064279002198
  78060.576453        8.267226611327926
  78104.543234        8.249442950612977
  78148.510015        8.231706991870217
  78192.476795        8.214038198263903
  78236.443576        8.196461515817493
  78280.410357        8.178978698165004
  78324.377137        8.161562586593337
  78368.343918        8.144182739934198
  78412.310699        8.126835409304856
  78456.277479        8.109548744083416
  78500.244260        8.092355381451634
  78544.211041        8.075261170566474
  78588.177821        8.058240748517237
  78632.144602        8.041263257945916
  78676.111383        8.024322421474627
  78720.078163        8.007438835552829
  78764.044944        7.990635690560031
  78808.011724        7.973913229052313
  78851.978505        7.957250037232226
  78895.945286        7.940628753805324
  78939.912066        7.924056652127573
  78983.878847        7.907559398886542
  79027.845628        7.891152102555784
  79071.812408        7.874820478026329
  79115.779189        7.858532126789997
  79159.745970        7.842268164064861
  79203.712750        7.826043279912567
  79247.679531        7.809891817363972
  79291.646312        7.793835105427211
  79335.613092        7.777860943625063
  79379.579873        7.761937033479780
  79423.546654        7.746042962397096
  79467.513434        7.730187912596898
  79511.480215        7.714397921369226
  79555.446996        7.698686189186417
  79599.413776        7.683040277153383
  79643.380557        7.667437451230013
  79687.347338        7.651871770219731
  79731.314118        7.636362278809745
  79775.280899        7.620932186491739
  79819.247680        7.605582283059448
  79863.214460        7.590286016122453
  79907.181241        7.575014865808371
  79951.148021        7.559767116599237
  79995.114802        7.544570916117711
  80039.081583        7.529457682899472
  80083.048363        7.514431450666165
  80127.015144        7.499466410641747
  80170.981925        7.484532604410311
  80214.948705        7.469624756070605
  80258.915486        7.454764089763788
  80302.882267        7.439973290730060
  80346.849047        7.425252638302022
  80390.815828        7.410581197358155
  80434.782609        7.395942408689429
  80478.749389        7.381343653982160
  80522.716170        7.366809252493804
  80566.682951        7.352353114302832
  80610.649731        7.337960517312537
  80654.616512        7.323600649749920
  80698.583293        7.309256688214534
  80742.550073        7.294944336354070
  80786.516854        7.280697340715400
  80830.483635        7.266535061690953
  80874.450415        7.252444315114140
  80918.417196        7.238392870414405
  80962.383977        7.224361553339969
  81006.350757        7.210360425197845
  81050.317538        7.196415417934217
  81094.284319        7.182539569298805
  81138.251099        7.168720360158331
  81182.217880        7.154935947431714
  81226.184660        7.141180680554722
  81270.151441        7.127472997721978
  81314.118222        7.113834755074487
  81358.085002        7.100265672679303
  81402.051783        7.086740047551702
  81446.018564        7.073231055248060
  81489.985344        7.059738805752966
  81533.952125        7.046291432575195
  81577.918906        7.032918858775772
  81621.885686        7.019623569198305
  81665.852467        7.006379071567038
  81709.819248        6.993156438521295
  81753.786028        6.979951334823867
  81797.752809        6.966785544044044
  81841.719590        6.953681441213352
  81885.686370        6.940639023692271
  81929.653151        6.927637918902355
  81973.619932        6.914661975260558
  82017.586712        6.901718679110200
  82061.553493        6.888831079968592
  82105.520274        6.876011899147064
  82149.487054        6.863246313552573
  82193.453835        6.850504808812518
  82237.420616        6.837772698404884
  82281.387396        6.825066378218982
  82325.354177        6.812418940606922
  82369.320957        6.799847871307527
  82413.287738        6.787338859149409
  82457.254519        6.774860029822111
  82501.221299        6.762393224751065
  82545.188080        6.749949614370058
  82589.154861        6.737554978687426
  82633.121641        6.725222163516610
  82677.088422        6.712938639098513
  82721.055203        6.700683096181380
  82765.021983        6.688450342670578
  82808.988764        6.676258024199348
  82852.955545        6.664126943885912
  82896.922325        6.652055902470071
  82940.889106        6.640020028502057
  82984.855887        6.627994330039868
  83028.822667        6.615980368916725
  83072.789448        6.604006418190772
  83116.756229        6.592100715211816
  83160.723009        6.580264333272222
  83204.689790        6.568470200656857
  83248.656571        6.556690320193388
  83292.623351        6.544921578235319
  83336.590132        6.533186123444692
  83380.556913        6.521506267242430
  83424.523693        6.509881541460111
  83468.490474        6.498292024072779
  83512.457255        6.486721936583409
  83556.424035        6.475178635063324
  83600.390816        6.463684244074019
  83644.357596        6.452250218241428
  83688.324377        6.440861910703664
  83732.291158        6.429490989953798
  83776.257938        6.418124703753314
  83820.224719        6.406780130525457
  83864.191500        6.395489392908915
  83908.158280        6.384268351865865
  83952.125061        6.373101391253606
  83996.091842        6.361957133495927
  84040.058622        6.350818422146981
  84084.025403        6.339697426019931
  84127.992184        6.328619971400420
  84171.958964        6.317598421384981
  84215.925745        6.306620349564582
  84259.892526        6.295664643389503
  84303.859306        6.284726510148976
  84347.826087        6.273822857482270
  84391.792868        6.262973387876630
  84435.759648        6.252176340554076
  84479.726429        6.241407456833055
  84523.693210        6.230643674432653
  84567.659990        6.219887715182063
  84611.626771        6.209167856323348
  84655.593552        6.198510725852158
  84699.560332        6.187915822748358
  84743.527113        6.177355801547598
  84787.493894        6.166803409740236
  84831.460674        6.156256945627777
  84875.427455        6.145738887949760
  84919.394235        6.135271421721757
  84963.361016        6.124853724468935
  85007.327797        6.114465990026293
  85051.294577        6.104092964448624
  85095.261358        6.093741673081367
  85139.228139        6.083433537589472
  85183.194919        6.073178922575044
  85227.161700        6.062963353789564
  85271.128481        6.052759883174808
  85315.095261        6.042557346515801
  85359.062042        6.032373620097262
  85403.028823        6.022239662940419
  85446.995603        6.012169803098427
  85490.962384        6.002147272212320
  85534.929165        5.992141098117294
  85578.895945        5.982135419987156
  85622.862726        5.972143219072174
  85666.829507        5.962190592123412
  85710.796287        5.952289301227619
  85754.763068        5.942426922680409
  85798.729849        5.932582554912563
  85842.696629        5.922751541596115
  85886.663410        5.912950353214272
  85930.630191        5.903197522553064
  85974.596971        5.893491012472384
  86018.563752        5.883807162954845
  86062.530532        5.874124661007513
  86106.497313        5.864447401309983
  86150.464094        5.854803317322268
  86194.430874        5.845217641219179
  86238.397655        5.835688157705978
  86282.364436        5.826187392148349
  86326.331216        5.816688881596670
  86370.297997        5.807192203368329
  86414.264778        5.797720363344884
  86458.231558        5.788295142484971
  86502.198339        5.778915490334916
  86546.165120        5.769561442972660
  86590.131900        5.760218179065528
  86634.098681        5.750892436802050
  86678.065462        5.741604830130939
  86722.032242        5.732364986634831
  86765.999023        5.723158439913075
  86809.965804        5.713959746374569
  86853.932584        5.704759089126596
  86897.899365        5.695574949032962
  86941.866146        5.686437172273140
  86985.832926        5.677358356459647
  87029.799707        5.668320884610853
  87073.766488        5.659294044373204
  87117.733268        5.650263436574855
  87161.700049        5.641242837025588
  87205.666830        5.632258509850190
  87249.633610        5.623321746048403
  87293.600391        5.614419807999851
  87337.567171        5.605532143694089
  87381.533952        5.596654032082603
  87425.500733        5.587801654931701
  87469.467513        5.578992557024517
  87513.434294        5.570224416205753
  87557.401075        5.561474421248705
  87601.367855        5.552722701384717
  87645.334636        5.543974410195005
  87689.301417        5.535256940728789
  87733.268197        5.526594161670672
  87777.234978        5.517982322798096
  87821.201759        5.509393735543508
  87865.168539        5.500803036014599
  87909.135320        5.492210911041998
  87953.102101        5.483641087850235
  87997.068881        5.475114869465421
  88041.035662        5.466630878957548
  88085.002443        5.458169055546806
  88128.969223        5.449714737910750
  88172.936004        5.441274639966721
  88216.902785        5.432868495290876
  88260.869565        5.424505463305457
  88304.836346        5.416171154884514
  88348.803127        5.407841483404569
  88392.769907        5.399508028109135
  88436.736688        5.391189510393858
  88480.703468        5.382914832624479
  88524.670249        5.374694741155984
  88568.637030        5.366510907764317
  88612.603810        5.358332987316086
  88656.570591        5.350147907101059
  88700.537372        5.341970437560055
  88744.504152        5.333826739844778
  88788.470933        5.325727756151164
  88832.437714        5.317660220413858
  88876.404494        5.309603822156999
  88920.371275        5.301553826161016
  88964.338056        5.293525970635573
  89008.304836        5.285537143484000
  89052.271617        5.277584608825755
  89096.238398        5.269646544576256
  89140.205178        5.261704346215647
  89184.171959        5.253764199273800
  89228.138740        5.245852988279367
  89272.105520        5.237992977667353
  89316.072301        5.230179163730627
  89360.039082        5.222383533777244
  89404.005862        5.214581973716081
  89447.972643        5.206776291471607
  89491.939424        5.198990795053572
  89535.906204        5.191246444939971
  89579.872985        5.183541229471405
  89623.839766        5.175855116963387
  89667.806546        5.168173416560006
  89711.773327        5.160502900226147
  89755.740107        5.152862600094996
  89799.706888        5.145261178456876
  89843.673669        5.137684605105112
  89887.640449        5.130109885678531
  89931.607230        5.122530064745471
  89975.574011        5.114963911478001
  90019.540791        5.107439351659480
  90063.507572        5.099965465301863
  90107.474353        5.092523126049239
  90151.441133        5.085082681050810
  90195.407914        5.077632238573507
  90239.374695        5.070187728671989
  90283.341475        5.062775166702203
  90327.308256        5.055405037306389
  90371.275037        5.048063645006708
  90415.241817        5.040730651088095
  90459.208598        5.033401537970622
  90503.175379        5.026091525019390
  90547.142159        5.018817078881924
  90591.108940        5.011575183001531
  90635.075721        5.004344887060878
  90679.042501        4.997108947241364
  90723.009282        4.989874220488399
  90766.976063        4.982667204558608
  90810.942843        4.975508446707745
  90854.909624        4.968391805798800
  90898.876404        4.961289111371831
  90942.843185        4.954177375366468
  90986.809966        4.947059737475858
  91030.776746        4.939960827777234
  91074.743527        4.932901368333193
  91118.710308        4.925878548868029
  91162.677088        4.918872249253272
  91206.643869        4.911867819671597
  91250.610650        4.904871901911374
  91294.577430        4.897903129069763
  91338.544211        4.890969560184377
  91382.510992        4.884057673240635
  91426.477772        4.877145459980789
  91470.444553        4.870227190939583
  91514.411334        4.863321707140679
  91558.378114        4.856455675592334
  91602.344895        4.849636756016527
  91646.311676        4.842844941455243
  91690.278456        4.836051407521593
  91734.245237        4.829245494250884
  91778.212018        4.822444123902907
  91822.178798        4.815673301216133
  91866.145579        4.808942747195123
  91910.112360        4.802238446048276
  91954.079140        4.795539860335730
  91998.045921        4.788842716486507
  92042.012702        4.782161887182445
  92085.979482        4.775513360094745
  92129.946263        4.768894135049652
  92173.913043        4.762283909896119
  92217.879824        4.755666862333443
  92261.846605        4.749050340870562
  92305.813385        4.742460361189455
  92349.780166        4.735915927811583
  92393.746947        4.729409663991082
  92437.713727        4.722913570910428
  92481.680508        4.716405675343400
  92525.647289        4.709890587247221
  92569.614069        4.703393241048158
  92613.580850        4.696933991342896
  92657.547631        4.690509356262940
  92701.514411        4.684098865650493
  92745.481192        4.677688117927740
  92789.447973        4.671283549509285
  92833.414753        4.664903585848426
  92877.381534        4.658555860547208
  92921.348315        4.652227265066705
  92965.315095        4.645896920641593
  93009.281876        4.639559982911003
  93053.248657        4.633235446741522
  93097.215437        4.626948607554274
  93141.182218        4.620705784009821
  93185.148999        4.614486300624112
  93229.115779        4.608262059593169
  93273.082560        4.602023864855479
  93317.049340        4.595789390517218
  93361.016121        4.589584710465661
  93404.982902        4.583418657859811
  93448.949682        4.577276768833181
  93492.916463        4.571138404649160
  93536.883244        4.564999331122346
  93580.850024        4.558874349846374
  93624.816805        4.552778880706608
  93668.783586        4.546710082385669
  93712.750366        4.540648263276206
  93756.717147        4.534578785074961
  93800.683928        4.528509518512221
  93844.650708        4.522465685209021
  93888.617489        4.516464948051260
  93932.584270        4.510498628270100
  93976.551050        4.504539020596949
  94020.517831        4.498565261363413
  94064.484612        4.492583251603720
  94108.451392        4.486618363323839
  94152.418173        4.480690279488748
  94196.384954        4.474794928948267
  94240.351734        4.468911344061028
  94284.318515        4.463025352167199
  94328.285296        4.457143352745504
  94372.252076        4.451283475927033
  94416.218857        4.445453225735769
  94460.185638        4.439639722172038
  94504.152418        4.433823269276458
  94548.119199        4.427999753271949
  94592.085979        4.422188170503654
  94636.052760        4.416412602067920
  94680.019541        4.410677906042647
  94723.986321        4.404963061609565
  94767.953102        4.399240620967424
  94811.919883        4.393502968438142
  94855.886663        4.387768539080097
  94899.853444        4.382063319809003
  94943.820225        4.376395396067246
  94987.787005        4.370749605380714
  95031.753786        4.365105394205814
  95075.720567        4.359458499994343
  95119.687347        4.353823795006650
  95163.654128        4.348216333540744
  95207.620909        4.342633353903110
  95251.587689        4.337055962037267
  95295.554470        4.331470396889122
  95339.521251        4.325885102293469
  95383.488031        4.320324392270233
  95427.454812        4.314804621355581
  95471.421593        4.309316048979335
  95515.388373        4.303831183034906
  95559.355154        4.298330526693293
  95603.321935        4.292821063746199
  95647.288715        4.287328658524862
  95691.255496        4.281872228577815
  95735.222277        4.276446972370123
  95779.189057        4.271031548231452
  95823.155838        4.265611807177209
  95867.122618        4.260194364436318
  95911.089399        4.254796979908542
  95955.056180        4.249427156972684
  95999.022960        4.244072265311167
  96042.989741        4.238713567238438
  96086.956522        4.233347724974593
  96130.923302        4.227993410920845
  96174.890083        4.222673644703798
  96218.856864        4.217391766111331
  96262.823644        4.212126511750656
  96306.790425        4.206851223541307
  96350.757206        4.201559688715498
  96394.723986        4.196271237430452
  96438.690767        4.191011469871714
  96482.657548        4.185787776633417
  96526.624328        4.180584169023776
  96570.591109        4.175380121063982
  96614.557890        4.170171509921118
  96658.524670        4.164973165223046
  96702.491451        4.159800063194665
  96746.458232        4.154649367428200
  96790.425012        4.149503027359885
  96834.391793        4.144348035775733
  96878.358574        4.139193212625089
  96922.325354        4.134062100234528
  96966.292135        4.128969595271353
  97010.258915        4.123905202743772
  97054.225696        4.118841601747040
  97098.192477        4.113760762690656
  97142.159257        4.108670786092266
  97186.126038        4.103597846378539
  97230.092819        4.098560236193631
  97274.059599        4.093552179439098
  97318.026380        4.088552127790533
  97361.993161        4.083545901189620
  97405.959941        4.078540426051312
  97449.926722        4.073553308541837
  97493.893503        4.068591972657742
  97537.860283        4.063644256697471
  97581.827064        4.058692115855380
  97625.793845        4.053733020583005
  97669.760625        4.048785210883173
  97713.727406        4.043870624405858
  97757.694187        4.038991334654785
  97801.660967        4.034125769778534
  97845.627748        4.029248344053189
  97889.594529        4.024354081795606
  97933.561309        4.019463243170988
  97977.528090        4.014600972681587
  98021.494871        4.009773805641857
  98065.461651        4.004965071732028
  98109.428432        4.000154075471604
  98153.395213        3.995337070881621
  98197.361993        3.990528788201694
  98241.328774        3.985744230809958
  98285.295554        3.980980557635347
  98329.262335        3.976220352307632
  98373.229116        3.971451432770717
  98417.195896        3.966682670787014
  98461.162677        3.961936945253456
  98505.129458        3.957227642841282
  98549.096238        3.952543588259370
  98593.063019        3.947857811603939
  98637.029800        3.943153585055676
  98680.996580        3.938440270020759
  98724.963361        3.933744061670033
  98768.930142        3.929082647886642
  98812.896922        3.924449169992938
  98856.863703        3.919821781129862
  98900.830484        3.915186440579924
  98944.797264        3.910550253055456
  98988.764045        3.905930942027575
  99032.730826        3.901335726236547
  99076.697606        3.896752949916184
  99120.664387        3.892165174555635
  99164.631168        3.887570447908508
  99208.597948        3.882986691020997
  99252.564729        3.878434580678904
  99296.531510        3.873915202740959
  99340.498290        3.869406663295368
  99384.465071        3.864884537038667
  99428.431851        3.860345148482367
  99472.398632        3.855809483126703
  99516.365413        3.851302363498780
  99560.332193        3.846829226085617
  99604.298974        3.842372862113460
  99648.265755        3.837912369652090
  99692.232535        3.833444433088707
  99736.199316        3.828983905671911
  99780.166097        3.824545732597597
  99824.132877        3.820127307123037
  99868.099658        3.815711625203126
  99912.066439        3.811287348629223
  99956.033219        3.806863303482948
 100000.000000        3.802461631222384
