  10000.000000        0.000001701379425
  10043.966781        0.000001729994593
  10087.933561        0.000001759003403
  10131.900342        0.000001788407477
  10175.867123        0.000001818210672
  10219.833903        0.000001848420152
  10263.800684        0.000001879043229
  10307.767465        0.000001910084250
  10351.734245        0.000001941544737
  10395.701026        0.000001973426174
  10439.667807        0.000002005733607
  10483.634587        0.000002038476437
  10527.601368        0.000002071664407
  10571.568149        0.000002105303093
  10615.534929        0.000002139393338
  10659.501710        0.000002173935729
  10703.468490        0.000002208934991
  10747.435271        0.000002244399495
  10791.402052        0.000002280337395
  10835.368832        0.000002316754081
  10879.335613        0.000002353653395
  10923.302394        0.000002391039218
  10967.269174        0.000002428917936
  11011.235955        0.000002467298974
  11055.202736        0.000002506189916
  11099.169516        0.000002545593395
  11143.136297        0.000002585510315
  11187.103078        0.000002625944837
  11231.069858        0.000002666907016
  11275.036639        0.000002708409166
  11319.003420        0.000002750460617
  11362.970200        0.000002793065458
  11406.936981        0.000002836222872
  11450.903762        0.000002879933056
  11494.870542        0.000002924203145
  11538.837323        0.000002969047477
  11582.804104        0.000003014478413
  11626.770884        0.000003060500831
  11670.737665        0.000003107117472
  11714.704446        0.000003154334441
  11758.671226        0.000003202160403
  11802.638007        0.000003250603869
  11846.604787        0.000003299671704
  11890.571568        0.000003349368467
  11934.538349        0.000003399697078
  11978.505129        0.000003450664837
  12022.471910        0.000003502288274
  12066.438691        0.000003554581410
  12110.405471        0.000003607546967
  12154.372252        0.000003661183475
  12198.339033        0.000003715494954
  12242.305813        0.000003770493939
  12286.272594        0.000003826195809
  12330.239375        0.000003882614909
  12374.206155        0.000003939761115
  12418.172936        0.000003997635568
  12462.139717        0.000004056233523
  12506.106497        0.000004115558326
  12550.073278        0.000004175633448
  12594.040059        0.000004236477706
  12638.006839        0.000004298093169
  12681.973620        0.000004360483910
  12725.940401        0.000004423658339
  12769.907181        0.000004487623997
  12813.873962        0.000004552396354
  12857.840743        0.000004617993644
  12901.807523        0.000004684427276
  12945.774304        0.000004751698229
  12989.741085        0.000004819811617
  13033.707865        0.000004888788391
  13077.674646        0.000004958644766
  13121.641426        0.000005029371813
  13165.608207        0.000005100951986
  13209.574988        0.000005173405968
  13253.541768        0.000005246771591
  13297.508549        0.000005321064913
  13341.475330        0.000005396302069
  13385.442110        0.000005472500238
  13429.408891        0.000005549654071
  13473.375672        0.000005627762618
  13517.342452        0.000005706842905
  13561.309233        0.000005786923017
  13605.276014        0.000005868026416
  13649.242794        0.000005950154153
  13693.209575        0.000006033324991
  13737.176356        0.000006117544842
  13781.143136        0.000006202783711
  13825.109917        0.000006289016741
  13869.076698        0.000006376286473
  13913.043478        0.000006464673569
  13957.010259        0.000006554201758
  14000.977040        0.000006644872993
  14044.943820        0.000006736712833
  14088.910601        0.000006829724298
  14132.877382        0.000006923869661
  14176.844162        0.000007019130669
  14220.810943        0.000007115568371
  14264.777723        0.000007213235212
  14308.744504        0.000007312127919
  14352.711285        0.000007412288485
  14396.678065        0.000007513763766
  14440.644846        0.000007616479470
  14484.611627        0.000007720367289
  14528.578407        0.000007825472275
  14572.545188        0.000007931930221
  14616.511969        0.000008039830025
  14660.478749        0.000008149193020
  14704.445530        0.000008260041581
  14748.412311        0.000008372367495
  14792.379091        0.000008486037453
  14836.345872        0.000008600862900
  14880.312653        0.000008716957407
  14924.279433        0.000008834576287
  14968.246214        0.000008953726377
  15012.212995        0.000009074404007
  15056.179775        0.000009196705815
  15100.146556        0.000009320567544
  15144.113337        0.000009445909715
  15188.080117        0.000009572794066
  15232.046898        0.000009701346721
  15276.013679        0.000009831641068
  15319.980459        0.000009963677868
  15363.947240        0.000010097612790
  15407.914021        0.000010233536504
  15451.880801        0.000010371141765
  15495.847582        0.000010509861788
  15539.814362        0.000010649714871
  15583.781143        0.000010791368659
  15627.747924        0.000010935062358
  15671.714704        0.000011080737265
  15715.681485        0.000011228533486
  15759.648266        0.000011378402675
  15803.615046        0.000011530219227
  15847.581827        0.000011684059711
  15891.548608        0.000011840015958
  15935.515388        0.000011998214487
  15979.482169        0.000012158482777
  16023.448950        0.000012320940916
  16067.415730        0.000012485915804
  16111.382511        0.000012652933568
  16155.349292        0.000012821142282
  16199.316072        0.000012990439388
  16243.282853        0.000013161990501
  16287.249634        0.000013336503820
  16331.216414        0.000013513926776
  16375.183195        0.000013694377827
  16419.149976        0.000013877813288
  16463.116756        0.000014063389016
  16507.083537        0.000014250151295
  16551.050318        0.000014438736576
  16595.017098        0.000014630406976
  16638.983879        0.000014825092010
  16682.950660        0.000015022574307
  16726.917440        0.000015223540365
  16770.884221        0.000015427165140
  16814.851001        0.000015631996834
  16858.817782        0.000015838154301
  16902.784563        0.000016047371005
  16946.751343        0.000016261140485
  16990.718124        0.000016479680856
  17034.684905        0.000016703039766
  17078.651685        0.000016931298632
  17122.618466        0.000017162866142
  17166.585247        0.000017393867538
  17210.552027        0.000017623323595
  17254.518808        0.000017855813508
  17298.485589        0.000018093022903
  17342.452369        0.000018334169949
  17386.419150        0.000018580385508
  17430.385931        0.000018831189545
  17474.352711        0.000019084475737
  17518.319492        0.000019340373498
  17562.286273        0.000019600445827
  17606.253053        0.000019866211920
  17650.219834        0.000020137371079
  17694.186615        0.000020415110100
  17738.153395        0.000020701596786
  17782.120176        0.000020993951310
  17826.086957        0.000021283098986
  17870.053737        0.000021564258735
  17914.020518        0.000021846426683
  17957.987298        0.000022136704837
  18001.954079        0.000022434083124
  18045.920860        0.000022739308292
  18089.887640        0.000023053010933
  18133.854421        0.000023372869968
  18177.821202        0.000023699097304
  18221.787982        0.000024032088260
  18265.754763        0.000024373049758
  18309.721544        0.000024720689170
  18353.688324        0.000025073356443
  18397.655105        0.000025436973271
  18441.621886        0.000025808291091
  18485.588666        0.000026174781378
  18529.555447        0.000026528923565
  18573.522228        0.000026883339161
  18617.489008        0.000027253436943
  18661.455789        0.000027640679110
  18705.422570        0.000028044619566
  18749.389350        0.000028465891920
  18793.356131        0.000028895033951
  18837.322912        0.000029313420561
  18881.289692        0.000029719446728
  18925.256473        0.000030135954947
  18969.223254        0.000030570272414
  19013.190034        0.000031014759820
  19057.156815        0.000031476075900
  19101.123596        0.000031951493284
  19145.090376        0.000032418596546
  19189.057157        0.000032872001014
  19233.023937        0.000033329980976
  19276.990718        0.000033816495364
  19320.957499        0.000034339245860
  19364.924279        0.000034897671939
  19408.891060        0.000035493534885
  19452.857841        0.000036114806387
  19496.824621        0.000036712509196
  19540.791402        0.000037240054888
  19584.758183        0.000037747870975
  19628.724963        0.000038287572030
  19672.691744        0.000038851086348
  19716.658525        0.000039443569253
  19760.625305        0.000040069983019
  19804.592086        0.000040702921651
  19848.558867        0.000041335183721
  19892.525647        0.000041982313631
  19936.492428        0.000042664266075
  19980.459209        0.000043381432492
  20024.425989        0.000044134586122
  20068.392770        0.000044959405968
  20112.359551        0.000045847188749
  20156.326331        0.000046695377242
  20200.293112        0.000047392030105
  20244.259893        0.000048004881951
  20288.226673        0.000048669235469
  20332.193454        0.000049399049155
  20376.160234        0.000050183818791
  20420.127015        0.000051040425195
  20464.093796        0.000051946075904
  20508.060576        0.000052893638145
  20552.027357        0.000053888347467
  20595.994138        0.000054932114000
  20639.960918        0.000056029180803
  20683.927699        0.000057134240728
  20727.894480        0.000058300404669
  20771.861260        0.000059542356689
  20815.828041        0.000060724784571
  20859.794822        0.000061719473818
  20903.761602        0.000062601165307
  20947.728383        0.000063593722596
  20991.695164        0.000064768771350
  21035.661944        0.000066110954199
  21079.628725        0.000067627600217
  21123.595506        0.000069248062484
  21167.562286        0.000070735368136
  21211.529067        0.000071908816007
  21255.495848        0.000073031863030
  21299.462628        0.000074338271857
  21343.429409        0.000075755791475
  21387.396190        0.000077284532250
  21431.362970        0.000078973496898
  21475.329751        0.000080584861966
  21519.296532        0.000081976321379
  21563.263312        0.000083294889926
  21607.230093        0.000084827275365
  21651.196873        0.000086727759292
  21695.163654        0.000089000925050
  21739.130435        0.000091656765900
  21783.097215        0.000094640840487
  21827.063996        0.000097519629403
  21871.030777        0.000099529776787
  21914.997557        0.000100853084489
  21958.964338        0.000102363051113
  22002.931119        0.000104171244160
  22046.897899        0.000106205136560
  22090.864680        0.000108584621515
  22134.831461        0.000111085187293
  22178.798241        0.000113533375644
  22222.765022        0.000116057636499
  22266.731803        0.000118835507919
  22310.698583        0.000121939824506
  22354.665364        0.000125255629576
  22398.632145        0.000129133373998
  22442.598925        0.000133775691398
  22486.565706        0.000138365291782
  22530.532487        0.000141405621885
  22574.499267        0.000142865765190
  22618.466048        0.000144421000565
  22662.432829        0.000146733692352
  22706.399609        0.000149588305308
  22750.366390        0.000153104367466
  22794.333170        0.000157186062819
  22838.299951        0.000161667212665
  22882.266732        0.000166632299519
  22926.233512        0.000171980084698
  22970.200293        0.000177830118994
  23014.167074        0.000183760000823
  23058.133854        0.000189841246543
  23102.100635        0.000196666194416
  23146.067416        0.000203180881155
  23190.034196        0.000207972371797
  23234.000977        0.000211028628358
  23277.967758        0.000214546267903
  23321.934538        0.000219916557032
  23365.901319        0.000227095180441
  23409.868100        0.000236050714897
  23453.834880        0.000246415840136
  23497.801661        0.000256087723955
  23541.768442        0.000261831959299
  23585.735222        0.000264996858761
  23629.702003        0.000269548286868
  23673.668784        0.000275777144471
  23717.635564        0.000282904005723
  23761.602345        0.000291607872493
  23805.569126        0.000300294591073
  23849.535906        0.000306835047478
  23893.502687        0.000312061330761
  23937.469468        0.000318558824057
  23981.436248        0.000328312362420
  24025.403029        0.000341688614291
  24069.369809        0.000358682860061
  24113.336590        0.000379190763090
  24157.303371        0.000400514315286
  24201.270151        0.000415063486123
  24245.236932        0.000419510022965
  24289.203713        0.000422838257983
  24333.170493        0.000429521002334
  24377.137274        0.000438341385923
  24421.104055        0.000450128419953
  24465.070835        0.000463873871628
  24509.037616        0.000477403215416
  24553.004397        0.000491497537769
  24596.971177        0.000507344657273
  24640.937958        0.000525854640837
  24684.904739        0.000545656742669
  24728.871519        0.000568368431804
  24772.838300        0.000598005086472
  24816.805081        0.000630534488702
  24860.771861        0.000652404656358
  24904.738642        0.000656340733093
  24948.705423        0.000655582415696
  24992.672203        0.000661394205810
  25036.638984        0.000672983705210
  25080.605765        0.000689813530279
  25124.572545        0.000712177764167
  25168.539326        0.000738383540417
  25212.506106        0.000769123461115
  25256.472887        0.000803284414371
  25300.439668        0.000840954660459
  25344.406448        0.000880725308029
  25388.373229        0.000919167166590
  25432.340010        0.000962148148732
  25476.306790        0.001004890356750
  25520.273571        0.001035472796768
  25564.240352        0.001049960599716
  25608.207132        0.001062646780716
  25652.173913        0.001089863579391
  25696.140694        0.001133930819527
  25740.107474        0.001193989879806
  25784.074255        0.001268348767450
  25828.041036        0.001343738902190
  25872.007816        0.001387066467130
  25915.974597        0.001388808422269
  25959.941378        0.001391127485161
  26003.908158        0.001412312390112
  26047.874939        0.001443696716382
  26091.841720        0.001486959696486
  26135.808500        0.001536415239334
  26179.775281        0.001571312774836
  26223.742062        0.001592798870344
  26267.708842        0.001619138938779
  26311.675623        0.001668003074531
  26355.642404        0.001745552896939
  26399.609184        0.001851757033042
  26443.575965        0.001986894461776
  26487.542745        0.002139562253831
  26531.509526        0.002259654843102
  26575.476307        0.002287900356813
  26619.443087        0.002273777169869
  26663.409868        0.002283031112502
  26707.376649        0.002314053610663
  26751.343429        0.002365692860312
  26795.310210        0.002437201203473
  26839.276991        0.002511536148409
  26883.243771        0.002590654744732
  26927.210552        0.002682091873873
  26971.177333        0.002789990327768
  27015.144113        0.002907022197279
  27059.110894        0.003029180111447
  27103.077675        0.003193524898603
  27147.044455        0.003397232540998
  27191.011236        0.003555349373414
  27234.978017        0.003575899376140
  27278.944797        0.003516471201544
  27322.911578        0.003490524871103
  27366.878359        0.003516391749734
  27410.845139        0.003579347522636
  27454.811920        0.003682516059858
  27498.778701        0.003817667418336
  27542.745481        0.003986684505890
  27586.712262        0.004185447610316
  27630.679043        0.004402466896076
  27674.645823        0.004642059727122
  27718.612604        0.004870037092987
  27762.579384        0.005107881850925
  27806.546165        0.005354555971126
  27850.512946        0.005530232075334
  27894.479726        0.005602684650076
  27938.446507        0.005634190679493
  27982.413288        0.005748007868378
  28026.380068        0.005985394547199
  28070.346849        0.006342608566196
  28114.313630        0.006811316352428
  28158.280410        0.007330142041564
  28202.247191        0.007679384209326
  28246.213972        0.007629456042727
  28290.180752        0.007437302806530
  28334.147533        0.007380909720898
  28378.114314        0.007438715566762
  28422.081094        0.007577044433963
  28466.047875        0.007787086463843
  28510.014656        0.007939408948812
  28553.981436        0.007994648228347
  28597.948217        0.008055102796506
  28641.914998        0.008233924795488
  28685.881778        0.008586014495555
  28729.848559        0.009117114758968
  28773.815340        0.009830448759802
  28817.782120        0.010695894942749
  28861.748901        0.011492761771678
  28905.715681        0.011763254788381
  28949.682462        0.011544095073262
  28993.649243        0.011374380750840
  29037.616023        0.011381757979437
  29081.582804        0.011515325356503
  29125.549585        0.011785053140216
  29169.516365        0.012105593119129
  29213.483146        0.012462098873746
  29257.449927        0.012904199025559
  29301.416707        0.013426659937534
  29345.383488        0.014005447395557
  29389.350269        0.014544936921982
  29433.317049        0.015224147669892
  29477.283830        0.016180561485232
  29521.250611        0.017065927203532
  29565.217391        0.017241090909557
  29609.184172        0.016729150247595
  29653.150953        0.016245197364785
  29697.117733        0.016089242995906
  29741.084514        0.016170937603937
  29785.051295        0.016464823162425
  29829.018075        0.016960834340730
  29872.984856        0.017656091750808
  29916.951637        0.018554163104448
  29960.918417        0.019542010165909
  30004.885198        0.020652508790640
  30048.851979        0.021764033337582
  30092.818759        0.022822384028877
  30136.785540        0.023931331119684
  30180.752320        0.024701091482638
  30224.719101        0.024966897499610
  30268.685882        0.024971639518472
  30312.652662        0.025311493709986
  30356.619443        0.026325887627779
  30400.586224        0.028032536544838
  30444.553004        0.030413042213262
  30488.519785        0.033247468752961
  30532.486566        0.035564515319113
  30576.453346        0.035478184171339
  30620.420127        0.033481717279961
  30664.386908        0.031938765631607
  30708.353688        0.031313831107737
  30752.320469        0.031252144432910
  30796.287250        0.031667766789661
  30840.254030        0.032052283504824
  30884.220811        0.031967496516598
  30928.187592        0.031812973870928
  30972.154372        0.032121017141560
  31016.121153        0.033182419662835
  31060.087934        0.035063504905012
  31104.054714        0.037782335206631
  31148.021495        0.041306883971438
  31191.988276        0.045022352955163
  31235.955056        0.046949119097552
  31279.921837        0.045868033791709
  31323.888617        0.044165145960850
  31367.855398        0.043364792165058
  31411.822179        0.043255874191310
  31455.788959        0.043796296690476
  31499.755740        0.044716392693601
  31543.722521        0.045848488558545
  31587.689301        0.047453923083844
  31631.656082        0.049422132520376
  31675.622863        0.051610051793844
  31719.589643        0.053516234149594
  31763.556424        0.055424216327504
  31807.523205        0.058448003462840
  31851.489985        0.061858618358896
  31895.456766        0.062962940808270
  31939.423547        0.060561593653628
  31983.390327        0.057349808693889
  32027.357108        0.055424055796300
  32071.323889        0.054680174862705
  32115.290669        0.054753467865233
  32159.257450        0.055673686090867
  32203.224231        0.057494035820840
  32247.191011        0.060290413914630
  32291.157792        0.063555759527637
  32335.124573        0.067175448800955
  32379.091353        0.071145729833897
  32423.058134        0.074799218901430
  32467.024915        0.078463251279572
  32510.991695        0.080915792015056
  32554.958476        0.081307956837786
  32598.925256        0.080919955616616
  32642.892037        0.081672456536375
  32686.858818        0.085030357996225
  32730.825598        0.091214264371545
  32774.792379        0.100333842077185
  32818.759160        0.111850011630530
  32862.725940        0.122911646419967
  32906.692721        0.125223995584222
  32950.659502        0.114981454876543
  32994.626282        0.103365832002257
  33038.593063        0.096367921863082
  33082.559844        0.092797132330514
  33126.526624        0.091557385186159
  33170.493405        0.091238584139953
  33214.460186        0.089765525835344
  33258.426966        0.087824146597909
  33302.393747        0.087149707452081
  33346.360528        0.088660265232751
  33390.327308        0.092628589949459
  33434.294089        0.099111433189896
  33478.260870        0.108201049305110
  33522.227650        0.118979951451444
  33566.194431        0.126804928651949
  33610.161212        0.125050542470394
  33654.127992        0.117965459487610
  33698.094773        0.113045374988895
  33742.061553        0.110870081033453
  33786.028334        0.110795997293759
  33829.995115        0.112257848546361
  33873.961895        0.114555439143449
  33917.928676        0.118520025953505
  33961.895457        0.123903545102165
  34005.862237        0.129758419231018
  34049.829018        0.134885159473403
  34093.795799        0.138399101920110
  34137.762579        0.143963643981263
  34181.729360        0.151930654076553
  34225.696141        0.155940459228268
  34269.662921        0.149824427172850
  34313.629702        0.138732319372968
  34357.596483        0.130145654748558
  34401.563263        0.125062905044684
  34445.530044        0.122040806219152
  34489.496825        0.120972563239527
  34533.463605        0.122620787602195
  34577.430386        0.127485560619818
  34621.397167        0.134313802047559
  34665.363947        0.141819278978375
  34709.330728        0.150834528946611
  34753.297509        0.159879902682646
  34797.264289        0.168490820009088
  34841.231070        0.174255926324088
  34885.197851        0.173609694523850
  34929.164631        0.171638983194489
  34973.131412        0.173529374012979
  35017.098192        0.182136815417711
  35061.064973        0.197945478360271
  35105.031754        0.221561551653514
  35148.998534        0.252774005515242
  35192.965315        0.286304887956305
  35236.932096        0.302632259340136
  35280.898876        0.276598498030873
  35324.865657        0.231674210507346
  35368.832438        0.198649026023563
  35412.799218        0.179115380034050
  35456.765999        0.168028799910318
  35500.732780        0.161590530549458
  35544.699560        0.155220880269561
  35588.666341        0.148158973417836
  35632.633122        0.143163729946297
  35676.599902        0.141700031976924
  35720.566683        0.144110305763201
  35764.533464        0.150384515199483
  35808.500244        0.160855548145204
  35852.467025        0.175236732163542
  35896.433806        0.189116770036607
  35940.400586        0.191263892332384
  35984.367367        0.180693823982888
  36028.334148        0.170827955569368
  36072.300928        0.166173601569515
  36116.267709        0.165315277423875
  36160.234489        0.167357423342234
  36204.201270        0.171068200217550
  36248.168051        0.177538534903855
  36292.134831        0.186927274670168
  36336.101612        0.196819778550956
  36380.068393        0.205654349146992
  36424.035173        0.210646595191308
  36468.001954        0.215661974515434
  36511.968735        0.224636135345691
  36555.935515        0.231363473614747
  36599.902296        0.225089875736794
  36643.869077        0.208256074928554
  36687.835857        0.191885271171500
  36731.802638        0.178757903505162
  36775.769419        0.166591403245074
  36819.736199        0.155247614055457
  36863.702980        0.147513026730567
  36907.669761        0.146420801505218
  36951.636541        0.150652041318772
  36995.603322        0.156970044434867
  37039.570103        0.166014950886371
  37083.536883        0.177517161766414
  37127.503664        0.189390750010287
  37171.470445        0.198287919913825
  37215.437225        0.197350012576593
  37259.404006        0.193828682514838
  37303.370787        0.198483993299264
  37347.337567        0.212973636792111
  37391.304348        0.236198656959545
  37435.271128        0.268503578509818
  37479.237909        0.311620817943560
  37523.204690        0.361198219077492
  37567.171470        0.397292996876888
  37611.138251        0.375449388420499
  37655.105032        0.301838782781844
  37699.071812        0.235455277131719
  37743.038593        0.192712250686048
  37787.005374        0.166086298796593
  37830.972154        0.148058190176970
  37874.938935        0.134236835374846
  37918.905716        0.122352880729943
  37962.872496        0.111823614082626
  38006.839277        0.102396840443312
  38050.806058        0.094068256891549
  38094.772838        0.086554998394995
  38138.739619        0.079966099704568
  38182.706400        0.074845705787246
  38226.673180        0.072192789017887
  38270.639961        0.072006094613494
  38314.606742        0.073685507972823
  38358.573522        0.076747789881873
  38402.540303        0.080930089008086
  38446.507084        0.086078168354897
  38490.473864        0.092162658480138
  38534.440645        0.099194050210835
  38578.407426        0.107026297076551
  38622.374206        0.115207686443609
  38666.340987        0.123150830582251
  38710.307767        0.130526805098722
  38754.274548        0.137497553508455
  38798.241329        0.144137020932670
  38842.208109        0.150788695447950
  38886.174890        0.156638565993582
  38930.141671        0.160764523178386
  38974.108451        0.162210012048456
  39018.075232        0.159439217748022
  39062.042013        0.150195068638439
  39106.008793        0.132282898276591
  39149.975574        0.107725961166922
  39193.942355        0.081134486243044
  39237.909135        0.059263248819846
  39281.875916        0.044611480387309
  39325.842697        0.035184227321890
  39369.809477        0.028924418092660
  39413.776258        0.024564149157338
  39457.743039        0.021391041132586
  39501.709819        0.019012510171775
  39545.676600        0.017191970381951
  39589.643381        0.015777809614480
  39633.610161        0.014682830952405
  39677.576942        0.013856841966026
  39721.543723        0.013274779130625
  39765.510503        0.012942465477383
  39809.477284        0.012903528119102
  39853.444064        0.013193180431925
  39897.410845        0.013407512125917
  39941.377626        0.012739500297087
  39985.344406        0.011587901158744
  40029.311187        0.010664556134717
  40073.277968        0.010034789139457
  40117.244748        0.009580004077625
  40161.211529        0.009208805343140
  40205.178310        0.008897636673956
  40249.145090        0.008670789928221
  40293.111871        0.008536832903609
  40337.078652        0.008485813764891
  40381.045432        0.008469070382162
  40425.012213        0.008388670400935
  40468.978994        0.008185543091194
  40512.945774        0.007948611165022
  40556.912555        0.007776316909850
  40600.879336        0.007677304713009
  40644.846116        0.007634832900997
  40688.812897        0.007627188573720
  40732.779678        0.007613676168320
  40776.746458        0.007575102073194
  40820.713239        0.007522174018595
  40864.680020        0.007472141441938
  40908.646800        0.007471561208919
  40952.613581        0.007543764080481
  40996.580362        0.007683922388189
  41040.547142        0.007872296901246
  41084.513923        0.008046376293555
  41128.480703        0.008135971200226
  41172.447484        0.008183601950446
  41216.414265        0.008277400150093
  41260.381045        0.008463397543721
  41304.347826        0.008788705268343
  41348.314607        0.009270448016902
  41392.281387        0.009821048381635
  41436.248168        0.010177804166433
  41480.214949        0.010046814703022
  41524.181729        0.009662252617085
  41568.148510        0.009428269341842
  41612.115291        0.009463152870776
  41656.082071        0.009716390063441
  41700.048852        0.010055582817324
  41744.015633        0.010243412209575
  41787.982413        0.010127498524598
  41831.949194        0.009888563993346
  41875.915975        0.009779165138761
  41919.882755        0.009859874917118
  41963.849536        0.010137052646793
  42007.816317        0.010605330834062
  42051.783097        0.011188863180085
  42095.749878        0.011723967412461
  42139.716659        0.011935157833815
  42183.683439        0.011873738449221
  42227.650220        0.011949075921836
  42271.617000        0.012278791961285
  42315.583781        0.012856438616202
  42359.550562        0.013699994910867
  42403.517342        0.014677985812487
  42447.484123        0.015541849262079
  42491.450904        0.015998147414739
  42535.417684        0.015988624299218
  42579.384465        0.016166903545911
  42623.351246        0.016995707040647
  42667.318026        0.018577790965536
  42711.284807        0.020584134285238
  42755.251588        0.021940250000738
  42799.218368        0.021427201287321
  42843.185149        0.019681444918755
  42887.151930        0.018289210454836
  42931.118710        0.017714483812915
  42975.085491        0.017761512537734
  43019.052272        0.018232586797602
  43063.019052        0.018761917313857
  43106.985833        0.019054486158637
  43150.952614        0.019155275505391
  43194.919394        0.019157317711492
  43238.886175        0.019419657273418
  43282.852956        0.020296485383418
  43326.819736        0.021780270454634
  43370.786517        0.023767405078323
  43414.753298        0.025829571255640
  43458.720078        0.027249986013932
  43502.686859        0.028039620429365
  43546.653639        0.029109536905877
  43590.620420        0.031022182047263
  43634.587201        0.034340655000536
  43678.553981        0.039493944078098
  43722.520762        0.046008823228634
  43766.487543        0.051479722663766
  43810.454323        0.051320070397921
  43854.421104        0.046011877331036
  43898.387885        0.041193940781985
  43942.354665        0.039270416733408
  43986.321446        0.039956104265209
  44030.288227        0.042109284376888
  44074.255007        0.043656000852531
  44118.221788        0.042520896038378
  44162.188569        0.039410674893505
  44206.155349        0.036927994776231
  44250.122130        0.036238007132625
  44294.088911        0.037356366126735
  44338.055691        0.040220410689452
  44382.022472        0.044451360121717
  44425.989253        0.048991764494873
  44469.956033        0.051514248383052
  44513.922814        0.050759429999347
  44557.889595        0.050053641293582
  44601.856375        0.051314789657634
  44645.823156        0.054348329085853
  44689.789936        0.059556914699908
  44733.756717        0.066637191243835
  44777.723498        0.074123846567679
  44821.690278        0.079583483980516
  44865.657059        0.080081672157566
  44909.623840        0.079578485096386
  44953.590620        0.083790747161003
  44997.557401        0.094378416821702
  45041.524182        0.110028201620125
  45085.490962        0.123456023420825
  45129.457743        0.122209090065251
  45173.424524        0.105566599665101
  45217.391304        0.088072411604129
  45261.358085        0.077293035310468
  45305.324866        0.072225549664617
  45349.291646        0.070953546845874
  45393.258427        0.071378594656091
  45437.225208        0.071407622379810
  45481.191988        0.070787440781404
  45525.158769        0.069981398602897
  45569.125550        0.070093179957208
  45613.092330        0.073213782492584
  45657.059111        0.079543202185748
  45701.025892        0.088571636751738
  45744.992672        0.098765083470683
  45788.959453        0.107210701299410
  45832.926234        0.112970863928860
  45876.893014        0.120449763192845
  45920.859795        0.133733695414617
  45964.826575        0.156579332389138
  46008.793356        0.192894124592351
  46052.760137        0.241904444560134
  46096.726917        0.290465311796471
  46140.693698        0.302446104969139
  46184.660479        0.259372130828625
  46228.627259        0.206919167096035
  46272.594040        0.174441502770179
  46316.560821        0.161808185620292
  46360.527601        0.161858589915994
  46404.494382        0.164147356255833
  46448.461163        0.156632216071289
  46492.427943        0.137434552450807
  46536.394724        0.118035939860286
  46580.361505        0.107181233727578
  46624.328285        0.105787961456425
  46668.295066        0.112649361227289
  46712.261847        0.126480588756625
  46756.228627        0.144090651914365
  46800.195408        0.157198055059087
  46844.162189        0.155152096072848
  46888.128969        0.147769980782666
  46932.095750        0.147596101833704
  46976.062531        0.154019795862556
  47020.029311        0.168052003392700
  47063.996092        0.191282992700829
  47107.962872        0.221191171755133
  47151.929653        0.250513152379439
  47195.896434        0.261609875797806
  47239.863214        0.256660922749209
  47283.829995        0.265748129431276
  47327.796776        0.300822741227178
  47371.763556        0.360692002179982
  47415.730337        0.422887907708068
  47459.697118        0.434938220758748
  47503.663898        0.366748510682476
  47547.630679        0.273839817510796
  47591.597460        0.205588656307900
  47635.564240        0.164508598990984
  47679.531021        0.140353521997792
  47723.497802        0.125394525150661
  47767.464582        0.114724858912707
  47811.431363        0.106821879468062
  47855.398144        0.102438039656220
  47899.364924        0.102742772848332
  47943.331705        0.107917982743618
  47987.298486        0.117004351555662
  48031.265266        0.128876430903814
  48075.232047        0.141151635819087
  48119.198828        0.153530549885669
  48163.165608        0.173159585639675
  48207.132389        0.207821576969227
  48251.099170        0.265659054143692
  48295.065950        0.358022018451073
  48339.032731        0.498084280416028
  48382.999511        0.689092792450245
  48426.966292        0.896055720010700
  48470.933073        1.000000000000000
  48514.899853        0.853827687930283
  48558.866634        0.602257290231007
  48602.833415        0.415631377208667
  48646.800195        0.304126952292074
  48690.766976        0.238546703771659
  48734.733757        0.195766089551745
  48778.700537        0.161718233823097
  48822.667318        0.130307624959955
  48866.634099        0.102002490295964
  48910.600879        0.080081897571398
  48954.567660        0.064581305572835
  48998.534441        0.053563330848593
  49042.501221        0.045449823165292
  49086.468002        0.039260464221081
  49130.434783        0.034398999590800
  49174.401563        0.030489936871202
  49218.368344        0.027286415482800
  49262.335125        0.024619630926275
  49306.301905        0.022370223281948
  49350.268686        0.020451391050212
  49394.235467        0.018798499546695
  49438.202247        0.017362443573419
  49482.169028        0.016105267737502
  49526.135809        0.014997194539189
  49570.102589        0.014014555126916
  49614.069370        0.013138315334622
  49658.036150        0.012353005903569
  49702.002931        0.011645934203114
  49745.969712        0.011006597338095
  49789.936492        0.010426238321971
  49833.903273        0.009897505038787
  49877.870054        0.009414183487169
  49921.836834        0.008970987530479
  49965.803615        0.008563394150826
  50009.770396        0.008187513872612
  50053.737176        0.007839987863941
  50097.703957        0.007517902868721
  50141.670738        0.007218719785641
  50185.637518        0.006940214526718
  50229.604299        0.006680430709525
  50273.571080        0.006437642995673
  50317.537860        0.006210326634940
  50361.504641        0.005997130467459
  50405.471422        0.005796851839897
  50449.438202        0.005608415120345
  50493.404983        0.005430855378244
  50537.371764        0.005263306172766
  50581.338544        0.005104989455709
  50625.305325        0.004955204750693
  50669.272106        0.004813318343863
  50713.238886        0.004678754130648
  50757.205667        0.004550987594602
  50801.172447        0.004429542254872
  50845.139228        0.004313985696145
  50889.106009        0.004203924246941
  50933.072789        0.004098996667058
  50977.039570        0.003998869566087
  51021.006351        0.003903235582850
  51064.973131        0.003811812996986
  51108.939912        0.003724344648795
  51152.906693        0.003640594505452
  51196.873473        0.003560343651292
  51240.840254        0.003483387560211
  51284.807035        0.003409535829046
  51328.773815        0.003338612939468
  51372.740596        0.003270457630529
  51416.707377        0.003204920588453
  51460.674157        0.003141861495971
  51504.640938        0.003081147943647
  51548.607719        0.003022656234317
  51592.574499        0.002966272466888
  51636.541280        0.002911891997590
  51680.508061        0.002859416865082
  51724.474841        0.002808753504749
  51768.441622        0.002759812260077
  51812.408403        0.002712508993489
  51856.375183        0.002666766562408
  51900.341964        0.002622514272055
  51944.308745        0.002579685682568
  51988.275525        0.002538216460428
  52032.242306        0.002498044425270
  52076.209086        0.002459111061578
  52120.175867        0.002421362752679
  52164.142648        0.002384750122575
  52208.109428        0.002349225953216
  52252.076209        0.002314743950915
  52296.042990        0.002281259274555
  52340.009770        0.002248730374354
  52383.976551        0.002217119761205
  52427.943332        0.002186392778959
  52471.910112        0.002156515458747
  52515.876893        0.002127453413671
  52559.843674        0.002099173056053
  52603.810454        0.002071643545805
  52647.777235        0.002044837642247
  52691.744016        0.002018730369215
  52735.710796        0.001993296870714
  52779.677577        0.001968511645297
  52823.644358        0.001944349610309
  52867.611138        0.001920787951593
  52911.577919        0.001897806468738
  52955.544700        0.001875386230815
  52999.511480        0.001853507893338
  53043.478261        0.001832151468791
  53087.445042        0.001811297905571
  53131.411822        0.001790930530581
  53175.378603        0.001771034952154
  53219.345383        0.001751597182493
  53263.312164        0.001732602000352
  53307.278945        0.001714033197430
  53351.245725        0.001695875389779
  53395.212506        0.001678115703606
  53439.179287        0.001660743389992
  53483.146067        0.001643748002472
  53527.112848        0.001627117826091
  53571.079629        0.001610840184954
  53615.046409        0.001594903204292
  53659.013190        0.001579296970220
  53702.979971        0.001564013052364
  53746.946751        0.001549042732578
  53790.913532        0.001534376076362
  53834.880313        0.001520002748032
  53878.847093        0.001505913722230
  53922.813874        0.001492102089066
  53966.780655        0.001478561844036
  54010.747435        0.001465286052349
  54054.714216        0.001452266075904
  54098.680997        0.001439492847419
  54142.647777        0.001426958840673
  54186.614558        0.001414658708880
  54230.581339        0.001402588083352
  54274.548119        0.001390741601841
  54318.514900        0.001379112369020
  54362.481681        0.001367693135265
  54406.448461        0.001356477975252
  54450.415242        0.001345462656793
  54494.382022        0.001334643281967
  54538.348803        0.001324014870565
  54582.315584        0.001313571262173
  54626.282364        0.001303306650452
  54670.249145        0.001293216952352
  54714.215926        0.001283299543607
  54758.182706        0.001273551580615
  54802.149487        0.001263968503255
  54846.116268        0.001254544469137
  54890.083048        0.001245274127238
  54934.049829        0.001236154105551
  54978.016610        0.001227182617047
  55021.983390        0.001218357626854
  55065.950171        0.001209675541873
  55109.916952        0.001201131563572
  55153.883732        0.001192721420615
  55197.850513        0.001184442435312
  55241.817294        0.001176292950684
  55285.784074        0.001168270750051
  55329.750855        0.001160372187030
  55373.717636        0.001152593110365
  55417.684416        0.001144930432543
  55461.651197        0.001137382800022
  55505.617978        0.001129949418765
  55549.584758        0.001122628286518
  55593.551539        0.001115415669518
  55637.518319        0.001108307333664
  55681.485100        0.001101300454111
  55725.451881        0.001094394099364
  55769.418661        0.001087587986164
  55813.385442        0.001080880681828
  55857.352223        0.001074269114368
  55901.319003        0.001067749851710
  55945.285784        0.001061320621244
  55989.252565        0.001054980624879
  56033.219345        0.001048729209733
  56077.186126        0.001042564525804
  56121.152907        0.001036483582673
  56165.119687        0.001030483661895
  56209.086468        0.001024563632559
  56253.053249        0.001018723559483
  56297.020029        0.001012963099006
  56340.986810        0.001007280175517
  56384.953591        0.001001671455431
  56428.920371        0.000996134151801
  56472.887152        0.000990667299784
  56516.853933        0.000985271335350
  56560.820713        0.000979946273946
  56604.787494        0.000974690514298
  56648.754275        0.000969501307001
  56692.721055        0.000964376380163
  56736.687836        0.000959314986319
  56780.654617        0.000954317222368
  56824.621397        0.000949382560416
  56868.588178        0.000944509065915
  56912.554958        0.000939694317958
  56956.521739        0.000934936945771
  57000.488520        0.000930237118258
  57044.455300        0.000925595429692
  57088.422081        0.000921011179905
  57132.388862        0.000916482003311
  57176.355642        0.000912005134151
  57220.322423        0.000907579180097
  57264.289204        0.000903204552245
  57308.255984        0.000898882118231
  57352.222765        0.000894611550853
  57396.189546        0.000890390897746
  57440.156326        0.000886217888795
  57484.123107        0.000882091411071
  57528.089888        0.000878011696854
  57572.056668        0.000873979074086
  57616.023449        0.000869992636995
  57659.990230        0.000866050417581
  57703.957010        0.000862150739959
  57747.923791        0.000858293425004
  57791.890572        0.000854479375056
  57835.857352        0.000850708951721
  57879.824133        0.000846980841070
  57923.790914        0.000843292545351
  57967.757694        0.000839642190639
  58011.724475        0.000836029682762
  58055.691255        0.000832456179153
  58099.658036        0.000828922345703
  58143.624817        0.000825427188266
  58187.591597        0.000821968653201
  58231.558378        0.000818545178761
  58275.525159        0.000815156687986
  58319.491939        0.000811803882935
  58363.458720        0.000808486778967
  58407.425501        0.000805204059109
  58451.392281        0.000801953943064
  58495.359062        0.000798735713161
  58539.325843        0.000795550081114
  58583.292623        0.000792398065820
  58627.259404        0.000789279384871
  58671.226185        0.000786192134857
  58715.192965        0.000783134146691
  58759.159746        0.000780104617709
  58803.126527        0.000777104484503
  58847.093307        0.000774135024497
  58891.060088        0.000771196254454
  58935.026869        0.000768286628363
  58978.993649        0.000765404309259
  59022.960430        0.000762548657652
  59066.927211        0.000759720302058
  59110.893991        0.000756919922292
  59154.860772        0.000754146978380
  59198.827553        0.000751399903259
  59242.794333        0.000748677484328
  59286.761114        0.000745979922717
  59330.727894        0.000743308425001
  59374.694675        0.000740663572552
  59418.661456        0.000738044302508
  59462.628236        0.000735448482513
  59506.595017        0.000732874649720
  59550.561798        0.000730323128719
  59594.528578        0.000727795365002
  59638.495359        0.000725292248817
  59682.462140        0.000722812996750
  59726.428920        0.000720355815517
  59770.395701        0.000717919470208
  59814.362482        0.000715504163810
  59858.329262        0.000713110857302
  59902.296043        0.000710739774313
  59946.262824        0.000708389855682
  59990.229604        0.000706059629423
  60034.196385        0.000703748667375
  60078.163166        0.000701457921563
  60122.129946        0.000699188531624
  60166.096727        0.000696940347883
  60210.063508        0.000694711651095
  60254.030288        0.000692500559628
  60297.997069        0.000690306596688
  60341.963850        0.000688130939532
  60385.930630        0.000685975037644
  60429.897411        0.000683839000258
  60473.864191        0.000681721429979
  60517.830972        0.000679620685644
  60561.797753        0.000677536344659
  60605.764533        0.000675469234753
  60649.731314        0.000673420167367
  60693.698095        0.000671388769748
  60737.664875        0.000669373659573
  60781.631656        0.000667373857606
  60825.598437        0.000665389755208
  60869.565217        0.000663422656690
  60913.531998        0.000661473208202
  60957.498779        0.000659540412491
  61001.465559        0.000657622326047
  61045.432340        0.000655717722007
  61089.399121        0.000653827158492
  61133.365901        0.000651952229962
  61177.332682        0.000650093879932
  61221.299463        0.000648251395892
  61265.266243        0.000646423078164
  61309.233024        0.000644607863890
  61353.199805        0.000642806108135
  61397.166585        0.000641018889499
  61441.133366        0.000639246536776
  61485.100147        0.000637488099558
  61529.066927        0.000635742285828
  61573.033708        0.000634008817531
  61617.000489        0.000632288759060
  61660.967269        0.000630583278054
  61704.934050        0.000628892236867
  61748.900830        0.000627214011552
  61792.867611        0.000625546879949
  61836.834392        0.000623890587414
  61880.801172        0.000622246452199
  61924.767953        0.000620615991007
  61968.734734        0.000618999327285
  62012.701514        0.000617395093175
  62056.668295        0.000615801759870
  62100.635076        0.000614219019343
  62144.601856        0.000612647822022
  62188.568637        0.000611089044050
  62232.535418        0.000609542386373
  62276.502198        0.000608006579655
  62320.468979        0.000606480765859
  62364.435760        0.000604965454551
  62408.402540        0.000603461968562
  62452.369321        0.000601970951904
  62496.336102        0.000600491417118
  62540.302882        0.000599021519266
  62584.269663        0.000597560209453
  62628.236444        0.000596108190618
  62672.203224        0.000594667150796
  62716.170005        0.000593238020975
  62760.136786        0.000591820084770
  62804.103566        0.000590411679153
  62848.070347        0.000589011827998
  62892.037128        0.000587620998953
  62936.003908        0.000586240325132
  62979.970689        0.000584870195179
  63023.937469        0.000583509709563
  63067.904250        0.000582157676734
  63111.871031        0.000580813918594
  63155.837811        0.000579479537315
  63199.804592        0.000578155698581
  63243.771373        0.000576842223801
  63287.738153        0.000575537537476
  63331.704934        0.000574240030594
  63375.671715        0.000572949603093
  63419.638495        0.000571667683798
  63463.605276        0.000570395794674
  63507.572057        0.000569134040476
  63551.538837        0.000567881028253
  63595.505618        0.000566635289830
  63639.472399        0.000565396601651
  63683.439179        0.000564165987568
  63727.405960        0.000562944376086
  63771.372741        0.000561731489900
  63815.339521        0.000560526136325
  63859.306302        0.000559327529296
  63903.273083        0.000558136247025
  63947.239863        0.000556953613845
  63991.206644        0.000555780228923
  64035.173425        0.000554615105066
  64079.140205        0.000553456451457
  64123.106986        0.000552303366979
  64167.073766        0.000551156670156
  64211.040547        0.000550018101967
  64255.007328        0.000548888568891
  64298.974108        0.000547767301858
  64342.940889        0.000546652656995
  64386.907670        0.000545543707829
  64430.874450        0.000544441013852
  64474.841231        0.000543345754141
  64518.808012        0.000542258343071
  64562.774792        0.000541177921317
  64606.741573        0.000540103346494
  64650.708354        0.000539034519119
  64694.675134        0.000537972549950
  64738.641915        0.000536918581706
  64782.608696        0.000535872391402
  64826.575476        0.000534832416045
  64870.542257        0.000533797152712
  64914.509038        0.000532766615806
  64958.475818        0.000531742329212
  65002.442599        0.000530725798293
  65046.409380        0.000529717077315
  65090.376160        0.000528714737258
  65134.342941        0.000527717328924
  65178.309722        0.000526724710775
  65222.276502        0.000525737955503
  65266.243283        0.000524758034341
  65310.210064        0.000523784676300
  65354.176844        0.000522816725497
  65398.143625        0.000521853454016
  65442.110405        0.000520895466445
  65486.077186        0.000519944085945
  65530.043967        0.000518999847602
  65574.010747        0.000518061750636
  65617.977528        0.000517128049083
  65661.944309        0.000516197953742
  65705.911089        0.000515272395268
  65749.877870        0.000514353132816
  65793.844651        0.000513441040475
  65837.811431        0.000512535273239
  65881.778212        0.000511634181641
  65925.744993        0.000510736885400
  65969.711773        0.000509844009529
  66013.678554        0.000508956788655
  66057.645335        0.000508075638316
  66101.612115        0.000507199727969
  66145.578896        0.000506327942398
  66189.545677        0.000505460230622
  66233.512457        0.000504597713212
  66277.479238        0.000503741486214
  66321.446019        0.000502891293054
  66365.412799        0.000502045565026
  66409.379580        0.000501202896006
  66453.346361        0.000500363406804
  66497.313141        0.000499528691394
  66541.279922        0.000498700243333
  66585.246702        0.000497878037549
  66629.213483        0.000497060609664
  66673.180264        0.000496246513131
  66717.147044        0.000495435681768
  66761.113825        0.000494629245198
  66805.080606        0.000493828199732
  66849.047386        0.000493032288721
  66893.014167        0.000492240362397
  66936.980948        0.000491451743909
  66980.947728        0.000490667050006
  67024.914509        0.000489887591937
  67068.881290        0.000489113852587
  67112.848070        0.000488344799117
  67156.814851        0.000487578740499
  67200.781632        0.000486814976973
  67244.748412        0.000486054546496
  67288.715193        0.000485299218154
  67332.681974        0.000484549813353
  67376.648754        0.000483805415241
  67420.615535        0.000483064342055
  67464.582316        0.000482325768386
  67508.549096        0.000481590373202
  67552.515877        0.000480859446509
  67596.482658        0.000480133404850
  67640.449438        0.000479411420158
  67684.416219        0.000478692403444
  67728.383000        0.000477976320675
  67772.349780        0.000477264305487
  67816.316561        0.000476557398659
  67860.283341        0.000475855305498
  67904.250122        0.000475156456813
  67948.216903        0.000474459519177
  67992.183683        0.000473764725368
  68036.150464        0.000473073713454
  68080.117245        0.000472387962801
  68124.084025        0.000471707356750
  68168.050806        0.000471030378735
  68212.017587        0.000470355591039
  68255.984367        0.000469682983638
  68299.951148        0.000469013758462
  68343.917929        0.000468348922171
  68387.884709        0.000467688228502
  68431.851490        0.000467030522965
  68475.818271        0.000466375155102
  68519.785051        0.000465722759917
  68563.751832        0.000465074617579
  68607.718613        0.000464431174248
  68651.685393        0.000463791357260
  68695.652174        0.000463153528249
  68739.618955        0.000462517077939
  68783.585735        0.000461883130777
  68827.552516        0.000461253474894
  68871.519297        0.000460628856379
  68915.486077        0.000460008291965
  68959.452858        0.000459390059829
  69003.419638        0.000458773386312
  69047.386419        0.000458159018594
  69091.353200        0.000457548289461
  69135.319980        0.000456941631018
  69179.286761        0.000456338196049
  69223.253542        0.000455736919101
  69267.220322        0.000455137775015
  69311.187103        0.000454541900908
  69355.153884        0.000453950299094
  69399.120664        0.000453362624605
  69443.087445        0.000452777324784
  69487.054226        0.000452193125490
  69531.021006        0.000451610370001
  69574.987787        0.000451030738154
  69618.954568        0.000450455677481
  69662.921348        0.000449884989355
  69706.888129        0.000449317084529
  69750.854910        0.000448750546650
  69794.821690        0.000448185416662
  69838.788471        0.000447622971050
  69882.755252        0.000447064233877
  69926.722032        0.000446508948468
  69970.688813        0.000445955960579
  70014.655594        0.000445404619581
  70058.622374        0.000444855582527
  70102.589155        0.000444310094167
  70146.555936        0.000443768561368
  70190.522716        0.000443229883980
  70234.489497        0.000442692457840
  70278.456277        0.000442155773959
  70322.423058        0.000441621021674
  70366.389839        0.000441090006001
  70410.356619        0.000440563390094
  70454.323400        0.000440040109115
  70498.290181        0.000439518411700
  70542.256961        0.000438997559564
  70586.223742        0.000438478384962
  70630.190523        0.000437962253428
  70674.157303        0.000437449610538
  70718.124084        0.000436939584944
  70762.090865        0.000436431111426
  70806.057645        0.000435924181131
  70850.024426        0.000435419916185
  70893.991207        0.000434919295549
  70937.957987        0.000434421921113
  70981.924768        0.000433926256551
  71025.891549        0.000433431093441
  71069.858329        0.000432936866033
  71113.825110        0.000432445305914
  71157.791891        0.000431957807981
  71201.758671        0.000431474096886
  71245.725452        0.000430992507083
  71289.692233        0.000430511640580
  71333.659013        0.000430031606624
  71377.625794        0.000429553745301
  71421.592574        0.000429079114957
  71465.559355        0.000428607431665
  71509.526136        0.000428137539629
  71553.492916        0.000427668783393
  71597.459697        0.000427201831152
  71641.426478        0.000426737910474
  71685.393258        0.000426277378987
  71729.360039        0.000425819128807
  71773.326820        0.000425361582538
  71817.293600        0.000424904331242
  71861.260381        0.000424448630589
  71905.227162        0.000423996284766
  71949.193942        0.000423547885541
  71993.160723        0.000423102268772
  72037.127504        0.000422657667125
  72081.094284        0.000422213376847
  72125.061065        0.000421770317896
  72169.027846        0.000421329900189
  72212.994626        0.000420892564526
  72256.961407        0.000420457423566
  72300.928188        0.000420023388965
  72344.894968        0.000419590471050
  72388.861749        0.000419159775057
  72432.828530        0.000418732253448
  72476.795310        0.000418307471343
  72520.762091        0.000417883893634
  72564.728872        0.000417460390100
  72608.695652        0.000417037467823
  72652.662433        0.000416616906880
  72696.629213        0.000416200044519
  72740.595994        0.000415786512794
  72784.562775        0.000415374582476
  72828.529555        0.000414962859045
  72872.496336        0.000414551537157
  72916.463117        0.000414142013788
  72960.429897        0.000413735379364
  73004.396678        0.000413331321572
  73048.363459        0.000412928659680
  73092.330239        0.000412526741151
  73136.297020        0.000412126226601
  73180.263801        0.000411728339524
  73224.230581        0.000411333388130
  73268.197362        0.000410940256483
  73312.164143        0.000410547404141
  73356.130923        0.000410154503273
  73400.097704        0.000409762885925
  73444.064485        0.000409374335294
  73488.031265        0.000408989374800
  73531.998046        0.000408606739451
  73575.964827        0.000408224641518
  73619.931607        0.000407842431016
  73663.898388        0.000407461105311
  73707.865169        0.000407082136243
  73751.831949        0.000406705946098
  73795.798730        0.000406331628940
  73839.765511        0.000405958070979
  73883.732291        0.000405585288702
  73927.699072        0.000405214388880
  73971.665852        0.000404846288127
  74015.632633        0.000404480535137
  74059.599414        0.000404115592916
  74103.566194        0.000403750409477
  74147.532975        0.000403385569453
  74191.499756        0.000403022882997
  74235.466536        0.000402663641683
  74279.433317        0.000402307368374
  74323.400098        0.000401952283137
  74367.366878        0.000401596997494
  74411.333659        0.000401241793926
  74455.300440        0.000400888141578
  74499.267220        0.000400537146268
  74543.234001        0.000400188477219
  74587.200782        0.000399840907854
  74631.167562        0.000399493789987
  74675.134343        0.000399147776770
  74719.101124        0.000398804083058
  74763.067904        0.000398462986671
  74807.034685        0.000398123350712
  74851.001466        0.000397783686059
  74894.968246        0.000397443731326
  74938.935027        0.000397104890534
  74982.901808        0.000396768922911
  75026.868588        0.000396436266021
  75070.835369        0.000396105567558
  75114.802149        0.000395775005425
  75158.768930        0.000395444000342
  75202.735711        0.000395113623534
  75246.702491        0.000394785405933
  75290.669272        0.000394459753218
  75334.636053        0.000394135716916
  75378.602833        0.000393812165348
  75422.569614        0.000393489102227
  75466.536395        0.000393167646481
  75510.503175        0.000392848680521
  75554.469956        0.000392531735176
  75598.436737        0.000392215284611
  75642.403517        0.000391898336572
  75686.370298        0.000391581563168
  75730.337079        0.000391266785062
  75774.303859        0.000390955248186
  75818.270640        0.000390646365717
  75862.237421        0.000390338300252
  75906.204201        0.000390029689740
  75950.170982        0.000389720894625
  75994.137763        0.000389413473842
  76038.104543        0.000389108537299
  76082.071324        0.000388805731494
  76126.038105        0.000388503783350
  76170.004885        0.000388202033604
  76213.971666        0.000387901146044
  76257.938447        0.000387602317482
  76301.905227        0.000387305815002
  76345.872008        0.000387010481015
  76389.838788        0.000386714877350
  76433.805569        0.000386418816774
  76477.772350        0.000386123756163
  76521.739130        0.000385831442643
  76565.705911        0.000385542211764
  76609.672692        0.000385254635142
  76653.639472        0.000384966861531
  76697.606253        0.000384678384159
  76741.573034        0.000384390366712
  76785.539814        0.000384104383856
  76829.506595        0.000383820835614
  76873.473376        0.000383538712167
  76917.440156        0.000383256863580
  76961.406937        0.000382975282844
  77005.373718        0.000382695094816
  77049.340498        0.000382417168680
  77093.307279        0.000382141006117
  77137.274060        0.000381865108072
  77181.240840        0.000381588530953
  77225.207621        0.000381312029033
  77269.174402        0.000381037432747
  77313.141182        0.000380765923097
  77357.107963        0.000380496817242
  77401.074744        0.000380228206929
  77445.041524        0.000379958772970
  77489.008305        0.000379688953578
  77532.975085        0.000379420394108
  77576.941866        0.000379154213327
  77620.908647        0.000378890010417
  77664.875427        0.000378626472914
  77708.842208        0.000378362911536
  77752.808989        0.000378100008640
  77796.775769        0.000377838946393
  77840.742550        0.000377579978103
  77884.709331        0.000377321940840
  77928.676111        0.000377063429330
  77972.642892        0.000376804340328
  78016.609673        0.000376546165001
  78060.576453        0.000376290635204
  78104.543234        0.000376037984543
  78148.510015        0.000375786698872
  78192.476795        0.000375534918699
  78236.443576        0.000375282200273
  78280.410357        0.000375029817186
  78324.377137        0.000374779378970
  78368.343918        0.000374531273727
  78412.310699        0.000374284430774
  78456.277479        0.000374037663888
  78500.244260        0.000373790972600
  78544.211041        0.000373545478142
  78588.177821        0.000373302054757
  78632.144602        0.000373060177975
  78676.111383        0.000372818374152
  78720.078163        0.000372575758703
  78764.044944        0.000372333148472
  78808.011724        0.000372092395079
  78851.978505        0.000371854598686
  78895.945286        0.000371618989160
  78939.912066        0.000371383594606
  78983.878847        0.000371147139402
  79027.845628        0.000370910161110
  79071.812408        0.000370674377557
  79115.779189        0.000370440928059
  79159.745970        0.000370209347657
  79203.712750        0.000369978281919
  79247.679531        0.000369747015307
  79291.646312        0.000369516240900
  79335.613092        0.000369287148729
  79379.579873        0.000369059968541
  79423.546654        0.000368833548306
  79467.513434        0.000368606508175
  79511.480215        0.000368378822794
  79555.446996        0.000368152019383
  79599.413776        0.000367927793819
  79643.380557        0.000367706291237
  79687.347338        0.000367485898683
  79731.314118        0.000367264763868
  79775.280899        0.000367042509378
  79819.247680        0.000366820515063
  79863.214460        0.000366600433138
  79907.181241        0.000366382614820
  79951.148021        0.000366165935105
  79995.114802        0.000365949152669
  80039.081583        0.000365732278846
  80083.048363        0.000365516436382
  80127.015144        0.000365302499908
  80170.981925        0.000365089936118
  80214.948705        0.000364877279288
  80258.915486        0.000364663713585
  80302.882267        0.000364450101309
  80346.849047        0.000364238309163
  80390.815828        0.000364029357039
  80434.782609        0.000363822374559
  80478.749389        0.000363615346936
  80522.716170        0.000363407033001
  80566.682951        0.000363198086719
  80610.649731        0.000362990292258
  80654.616512        0.000362784801171
  80698.583293        0.000362581085818
  80742.550073        0.000362377728943
  80786.516854        0.000362174004728
  80830.483635        0.000361970607183
  80874.450415        0.000361768750624
  80918.417196        0.000361568646655
  80962.383977        0.000361369151420
  81006.350757        0.000361168923077
  81050.317538        0.000360967994240
  81094.284319        0.000360767939015
  81138.251099        0.000360570401671
  81182.217880        0.000360375444412
  81226.184660        0.000360181364096
  81270.151441        0.000359986314784
  81314.118222        0.000359790009473
  81358.085002        0.000359593921959
  81402.051783        0.000359399759405
  81446.018564        0.000359207821334
  81489.985344        0.000359016923186
  81533.952125        0.000358825773729
  81577.918906        0.000358634386475
  81621.885686        0.000358443909484
  81665.852467        0.000358255209520
  81709.819248        0.000358067760941
  81753.786028        0.000357880101955
  81797.752809        0.000357691478537
  81841.719590        0.000357502802928
  81885.686370        0.000357315935175
  81929.653151        0.000357131828028
  81973.619932        0.000356949498254
  82017.586712        0.000356766902062
  82061.553493        0.000356582839436
  82105.520274        0.000356398077104
  82149.487054        0.000356214476771
  82193.453835        0.000356033177414
  82237.420616        0.000355853594425
  82281.387396        0.000355674229369
  82325.354177        0.000355494348581
  82369.320957        0.000355314654164
  82413.287738        0.000355136378616
  82457.254519        0.000354959734584
  82501.221299        0.000354783569510
  82545.188080        0.000354606588989
  82589.154861        0.000354428868393
  82633.121641        0.000354252020022
  82677.088422        0.000354077637914
  82721.055203        0.000353905685282
  82765.021983        0.000353734388815
  82808.988764        0.000353561899915
  82852.955545        0.000353388038457
  82896.922325        0.000353214369165
  82940.889106        0.000353042644004
  82984.855887        0.000352873113278
  83028.822667        0.000352704509240
  83072.789448        0.000352535504888
  83116.756229        0.000352366105883
  83160.723009        0.000352197499833
  83204.689790        0.000352030553348
  83248.656571        0.000351864744020
  83292.623351        0.000351698628422
  83336.590132        0.000351531494107
  83380.556913        0.000351364313335
  83424.523693        0.000351198924439
  83468.490474        0.000351036215131
  83512.457255        0.000350875098703
  83556.424035        0.000350713499386
  83600.390816        0.000350550284272
  83644.357596        0.000350386322305
  83688.324377        0.000350223565442
  83732.291158        0.000350063127634
  83776.257938        0.000349904359286
  83820.224719        0.000349745686821
  83864.191500        0.000349586357095
  83908.158280        0.000349427104837
  83952.125061        0.000349269174161
  83996.091842        0.000349112795115
  84040.058622        0.000348956806009
  84084.025403        0.000348799952049
  84127.992184        0.000348642358548
  84171.958964        0.000348485653625
  84215.925745        0.000348331393801
  84259.892526        0.000348179431156
  84303.859306        0.000348027934086
  84347.826087        0.000347875061301
  84391.792868        0.000347720735905
  84435.759648        0.000347566628290
  84479.726429        0.000347414511388
  84523.693210        0.000347264591300
  84567.659990        0.000347115499292
  84611.626771        0.000346965871980
  84655.593552        0.000346815716339
  84699.560332        0.000346666252302
  84743.527113        0.000346518367423
  84787.493894        0.000346371526758
  84831.460674        0.000346224314154
  84875.427455        0.000346076045770
  84919.394235        0.000345927742848
  84963.361016        0.000345781224545
  85007.327797        0.000345637294706
  85051.294577        0.000345494782084
  85095.261358        0.000345351570040
  85139.228139        0.000345206608219
  85183.194919        0.000345060868121
  85227.161700        0.000344916380462
  85271.128481        0.000344774237789
  85315.095261        0.000344633699301
  85359.062042        0.000344493128126
  85403.028823        0.000344351741343
  85446.995603        0.000344210318043
  85490.962384        0.000344070124076
  85534.929165        0.000343931400791
  85578.895945        0.000343792993199
  85622.862726        0.000343653665497
  85666.829507        0.000343513601908
  85710.796287        0.000343374432277
  85754.763068        0.000343237674133
  85798.729849        0.000343103078394
  85842.696629        0.000342968749433
  85886.663410        0.000342832880252
  85930.630191        0.000342695488384
  85974.596971        0.000342558362996
  86018.563752        0.000342423288242
  86062.530532        0.000342290415029
  86106.497313        0.000342158280268
  86150.464094        0.000342025470140
  86194.430874        0.000341892017604
  86238.397655        0.000341759170159
  86282.364436        0.000341627852285
  86326.331216        0.000341497519548
  86370.297997        0.000341366774089
  86414.264778        0.000341234970360
  86458.231558        0.000341103155974
  86502.198339        0.000340973143215
  86546.165120        0.000340845640638
  86590.131900        0.000340719401939
  86634.098681        0.000340592282277
  86678.065462        0.000340463310121
  86722.032242        0.000340333577994
  86765.999023        0.000340205173282
  86809.965804        0.000340079171676
  86853.932584        0.000339954724278
  86897.899365        0.000339830126960
  86941.866146        0.000339704577915
  86985.832926        0.000339578892506
  87029.799707        0.000339454381354
  87073.766488        0.000339331282976
  87117.733268        0.000339208457431
  87161.700049        0.000339084677477
  87205.666830        0.000338960173129
  87249.633610        0.000338836579890
  87293.600391        0.000338715355305
  87337.567171        0.000338596166791
  87381.533952        0.000338477045986
  87425.500733        0.000338356234090
  87469.467513        0.000338233846959
  87513.434294        0.000338111780189
  87557.401075        0.000337991834403
  87601.367855        0.000337874077054
  87645.334636        0.000337756959699
  87689.301417        0.000337639007413
  87733.268197        0.000337520288005
  87777.234978        0.000337402089078
  87821.201759        0.000337285364549
  87865.168539        0.000337169577524
  87909.135320        0.000337053327599
  87953.102101        0.000336936014945
  87997.068881        0.000336818700477
  88041.035662        0.000336703184582
  88085.002443        0.000336590091025
  88128.969223        0.000336478089759
  88172.936004        0.000336365034908
  88216.902785        0.000336250026404
  88260.869565        0.000336134290924
  88304.836346        0.000336019965864
  88348.803127        0.000335908096391
  88392.769907        0.000335797732306
  88436.736688        0.000335687085475
  88480.703468        0.000335575359247
  88524.670249        0.000335463402228
  88568.637030        0.000335352585220
  88612.603810        0.000335243150502
  88656.570591        0.000335133962997
  88700.537372        0.000335023815738
  88744.504152        0.000334912961737
  88788.470933        0.000334803053939
  88832.437714        0.000334695479625
  88876.404494        0.000334589829446
  88920.371275        0.000334484077392
  88964.338056        0.000334376508672
  89008.304836        0.000334267359305
  89052.271617        0.000334158611680
  89096.238398        0.000334052087296
  89140.205178        0.000333947754660
  89184.171959        0.000333843972459
  89228.138740        0.000333739216971
  89272.105520        0.000333633581938
  89316.072301        0.000333528420068
  89360.039082        0.000333424702838
  89404.005862        0.000333321908706
  89447.972643        0.000333218627109
  89491.939424        0.000333114288714
  89535.906204        0.000333009973504
  89579.872985        0.000332907447416
  89623.839766        0.000332807265826
  89667.806546        0.000332708006445
  89711.773327        0.000332607534387
  89755.740107        0.000332505028536
  89799.706888        0.000332401836924
  89843.673669        0.000332300154326
  89887.640449        0.000332200965819
  89931.607230        0.000332103225907
  89975.574011        0.000332005051201
  90019.540791        0.000331905655788
  90063.507572        0.000331805936523
  90107.474353        0.000331707315777
  90151.441133        0.000331610057879
  90195.407914        0.000331513011669
  90239.374695        0.000331414995976
  90283.341475        0.000331316274957
  90327.308256        0.000331218510535
  90371.275037        0.000331123030679
  90415.241817        0.000331029337567
  90459.208598        0.000330935374031
  90503.175379        0.000330839463216
  90547.142159        0.000330741974121
  90591.108940        0.000330644972639
  90635.075721        0.000330550285039
  90679.042501        0.000330457787705
  90723.009282        0.000330365726704
  90766.976063        0.000330272551907
  90810.942843        0.000330178381591
  90854.909624        0.000330084648117
  90898.876404        0.000329992350825
  90942.843185        0.000329900972079
  90986.809966        0.000329809104370
  91030.776746        0.000329716186070
  91074.743527        0.000329623326936
  91118.710308        0.000329532249703
  91162.677088        0.000329443445213
  91206.643869        0.000329355416122
  91250.610650        0.000329266033511
  91294.577430        0.000329174579888
  91338.544211        0.000329082507911
  91382.510992        0.000328992074344
  91426.477772        0.000328904190638
  91470.444553        0.000328817704893
  91514.411334        0.000328730651761
  91558.378114        0.000328642246119
  91602.344895        0.000328553459795
  91646.311676        0.000328465757956
  91690.278456        0.000328379434320
  91734.245237        0.000328293317191
  91778.212018        0.000328206233884
  91822.178798        0.000328118467234
  91866.145579        0.000328031664549
  91910.112360        0.000327947109774
  91954.079140        0.000327864209022
  91998.045921        0.000327780883675
  92042.012702        0.000327695505568
  92085.979482        0.000327608563651
  92129.946263        0.000327522217410
  92173.913043        0.000327438267951
  92217.879824        0.000327356502700
  92261.846605        0.000327275043319
  92305.813385        0.000327192315117
  92349.780166        0.000327108478073
  92393.746947        0.000327025034915
  92437.713727        0.000326943032358
  92481.680508        0.000326861936255
  92525.647289        0.000326780345559
  92569.614069        0.000326697695593
  92613.580850        0.000326615114099
  92657.547631        0.000326534292017
  92701.514411        0.000326455641217
  92745.481192        0.000326377614567
  92789.447973        0.000326298083740
  92833.414753        0.000326216446771
  92877.381534        0.000326134261514
  92921.348315        0.000326053828639
  92965.315095        0.000325975992769
  93009.281876        0.000325899472749
  93053.248657        0.000325822240931
  93097.215437        0.000325743512985
  93141.182218        0.000325664348892
  93185.148999        0.000325586270638
  93229.115779        0.000325509588896
  93273.082560        0.000325433125709
  93317.049340        0.000325355694060
  93361.016121        0.000325277604412
  93404.982902        0.000325200482991
  93448.949682        0.000325125570113
  93492.916463        0.000325052195297
  93536.883244        0.000324978251754
  93580.850024        0.000324902186566
  93624.816805        0.000324824595466
  93668.783586        0.000324747736551
  93712.750366        0.000324673374948
  93756.717147        0.000324601194107
  93800.683928        0.000324529205082
  93844.650708        0.000324455797545
  93888.617489        0.000324381201503
  93932.584270        0.000324306983832
  93976.551050        0.000324234247003
  94020.517831        0.000324162439069
  94064.484612        0.000324090146268
  94108.451392        0.000324016809656
  94152.418173        0.000323943550262
  94196.384954        0.000323872042394
  94240.351734        0.000323802612442
  94284.318515        0.000323733671571
  94328.285296        0.000323663104740
  94372.252076        0.000323590412494
  94416.218857        0.000323517271264
  94460.185638        0.000323445996435
  94504.152418        0.000323377365923
  94548.119199        0.000323309957804
  94592.085979        0.000323241679700
  94636.052760        0.000323171767472
  94680.019541        0.000323101359130
  94723.986321        0.000323032053372
  94767.953102        0.000322964160254
  94811.919883        0.000322896496583
  94855.886663        0.000322827852117
  94899.853444        0.000322758548245
  94943.820225        0.000322690201024
  94987.787005        0.000322623992593
  95031.753786        0.000322559197856
  95075.720567        0.000322493679329
  95119.687347        0.000322425966435
  95163.654128        0.000322356770059
  95207.620909        0.000322288425377
  95251.587689        0.000322222667084
  95295.554470        0.000322159049434
  95339.521251        0.000322095490155
  95383.488031        0.000322030344536
  95427.454812        0.000321963924170
  95471.421593        0.000321897876082
  95515.388373        0.000321833343402
  95559.355154        0.000321769777372
  95603.321935        0.000321705719996
  95647.288715        0.000321640635067
  95691.255496        0.000321575624836
  95735.222277        0.000321512349386
  95779.189057        0.000321451068504
  95823.155838        0.000321390140539
  95867.122618        0.000321327492682
  95911.089399        0.000321262716504
  95955.056180        0.000321197621892
  95999.022960        0.000321134523828
  96042.989741        0.000321074114691
  96086.956522        0.000321014843348
  96130.923302        0.000320954547444
  96174.890083        0.000320892505751
  96218.856864        0.000320829936428
  96262.823644        0.000320768516700
  96306.790425        0.000320708570972
  96350.757206        0.000320648882463
  96394.723986        0.000320588216074
  96438.690767        0.000320526896100
  96482.657548        0.000320466530184
  96526.624328        0.000320408256813
  96570.591109        0.000320351291593
  96614.557890        0.000320293471403
  96658.524670        0.000320233401727
  96702.491451        0.000320171925234
  96746.458232        0.000320111435967
  96790.425012        0.000320053623277
  96834.391793        0.000319997906997
  96878.358574        0.000319942108114
  96922.325354        0.000319884562020
  96966.292135        0.000319825650197
  97010.258915        0.000319767118651
  97054.225696        0.000319710145278
  97098.192477        0.000319654191764
  97142.159257        0.000319597743796
  97186.126038        0.000319540234560
  97230.092819        0.000319482797417
  97274.059599        0.000319427023090
  97318.026380        0.000319373188783
  97361.993161        0.000319319538612
  97405.959941        0.000319264078905
  97449.926722        0.000319206496326
  97493.893503        0.000319148714451
  97537.860283        0.000319093031617
  97581.827064        0.000319040026576
  97625.793845        0.000318988077687
  97669.760625        0.000318934925931
  97713.727406        0.000318879915027
  97757.694187        0.000318824315219
  97801.660967        0.000318769919106
  97845.627748        0.000318717040065
  97889.594529        0.000318664481632
  97933.561309        0.000318610888259
  97977.528090        0.000318556687950
  98021.494871        0.000318503416789
  98065.461651        0.000318452130792
  98109.428432        0.000318402109232
  98153.395213        0.000318351013943
  98197.361993        0.000318297712359
  98241.328774        0.000318243116291
  98285.295554        0.000318189664731
  98329.262335        0.000318138919979
  98373.229116        0.000318090225166
  98417.195896        0.000318041317180
  98461.162677        0.000317990571249
  98505.129458        0.000317938333877
  98549.096238        0.000317886531547
  98593.063019        0.000317836415888
  98637.029800        0.000317787338307
  98680.996580        0.000317737778685
  98724.963361        0.000317687052544
  98768.930142        0.000317636546442
  98812.896922        0.000317587675199
  98856.863703        0.000317540643947
  98900.830484        0.000317493692397
  98944.797264        0.000317444653588
  98988.764045        0.000317393764359
  99032.730826        0.000317342770381
  99076.697606        0.000317293989269
  99120.664387        0.000317247858127
  99164.631168        0.000317202713272
  99208.597948        0.000317156207217
  99252.564729        0.000317107635022
  99296.531510        0.000317058494784
  99340.498290        0.000317010612856
  99384.465071        0.000316964478730
  99428.431851        0.000316918577856
  99472.398632        0.000316871560406
  99516.365413        0.000316823698943
  99560.332193        0.000316777129665
  99604.298974        0.000316732261670
  99648.265755        0.000316688779928
  99692.232535        0.000316643907494
  99736.199316        0.000316596699344
  99780.166097        0.000316548693718
  99824.132877        0.000316501380391
  99868.099658        0.000316457057051
  99912.066439        0.000316414783207
  99956.033219        0.000316372365297
 100000.000000        0.000316327703994
