  10000.000000        2.523221232968576
  10043.966781        2.542439216443705
  10087.933561        2.561769900525935
  10131.900342        2.581212981836884
  10175.867123        2.600770451282405
  10219.833903        2.620442012086594
  10263.800684        2.640229671501213
  10307.767465        2.660133130583195
  10351.734245        2.680154439058555
  10395.701026        2.700293231495078
  10439.667807        2.720551680697436
  10483.634587        2.740929358052254
  10527.601368        2.761428494507766
  10571.568149        2.782048656861375
  10615.534929        2.802792057418497
  10659.501710        2.823658263708459
  10703.468490        2.844649563169532
  10747.435271        2.865765492707091
  10791.402052        2.887008490303795
  10835.368832        2.908378072991354
  10879.335613        2.929876704085036
  10923.302394        2.951503895866170
  10967.269174        2.973262048903521
  11011.235955        2.995150646473315
  11055.202736        3.017172156318122
  11099.169516        3.039326040826336
  11143.136297        3.061614922777168
  11187.103078        3.084038304193095
  11231.069858        3.106598829946688
  11275.036639        3.129296037101787
  11319.003420        3.152132503157608
  11362.970200        3.175107722463347
  11406.936981        3.198224319997799
  11450.903762        3.221481754252001
  11494.870542        3.244882758500760
  11538.837323        3.268426856673148
  11582.804104        3.292116781611882
  11626.770884        3.315952137569248
  11670.737665        3.339935622706350
  11714.704446        3.364066829933609
  11758.671226        3.388348520097032
  11802.638007        3.412780262322382
  11846.604787        3.437364864949562
  11890.571568        3.462101958901416
  11934.538349        3.486994287775308
  11978.505129        3.512041563311048
  12022.471910        3.537246509879819
  12066.438691        3.562608866427974
  12110.405471        3.588131459633579
  12154.372252        3.613814067580782
  12198.339033        3.639659539520171
  12242.305813        3.665667736371534
  12286.272594        3.691841381677310
  12330.239375        3.718180384395660
  12374.206155        3.744687423936154
  12418.172936        3.771362434227501
  12462.139717        3.798208202556477
  12506.106497        3.825224769926539
  12550.073278        3.852414945433943
  12594.040059        3.879778914790338
  12638.006839        3.907319353766312
  12681.973620        3.935036490342076
  12725.940401        3.962932938036564
  12769.907181        3.991008926420035
  12813.873962        4.019267130248624
  12857.840743        4.047707907987347
  12901.807523        4.076333920586968
  12945.774304        4.105145722594856
  12989.741085        4.134145868735776
  13033.707865        4.163334992639036
  13077.674646        4.192715621329576
  13121.641426        4.222288406858799
  13165.608207        4.252055891701918
  13209.574988        4.282018857281399
  13253.541768        4.312179753597212
  13297.508549        4.342539548448138
  13341.475330        4.373100584160305
  13385.442110        4.403863932234911
  13429.408891        4.434831964344105
  13473.375672        4.466005839157408
  13517.342452        4.497387946619133
  13561.309233        4.528979612878925
  13605.276014        4.560783075132835
  13649.242794        4.592799807501380
  13693.209575        4.625031903487928
  13737.176356        4.657480910344782
  13781.143136        4.690148963675150
  13825.109917        4.723037755022983
  13869.076698        4.756149455245069
  13913.043478        4.789486001069529
  13957.010259        4.823049415133222
  14000.977040        4.856841780514601
  14044.943820        4.890864969743626
  14088.910601        4.925121094020774
  14132.877382        4.959612034087991
  14176.844162        4.994340049080757
  14220.810943        5.029307022151278
  14264.777723        5.064515504223264
  14308.744504        5.099967258965718
  14352.711285        5.135665016450813
  14396.678065        5.171610451574058
  14440.644846        5.207806331866323
  14484.611627        5.244254329379222
  14528.578407        5.280957354115690
  14572.545188        5.317917006527723
  14616.511969        5.355136464785678
  14660.478749        5.392617198019081
  14704.445530        5.430362559557810
  14748.412311        5.468374005931952
  14792.379091        5.506654983553815
  14836.345872        5.545206992107825
  14880.312653        5.584033670925970
  14924.279433        5.623136410964703
  14968.246214        5.662519077393932
  15012.212995        5.702182892438830
  15056.179775        5.742131826119038
  15100.146556        5.782367110224857
  15144.113337        5.822892833724198
  15188.080117        5.863710316998301
  15232.046898        5.904823926959802
  15276.013679        5.946234907292441
  15319.980459        5.987947856383232
  15363.947240        6.029963864730007
  15407.914021        6.072287563131228
  15451.880801        6.114920039508337
  15495.847582        6.157866013687544
  15539.814362        6.201126642276373
  15583.781143        6.244706959167178
  15627.747924        6.288608083097833
  15671.714704        6.332835306516301
  15715.681485        6.377389685356479
  15759.648266        6.422276539386773
  15803.615046        6.467496954811176
  15847.581827        6.513056323510602
  15891.548608        6.558955748127434
  15935.515388        6.605200898961214
  15979.482169        6.651792824391424
  16023.448950        6.698737418978304
  16067.415730        6.746035758788645
  16111.382511        6.793693795206349
  16155.349292        6.841712728932260
  16199.316072        6.890098641348985
  16243.282853        6.938852751041376
  16287.249634        6.987981384940418
  16331.216414        7.037485676518837
  16375.183195        7.087372072385730
  16419.149976        7.137641760743807
  16463.116756        7.188301226474654
  16507.083537        7.239351854599272
  16551.050318        7.290800346823787
  16595.017098        7.342648173242821
  16638.983879        7.394902308287940
  16682.950660        7.447564179953305
  16726.917440        7.500640794505189
  16770.884221        7.554133643833235
  16814.851001        7.608049703970096
  16858.817782        7.662390657494424
  16902.784563        7.717163722369402
  16946.751343        7.772370714373102
  16990.718124        7.828019158337529
  17034.684905        7.884110942953409
  17078.651685        7.940653612278269
  17122.618466        7.997649196065927
  17166.585247        8.055105183100970
  17210.552027        8.113023768037342
  17254.518808        8.171412647100937
  17298.485589        8.230274126873526
  17342.452369        8.289616161863252
  17386.419150        8.349441224634417
  17430.385931        8.409757295659801
  17474.352711        8.470567120220743
  17518.319492        8.531878691895210
  17562.286273        8.593694964730590
  17606.253053        8.656024138935203
  17650.219834        8.718869260826350
  17694.186615        8.782238676744106
  17738.153395        8.846135620913875
  17782.120176        8.910568406137179
  17826.086957        8.975540623997951
  17870.053737        9.041060688619718
  17914.020518        9.107132497363130
  17957.987298        9.173764746366734
  18001.954079        9.240961495790382
  18045.920860        9.308731516036033
  18089.887640        9.377079080892393
  18133.854421        9.446012832906723
  18177.821202        9.515537400353043
  18221.787982        9.585661548006243
  18265.754763        9.656390257199970
  18309.721544        9.727732639809487
  18353.688324        9.799693970777847
  18397.655105        9.872283446084753
  18441.621886        9.945506666338259
  18485.588666       10.019372683245416
  18529.555447       10.093887449412971
  18573.522228       10.169060125395303
  18617.489008       10.244896986705118
  18661.455789       10.321407511438407
  18705.422570       10.398598350365051
  18749.389350       10.476479070804109
  18793.356131       10.555056802788940
  18837.322912       10.634341058346918
  18881.289692       10.714339401517531
  18925.256473       10.795061516206415
  18969.223254       10.876515282362297
  19013.190034       10.958710626094662
  19057.156815       11.041655811963166
  19101.123596       11.125360780429512
  19145.090376       11.209834355481659
  19189.057157       11.295086520419925
  19233.023937       11.381126647816908
  19276.990718       11.467965043161561
  19320.957499       11.555611492905186
  19364.924279       11.644076541048094
  19408.891060       11.733370401265571
  19452.857841       11.823503545164462
  19496.824621       11.914486740208080
  19540.791402       12.006330530938923
  19584.758183       12.099046269160144
  19628.724963       12.192644949071424
  19672.691744       12.287138476626948
  19716.658525       12.382538160722806
  19760.625305       12.478856480892039
  19804.592086       12.576104697911322
  19848.558867       12.674295869315387
  19892.525647       12.773441364875229
  19936.492428       12.873554789414831
  19980.459209       12.974647992973482
  20024.425989       13.076735201546668
  20068.392770       13.179828625147755
  20112.359551       13.283943234927820
  20156.326331       13.389091327921735
  20200.293112       13.495288576075087
  20244.259893       13.602547542358982
  20288.226673       13.710884465290505
  20332.193454       13.820312407929006
  20376.160234       13.930848240306405
  20420.127015       14.042505343459531
  20464.093796       14.155301411761430
  20508.060576       14.269250039541408
  20552.027357       14.384369756033895
  20595.994138       14.500674678830874
  20639.960918       14.618184044363643
  20683.927699       14.736912597273623
  20727.894480       14.856880291961929
  20771.861260       14.978102169021312
  20815.828041       15.100599021223232
  20859.794822       15.224386171958225
  20903.761602       15.349485287009029
  20947.728383       15.475912435811656
  20991.695164       15.603690157912764
  21035.661944       15.732835354831892
  21079.628725       15.863371497292254
  21123.595506       15.995315906365816
  21167.562286       16.128692981392266
  21211.529067       16.263520452355380
  21255.495848       16.399823584642085
  21299.462628       16.537621000138405
  21343.429409       16.676938926575723
  21387.396190       16.817796968610985
  21431.362970       16.960222514066118
  21475.329751       17.104235820172310
  21519.296532       17.249865413608646
  21563.263312       17.397132261461518
  21607.230093       17.546065859019709
  21651.196873       17.696688257309766
  21695.163654       17.849029990566116
  21739.130435       18.003114169369908
  21783.097215       18.158972630366907
  21827.063996       18.316629349223071
  21871.030777       18.476117516458640
  21914.997557       18.637462234347534
  21958.964338       18.800697916377707
  22002.931119       18.965851100103233
  22046.897899       19.132957462043517
  22090.864680       19.302044751533156
  22134.831461       19.473150083906436
  22178.798241       19.646302262827312
  22222.765022       19.821539892395318
  22266.731803       19.998893296867749
  22310.698583       20.178402590353514
  22354.665364       20.360099974644900
  22398.632145       20.544027225483749
  22442.598925       20.730218106803942
  22486.565706       20.918716130165908
  22530.532487       21.109556445429668
  22574.499267       21.302784217631753
  22618.466048       21.498436497108930
  22662.432829       21.696560211341467
  22706.399609       21.897194692176885
  22750.366390       22.100388974429126
  22794.333170       22.306184433361153
  22838.299951       22.514632318643855
  22882.266732       22.725775982262235
  22926.233512       22.939668708031860
  22970.200293       23.156356291275891
  23014.167074       23.375894134606529
  23058.133854       23.598330723348223
  23102.100635       23.823724005267461
  23146.067416       24.052125012009455
  23190.034196       24.283594444947688
  23234.000977       24.518186087864667
  23277.967758       24.755963302415587
  23321.934538       24.996983137297992
  23365.901319       25.241311731867171
  23409.868100       25.489009452254148
  23453.834880       25.740145580388798
  23497.801661       25.994783638275550
  23541.768442       26.252996242663635
  23585.735222       26.514850530766957
  23629.702003       26.780422551152832
  23673.668784       27.049783737708761
  23717.635564       27.323013911416371
  23761.602345       27.600188812643612
  23805.569126       27.881392383594704
  23849.535906       28.166704494102110
  23893.502687       28.456213270182630
  23937.469468       28.750003276232878
  23981.436248       29.048167026256486
  24025.403029       29.350794569649111
  24069.369809       29.657983451139181
  24113.336590       29.969829349348636
  24157.303371       30.286435350857911
  24201.270151       30.607902785705015
  24245.236932       30.934340325356974
  24289.203713       31.265855604149873
  24333.170493       31.602563130438124
  24377.137274       31.944577587598022
  24421.104055       32.292020156814502
  24465.070835       32.645012850594021
  24509.037616       33.003684259493092
  24553.004397       33.368164160486707
  24596.971177       33.738588834167892
  24640.937958       34.115096766034654
  24684.904739       34.497832407277961
  24728.871519       34.886943682086653
  24772.838300       35.282584185143946
  24816.805081       35.684911640452619
  24860.771861       36.094089661698916
  24904.738642       36.510286650929899
  24948.705423       36.933676910033917
  24992.672203       37.364440965542805
  25036.638984       37.802764850908908
  25080.605765       38.248842235177037
  25124.572545       38.702872222421256
  25168.539326       39.165062257863951
  25212.506106       39.635625580057336
  25256.472887       40.114784756806316
  25300.439668       40.602768283556522
  25344.406448       41.099815882824267
  25388.373229       41.606173175515480
  25432.340010       42.122098726984845
  25476.306790       42.647857439014551
  25520.273571       43.183728175874457
  25564.240352       43.729996844492099
  25608.207132       44.286964823108974
  25652.173913       44.854940962455380
  25696.140694       45.434252030200646
  25740.107474       46.025232847658103
  25784.074255       46.628238385425327
  25828.041036       47.243632991124336
  25872.007816       47.871802958648914
  25915.974597       48.513145519132323
  25959.941378       49.168082431567093
  26003.908158       49.837047715304912
  26047.874939       50.520503398564593
  26091.841720       51.218925591901176
  26135.808500       51.932821735134070
  26179.775281       52.662716281068285
  26223.742062       53.409168475019008
  26267.708842       54.172758030162129
  26311.675623       54.954104340427484
  26355.642404       55.753850976730348
  26399.609184       56.572687254201760
  26443.575965       57.411331581949000
  26487.542745       58.270554481150441
  26531.509526       59.151162322024987
  26575.476307       60.054021277355297
  26619.443087       60.980041666789589
  26663.409868       61.930204255471615
  26707.376649       62.905544237592622
  26751.343429       63.907180708260370
  26795.310210       64.936301004101693
  26839.276991       65.994192519628911
  26883.243771       67.082229371293167
  26927.210552       68.201906983652265
  26971.177333       69.354831660773385
  27015.144113       70.542760493160145
  27059.110894       71.767594148739775
  27103.077675       73.031423950110394
  27147.044455       74.336530760737887
  27191.011236       75.685440412284564
  27234.978017       77.080933220951849
  27278.944797       78.526112079077080
  27322.911578       80.024427303321389
  27366.878359       81.579765852802325
  27410.845139       83.196499706087977
  27454.811920       84.879607665040041
  27498.778701       86.634763805623805
  27542.745481       88.468510741449123
  27586.712262       90.388416188360992
  27630.679043       92.403334705923555
  27674.645823       94.523681028576163
  27718.612604       96.761850117851651
  27762.579384       99.132702148962693
  27806.546165      101.654274761661370
  27850.512946      104.348673798997908
  27894.479726      107.243356229598504
  27938.446507      110.372840096744625
  27982.413288      113.781179166061762
  28026.380068      117.525440142213597
  28070.346849      121.680854223810542
  28114.313630      126.348435064321052
  28158.280410      131.666698601019903
  28202.247191      137.829984610971991
  28246.213972      145.118140864818912
  28290.180752      153.946004247284321
  28334.147533      164.949079672521975
  28378.114314      179.137512106545501
  28422.081094      198.184201919269697
  28466.047875      224.983099756544163
  28510.014656      264.747323640413697
  28553.981436      327.035865774352544
  28597.948217      428.068728692489685
  28641.914998      583.008841609622436
  28685.881778      747.267362759684374
  28729.848559      774.941470638783244
  28773.815340      669.933381166208846
  28817.782120      558.308518249932035
  28861.748901      476.413083706698274
  28905.715681      428.605284763424038
  28949.682462      407.400867623534168
  28993.649243      395.853125394149743
  29037.616023      381.144443294645328
  29081.582804      366.311119018661600
  29125.549585      353.950380294117963
  29169.516365      348.558823063132252
  29213.483146      348.096594767381305
  29257.449927      350.185076447143331
  29301.416707      357.067594460948158
  29345.383488      370.826407883934849
  29389.350269      379.929440464717743
  29433.317049      373.326863381643989
  29477.283830      365.968907941372095
  29521.250611      365.826442872672885
  29565.217391      368.831436912707090
  29609.184172      374.407136300036257
  29653.150953      387.502938087985399
  29697.117733      405.252006384100582
  29741.084514      417.721769638587773
  29785.051295      423.288255129635616
  29829.018075      430.788378848458763
  29872.984856      440.587693757123418
  29916.951637      448.228370360964902
  29960.918417      453.283608718316032
  30004.885198      461.173394083948665
  30048.851979      473.104671232354463
  30092.818759      487.395888119866640
  30136.785540      505.771494602177597
  30180.752320      529.588596025266042
  30224.719101      557.079558670632423
  30268.685882      587.143140620450367
  30312.652662      622.912785054473261
  30356.619443      662.501863968717771
  30400.586224      694.314578696820035
  30444.553004      720.796529773877523
  30488.519785      752.871692476441012
  30532.486566      793.825256644330125
  30576.453346      844.018085932111489
  30620.420127      903.584137307882088
  30664.386908      973.782681789177104
  30708.353688     1056.677042629535208
  30752.320469     1155.265651670467150
  30796.287250     1274.605001845201059
  30840.254030     1423.633616804478834
  30884.220811     1614.900247054904185
  30928.187592     1867.949910178220307
  30972.154372     2209.780264772771261
  31016.121153     2652.090118178777175
  31060.087934     3089.172436031294183
  31104.054714     3363.882020005538379
  31148.021495     3611.040210941806436
  31191.988276     3999.316635516773204
  31235.955056     4598.782080199061056
  31279.921837     5486.118350389324405
  31323.888617     6768.741279721039973
  31367.855398     8630.150813139840466
  31411.822179    11426.600137042352799
  31455.788959    15831.848156560077769
  31499.755740    23075.646311505821359
  31543.722521    35129.082919108950591
  31587.689301    52971.656274298744393
  31631.656082    67981.992247714777477
  31675.622863    63419.785889805374609
  31719.589643    46199.989056780308601
  31763.556424    31028.654396830748738
  31807.523205    21170.266885180673853
  31851.489985    15234.298045454856037
  31895.456766    11725.730263807117808
  31939.423547     9596.701049849823903
  31983.390327     8099.454828037793050
  32027.357108     6912.078735553369370
  32071.323889     5924.644085356870164
  32115.290669     5129.925215134902828
  32159.257450     4556.440366679798899
  32203.224231     4144.866597318505228
  32247.191011     3812.129888510317414
  32291.157792     3574.905254446955041
  32335.124573     3463.544859857455776
  32379.091353     3497.541327418841320
  32423.058134     3716.661379982809649
  32467.024915     4135.880230072025370
  32510.991695     4749.465951114243580
  32554.958476     5741.425783561140634
  32598.925256     7396.195036564355178
  32642.892037     9543.006585564702618
  32686.858818    11204.328277490802066
  32730.825598    11910.554219070159888
  32774.792379    11915.397773534055887
  32818.759160    10960.556976192767252
  32862.725940     9226.961971259876009
  32906.692721     7414.490087039693208
  32950.659502     6177.844068621526276
  32994.626282     5589.325233767518512
  33038.593063     5471.453198541118581
  33082.559844     5765.446668003384730
  33126.526624     6539.604388734876011
  33170.493405     7724.756311860062851
  33214.460186     9164.927090044586294
  33258.426966    11111.215901220306478
  33302.393747    12530.210454400226809
  33346.360528    11545.974863185056165
  33390.327308     9449.199527849295919
  33434.294089     7817.587546868854588
  33478.260870     6857.966544743617305
  33522.227650     6498.494741635386163
  33566.194431     6655.779091393147610
  33610.161212     7262.339858657474906
  33654.127992     8263.844832650111130
  33698.094773     9745.358426489197882
  33742.061553    11999.389744155942026
  33786.028334    15567.878295629014247
  33829.995115    21326.797917950396368
  33873.961895    30497.841019343471999
  33917.928676    44052.119178097411350
  33961.895457    60590.700146669056267
  34005.862237    68136.788303094290313
  34049.829018    56810.443492959057039
  34093.795799    39831.722437197800900
  34137.762579    27137.372394281836023
  34181.729360    19289.660887657653802
  34225.696141    14680.318724079061212
  34269.662921    12060.219535947751865
  34313.629702    10501.869502262286915
  34357.596483     9286.543366290807171
  34401.563263     8192.765835452659303
  34445.530044     7196.912968163396727
  34489.496825     6298.358586673730315
  34533.463605     5529.132176967862506
  34577.430386     4900.745173801232340
  34621.397167     4437.937881243585252
  34665.363947     4175.568881475208400
  34709.330728     4102.129517079822108
  34753.297509     4222.891534432578737
  34797.264289     4578.654338550705688
  34841.231070     5160.409153188759774
  34885.197851     5980.445862875513740
  34929.164631     7278.697232821318721
  34973.131412     9118.828147694039217
  35017.098192    10949.867316925072373
  35061.064973    11939.047561467039486
  35105.031754    12108.928191963274003
  35148.998534    11607.749921573860775
  35192.965315    10234.200826328462426
  35236.932096     8392.831357125949580
  35280.898876     6787.546012385571885
  35324.865657     5830.486042007220021
  35368.832438     5446.317933207147689
  35412.799218     5486.909735657695819
  35456.765999     5939.395703319816676
  35500.732780     6858.050440934563085
  35544.699560     8076.676528969159335
  35588.666341     9476.463109578951844
  35632.633122    11102.104626888511120
  35676.599902    11433.351835045565167
  35720.566683     9625.104200604548168
  35764.533464     7499.442632245710229
  35808.500244     6040.028051153991328
  35852.467025     5237.613987890948920
  35896.433806     4944.102326221644944
  35940.400586     5047.919963160712541
  35984.367367     5438.201337134963978
  36028.334148     6011.611885353641810
  36072.300928     6858.537799193407409
  36116.267709     8224.231161289992087
  36160.234489    10459.927102199500951
  36204.201270    14034.185434109869675
  36248.168051    19344.091285659585992
  36292.134831    26207.544176974035508
  36336.101612    32815.316429386926757
  36380.068393    32566.136541422030859
  36424.035173    25096.347667165198800
  36468.001954    17460.945594194046862
  36511.968735    12324.911469284521445
  36555.935515     9266.386935356375034
  36599.902296     7532.649526959328796
  36643.869077     6600.582917195994014
  36687.835857     6013.287696802245591
  36731.802638     5456.255966966924461
  36775.769419     4899.296285244338833
  36819.736199     4350.630575470615440
  36863.702980     3812.832846339004846
  36907.669761     3328.325831330457277
  36951.636541     2945.155021123867755
  36995.603322     2699.442370354262493
  37039.570103     2591.370292546743713
  37083.536883     2598.518508506536818
  37127.503664     2722.557393910969040
  37171.470445     2981.836360344457717
  37215.437225     3353.468581846197139
  37259.404006     3872.120835136730420
  37303.370787     4637.376652012662817
  37347.337567     5526.070160208339985
  37391.304348     6176.763787351074825
  37435.271128     6360.787095342615430
  37479.237909     6226.367436592025115
  37523.204690     5751.579994207995696
  37567.171470     4940.547621352976421
  37611.138251     4051.807532640400495
  37655.105032     3392.829883448073360
  37699.071812     3051.730510732439598
  37743.038593     2959.842868850255854
  37787.005374     3068.535490762832978
  37830.972154     3383.615258425637876
  37874.938935     3911.683446489434118
  37918.905716     4523.464231868058960
  37962.872496     5190.228208158491725
  38006.839277     5779.228464634474221
  38050.806058     5486.259140338391262
  38094.772838     4485.138937568343863
  38138.739619     3610.330248415374626
  38182.706400     3029.657734734329551
  38226.673180     2678.783048280094590
  38270.639961     2547.634210895201704
  38314.606742     2600.211891837917392
  38358.573522     2748.087916078494345
  38402.540303     2938.383955760907156
  38446.507084     3244.059767477809146
  38490.473864     3782.849345503426775
  38534.440645     4678.889812887779954
  38578.407426     6069.564401120673210
  38622.374206     7938.031583511320605
  38666.340987    10035.802420403420911
  38710.307767    11394.235607574595633
  38754.274548    10161.932922183848859
  38798.241329     7530.864161197375324
  38842.208109     5377.881038603631168
  38886.174890     4032.061165614488345
  38930.141671     3263.038477189209971
  38974.108451     2855.195504813471871
  39018.075232     2650.123049144306606
  39062.042013     2493.008964747433311
  39106.008793     2319.278577850582224
  39149.975574     2144.504166277252807
  39193.942355     1951.957183634833655
  39237.909135     1735.697296291189332
  39281.875916     1534.917911573603760
  39325.842697     1384.898331614420158
  39369.809477     1297.167172004308895
  39413.776258     1268.756853158512968
  39457.743039     1290.946283101669451
  39501.709819     1360.288226294033166
  39545.676600     1470.109487055357249
  39589.643381     1609.303778442646490
  39633.610161     1808.579499307534434
  39677.576942     2075.055434629535284
  39721.543723     2317.237666138878922
  39765.510503     2428.409017463678992
  39809.477284     2403.067299651224403
  39853.444064     2293.881295510631389
  39897.410845     2076.975402293658590
  39941.377626     1791.656757923435407
  39985.344406     1529.633555089986430
  40029.311187     1363.528597576766288
  40073.277968     1292.887949355266528
  40117.244748     1296.534999376004635
  40161.211529     1366.291828444039766
  40205.178310     1503.290692396968325
  40249.145090     1693.764718436379098
  40293.111871     1884.422051358373665
  40337.078652     2075.301851287432328
  40381.045432     2156.804379277863973
  40425.012213     1927.817284694886212
  40468.978994     1586.962547069963193
  40512.945774     1337.313213108356194
  40556.912555     1193.298665544483811
  40600.879336     1130.194171392595536
  40644.846116     1131.529727846310379
  40688.812897     1175.976694773239615
  40732.779678     1223.776772130687505
  40776.746458     1271.732868474669431
  40820.713239     1358.260754882244328
  40864.680020     1519.267666746161012
  40908.646800     1781.451630628808289
  40952.613581     2166.022856785837121
  40996.580362     2619.595255084288965
  41040.547142     3054.105818986466602
  41084.513923     3143.945793804633013
  41128.480703     2652.353641516200696
  41172.447484     2043.174744536777780
  41216.414265     1613.807110766889764
  41260.381045     1362.751362942390415
  41304.347826     1229.393240004037807
  41348.314607     1168.126425364069746
  41392.281387     1138.987644390737387
  41436.248168     1105.042115349541518
  41480.214949     1061.410337884650971
  41524.181729     1014.953176750489774
  41568.148510      963.645860572932975
  41612.115291      912.889486150723883
  41656.082071      873.738988623733576
  41700.048852      853.529041575216183
  41744.015633      852.428781070156219
  41787.982413      866.436981831556409
  41831.949194      892.329268237253928
  41875.915975      929.915673534718621
  41919.882755      977.861024506732520
  41963.849536     1034.515308267543105
  42007.816317     1107.521044807007456
  42051.783097     1187.556430348867252
  42095.749878     1246.859320446050106
  42139.716659     1270.438615194403610
  42183.683439     1269.658185653785495
  42227.650220     1251.884497863405386
  42271.617000     1213.938498298138484
  42315.583781     1171.110359560839470
  42359.550562     1144.878080807669221
  42403.517342     1144.615626017327031
  42447.484123     1166.653378151182778
  42491.450904     1207.546592583528309
  42535.417684     1266.097720189811980
  42579.384465     1342.647430121657180
  42623.351246     1430.271250514143048
  42667.318026     1516.074985531512766
  42711.284807     1599.979742060226272
  42755.251588     1641.494348044444678
  42799.218368     1624.183891273379459
  42843.185149     1610.250477933134107
  42887.151930     1629.552021960852471
  42931.118710     1680.336554034646724
  42975.085491     1756.758405326210323
  43019.052272     1854.509937652662757
  43063.019052     1966.017895667431276
  43106.985833     2081.280836366338463
  43150.952614     2207.029968842185554
  43194.919394     2356.976372846394497
  43238.886175     2540.326023681681363
  43282.852956     2763.614289037779599
  43326.819736     3028.572784368550856
  43370.786517     3319.865198608871196
  43414.753298     3620.759006348706407
  43458.720078     3865.632530504146871
  43502.686859     4071.670363141676262
  43546.653639     4339.789524681201328
  43590.620420     4711.728535212375391
  43634.587201     5195.863719666837824
  43678.553981     5803.483855909405975
  43722.520762     6556.961270060077368
  43766.487543     7490.411432509707993
  43810.454323     8659.424285111508652
  43854.421104    10155.714668985539902
  43898.387885    12117.916518370982885
  43942.354665    14763.296130538183206
  43986.321446    18450.388847118454578
  44030.288227    23788.710913318402163
  44074.255007    31817.417300295786845
  44118.221788    44115.006443682927056
  44162.188569    62206.477329520195781
  44206.155349    87204.323553921800340
  44250.122130   122470.646987848624121
  44294.088911   165447.417435312207090
  44338.055691   182947.312398290465353
  44382.022472   154334.318451996485237
  44425.989253   115854.069249775726348
  44469.956033    88102.192992224328918
  44513.922814    70110.404885825060774
  44557.889595    59860.514705265697557
  44601.856375    54624.845470379368635
  44645.823156    49066.411166318437608
  44689.789936    41026.603085492773971
  44733.756717    33443.501414688085788
  44777.723498    28108.926045478281594
  44821.690278    24904.527404095420934
  44865.657059    23540.642557378836500
  44909.623840    23614.362439513046411
  44953.590620    24841.918617302992061
  44997.557401    26503.184915249126789
  45041.524182    27124.171204740217945
  45085.490962    27784.277227327151195
  45129.457743    30202.882159169956140
  45173.424524    33133.680180541559821
  45217.391304    34552.995454528827395
  45261.358085    36380.702326480110059
  45305.324866    40249.174777262109274
  45349.291646    43616.308745115667989
  45393.258427    42552.770859835087322
  45437.225208    39093.338060590773239
  45481.191988    36377.024305316925165
  45525.158769    33930.838857185204688
  45569.125550    30711.635352151683037
  45613.092330    27915.021935750417470
  45657.059111    26256.519662456023070
  45701.025892    25116.225470204601152
  45744.992672    24650.288659261790599
  45788.959453    25510.420827682166419
  45832.926234    27551.076770945626777
  45876.893014    30499.947096731266356
  45920.859795    35023.373099726355576
  45964.826575    40396.883907161107345
  46008.793356    41158.613610622749547
  46052.760137    35702.436622972651094
  46096.726917    29806.792092935043911
  46140.693698    26057.596719605815451
  46184.660479    24115.365984504922380
  46228.627259    23324.716770584098413
  46272.594040    23188.942553599925304
  46316.560821    23249.328623000925290
  46360.527601    23469.947931429687742
  46404.494382    24322.480171209794207
  46448.461163    26483.845189139763534
  46492.427943    30746.462370838547940
  46536.394724    37519.043047699218732
  46580.361505    47161.830711611430161
  46624.328285    60750.206665975041687
  46668.295066    74321.199562716836226
  46712.261847    73802.227760013891384
  46756.228627    60533.711002296789957
  46800.195408    48135.820629855661537
  46844.162189    39878.474086135160178
  46888.128969    34546.589541644912970
  46932.095750    31781.068397500974243
  46976.062531    30423.439550626659184
  47020.029311    28237.396167989965761
  47063.996092    24763.617515426936734
  47107.962872    21550.406407024831424
  47151.929653    19340.560324845537252
  47195.896434    17939.049785942970630
  47239.863214    17101.415690277717658
  47283.829995    16842.569561879721732
  47327.796776    17063.376893053031381
  47371.763556    17171.026415905551403
  47415.730337    16938.991879260182031
  47459.697118    17156.357282110267988
  47503.663898    18106.769621320396254
  47547.630679    18962.452855069812358
  47591.597460    19495.153536026777147
  47635.564240    20499.367485912829579
  47679.531021    21681.522072888059483
  47723.497802    21690.142977582563617
  47767.464582    20189.787107350108272
  47811.431363    18574.682155092748872
  47855.398144    17445.238221289324429
  47899.364924    16303.280580692016883
  47943.331705    14985.748773005290786
  47987.298486    13983.225450464964524
  48031.265266    13303.046399350210777
  48075.232047    12759.647847257467220
  48119.198828    12556.854110068787122
  48163.165608    12874.429470825378303
  48207.132389    13574.467567967585637
  48251.099170    14649.518268967232871
  48295.065950    16317.479270243133215
  48339.032731    17760.795087767703080
  48382.999511    16941.280772323720157
  48426.966292    14576.606522633866916
  48470.933073    12604.963993294697502
  48514.899853    11398.005020188031267
  48558.866634    10708.154219404033938
  48602.833415    10330.853112579890876
  48646.800195    10101.463080613064449
  48690.766976     9829.853586493774856
  48734.733757     9524.700674810857890
  48778.700537     9366.855107489322108
  48822.667318     9566.976738800309249
  48866.634099    10264.083026632168185
  48910.600879    11471.652055976117481
  48954.567660    13272.696813881004346
  48998.534441    15729.280702027070220
  49042.501221    17375.149782309137663
  49086.468002    16065.330180997949356
  49130.434783    13491.684411602080218
  49174.401563    11559.527645638854665
  49218.368344    10279.472817515792485
  49262.335125     9456.847550781893005
  49306.301905     9077.055688341524728
  49350.268686     8816.650771655937206
  49394.235467     8232.274942030358943
  49438.202247     7406.836123410024811
  49482.169028     6714.111543074861402
  49526.135809     6241.683749454207828
  49570.102589     5898.097377930022958
  49614.069370     5650.168298354829858
  49658.036150     5533.355219767448034
  49702.002931     5481.748509605178697
  49745.969712     5362.385092962169438
  49789.936492     5238.658837192199826
  49833.903273     5264.891130508986862
  49877.870054     5403.985583836624755
  49921.836834     5494.356173358477463
  49965.803615     5599.050192676958432
  50009.770396     5780.489699605574970
  50053.737176     5829.465783926071708
  50097.703957     5567.787126528915906
  50141.670738     5142.734064143055548
  50185.637518     4805.003680633856675
  50229.604299     4555.068414307284911
  50273.571080     4284.045243109326293
  50317.537860     4015.655238642725180
  50361.504641     3814.750114405926524
  50405.471422     3650.834255089384897
  50449.438202     3516.428446691492354
  50493.404983     3465.635994487657172
  50537.371764     3509.909893455770089
  50581.338544     3617.066591056942343
  50625.305325     3804.687865701892861
  50669.272106     4081.059642986912877
  50713.238886     4184.970564115014895
  50757.205667     3857.074436561326820
  50801.172447     3403.258983883104065
  50845.139228     3075.513814951559198
  50889.106009     2868.359324067780562
  50933.072789     2734.027072657117060
  50977.039570     2645.249202868933480
  51021.006351     2568.274379680176935
  51064.973131     2468.713505880216417
  51108.939912     2361.331968337361559
  51152.906693     2286.392487075906047
  51196.873473     2275.558287661825489
  51240.840254     2335.992467303874946
  51284.807035     2463.724780979123352
  51328.773815     2672.449015714015786
  51372.740596     2929.061993218302632
  51416.707377     2974.107218369580096
  51460.674157     2696.347644169543400
  51504.640938     2388.514021274257630
  51548.607719     2179.378720079363120
  51592.574499     2031.472231790791511
  51636.541280     1937.920395686467600
  51680.508061     1891.609968674396441
  51724.474841     1833.211104706094829
  51768.441622     1717.765768897093949
  51812.408403     1585.202789306292743
  51856.375183     1482.427261536876813
  51900.341964     1407.501264407233066
  51944.308745     1344.339743065830135
  51988.275525     1295.631250231573404
  52032.242306     1265.027297969468691
  52076.209086     1235.733804920132798
  52120.175867     1197.371234284973752
  52164.142648     1169.292650792869836
  52208.109428     1164.175149255436281
  52252.076209     1167.326040109361429
  52296.042990     1166.077613332399778
  52340.009770     1174.486380105017133
  52383.976551     1180.466497041545836
  52427.943332     1150.963077186729151
  52471.910112     1085.782993766565141
  52515.876893     1018.603731316567405
  52559.843674      969.119190647361052
  52603.810454      927.298805698774459
  52647.777235      882.891761104545594
  52691.744016      843.226255668862109
  52735.710796      810.817961402305627
  52779.677577      781.098618971398764
  52823.644358      757.436867847114627
  52867.611138      746.302601193882538
  52911.577919      745.864224629938803
  52955.544700      752.864912294423902
  52999.511480      770.942112152246978
  53043.478261      793.206475750836603
  53087.445042      778.651592010119884
  53131.411822      720.802364289539469
  53175.378603      663.910729413964077
  53219.345383      624.190532351507386
  53263.312164      596.164610996558849
  53307.278945      575.271275640769886
  53351.245725      558.888492119221382
  53395.212506      541.830961120789425
  53439.179287      521.035559377894742
  53483.146067      500.436470652936350
  53527.112848      485.289779207584161
  53571.079629      477.895829174787991
  53615.046409      477.576814322029804
  53659.013190      484.114038810398824
  53702.979971      498.502725817334181
  53746.946751      511.330036415243342
  53790.913532      497.081238426278560
  53834.880313      462.998350074151119
  53878.847093      434.344780878928020
  53922.813874      414.068941942688809
  53966.780655      398.277973357140695
  54010.747435      387.811170206176712
  54054.714216      380.125352085573013
  54098.680997      368.384746114138011
  54142.647777      351.108770641178808
  54186.614558      334.394606176042771
  54230.581339      321.410610853661808
  54274.548119      310.652528952346415
  54318.514900      300.826719014940352
  54362.481681      292.884801753884744
  54406.448461      286.475338975729528
  54450.415242      279.540403680885220
  54494.382022      272.374233493415431
  54538.348803      267.170634300178733
  54582.315584      264.097258480481173
  54626.282364      261.312648570247632
  54670.249145      258.769239655523279
  54714.215926      257.253698216544251
  54758.182706      253.714997118872162
  54802.149487      246.024835825524349
  54846.116268      236.345377752268405
  54890.083048      227.937259592024475
  54934.049829      221.279844693766563
  54978.016610      215.019874021390365
  55021.983390      208.810048874891976
  55065.950171      203.315280524306047
  55109.916952      198.313433569936421
  55153.883732      193.590966653086099
  55197.850513      189.775629273089294
  55241.817294      187.230957365538160
  55285.784074      185.547105799603230
  55329.750855      184.605997101657323
  55373.717636      184.694324740488781
  55417.684416      184.135925796784448
  55461.651197      179.350516816300370
  55505.617978      172.152735771304208
  55549.584758      166.037350333806671
  55593.551539      161.374537798283484
  55637.518319      157.552820035066276
  55681.485100      154.318929020055236
  55725.451881      151.391004389510925
  55769.418661      148.217518717658095
  55813.385442      144.739247645502445
  55857.352223      141.486471819449974
  55901.319003      138.874809015304606
  55945.285784      136.939680992394472
  55989.252565      135.565973904008786
  56033.219345      134.788740454762291
  56077.186126      134.541361859390719
  56121.152907      133.571278620017466
  56165.119687      130.524795935984741
  56209.086468      126.920345462197091
  56253.053249      124.032103755576813
  56297.020029      121.630536965496816
  56340.986810      119.566651233446933
  56384.953591      117.909544489811267
  56428.920371      116.264182153931245
  56472.887152      114.144806590057385
  56516.853933      111.736230846402833
  56560.820713      109.555666111508359
  56604.787494      107.685719633007039
  56648.754275      105.946306145254894
  56692.721055      104.311110909037978
  56736.687836      102.864489423405516
  56780.654617      101.499640498208606
  56824.621397      100.085657702876844
  56868.588178       98.744649961150429
  56912.554958       97.609317247452211
  56956.521739       96.612821136961813
  57000.488520       95.634958614097442
  57044.455300       94.742617324503854
  57088.422081       93.873976835942230
  57132.388862       92.729101923273134
  57176.355642       91.310970946787336
  57220.322423       89.884854844224662
  57264.289204       88.625597469856260
  57308.255984       87.485957719982139
  57352.222765       86.373181246463403
  57396.189546       85.303896563948584
  57440.156326       84.299407764255335
  57484.123107       83.327756765422237
  57528.089888       82.401182208388349
  57572.056668       81.572762511334261
  57616.023449       80.841460512446830
  57659.990230       80.170970316190107
  57703.957010       79.568494580184549
  57747.923791       79.030371404475858
  57791.890572       78.354849133922613
  57835.857352       77.382390659661112
  57879.824133       76.359869019849398
  57923.790914       75.455615864726539
  57967.757694       74.643756135428092
  58011.724475       73.888347228814013
  58055.691255       73.179131207742728
  58099.658036       72.485203594684677
  58143.624817       71.768461478951806
  58187.591597       71.046170714410010
  58231.558378       70.362620444152370
  58275.525159       69.736744662352109
  58319.491939       69.160284984206584
  58363.458720       68.627359428745507
  58407.425501       68.142111867053458
  58451.392281       67.680789559352789
  58495.359062       67.142604658503515
  58539.325843       66.508766379815029
  58583.292623       65.892950426077633
  58627.259404       65.328716594116017
  58671.226185       64.791200586420672
  58715.192965       64.282918026522452
  58759.159746       63.799360056458269
  58803.126527       63.304803234938696
  58847.093307       62.780820109892993
  58891.060088       62.256607665923710
  58935.026869       61.759174276759111
  58978.993649       61.283478003812448
  59022.960430       60.818054068970298
  59066.927211       60.366922411002591
  59110.893991       59.932250495840151
  59154.860772       59.503007855305263
  59198.827553       59.076362003091120
  59242.794333       58.663443654805732
  59286.761114       58.267809937837441
  59330.727894       57.881828611649709
  59374.694675       57.502014293765100
  59418.661456       57.133064593019377
  59462.628236       56.761154274094665
  59506.595017       56.370907639535481
  59550.561798       55.973487253105006
  59594.528578       55.586344885535134
  59638.495359       55.213931528405645
  59682.462140       54.850535189808362
  59726.428920       54.492650701660835
  59770.395701       54.142321264366053
  59814.362482       53.798581906384328
  59858.329262       53.459867928212780
  59902.296043       53.128546585399413
  59946.262824       52.807012491877607
  59990.229604       52.493412653967361
  60034.196385       52.185997647213284
  60078.163166       51.885779554162688
  60122.129946       51.589454576540199
  60166.096727       51.282056612370027
  60210.063508       50.963591044264248
  60254.030288       50.650426590667259
  60297.997069       50.347103382213717
  60341.963850       50.050625735212947
  60385.930630       49.759795015316548
  60429.897411       49.473892504260867
  60473.864191       49.190307253295252
  60517.830972       48.907516182723050
  60561.797753       48.627818595829432
  60605.764533       48.353625498728029
  60649.731314       48.085187435424224
  60693.698095       47.821654418496657
  60737.664875       47.563020395427401
  60781.631656       47.309244252152126
  60825.598437       47.057533862468887
  60869.565217       46.802793773813747
  60913.531998       46.547654237733617
  60957.498779       46.297093972410742
  61001.465559       46.050878550030689
  61045.432340       45.807917985902961
  61089.399121       45.568682095046931
  61133.365901       45.332035550435748
  61177.332682       45.095914067307859
  61221.299463       44.860372724281326
  61265.266243       44.627507262520240
  61309.233024       44.398088812832981
  61353.199805       44.171444876821013
  61397.166585       43.947164333854978
  61441.133366       43.725642088693675
  61485.100147       43.506628037171566
  61529.066927       43.289473439931008
  61573.033708       43.074368798985908
  61617.000489       42.861873224700240
  61660.967269       42.651844698566016
  61704.934050       42.443840545258759
  61748.900830       42.237913260910069
  61792.867611       42.034054555116647
  61836.834392       41.831086993653926
  61880.801172       41.628747863200829
  61924.767953       41.428000955605704
  61968.734734       41.229564912495043
  62012.701514       41.033339661786052
  62056.668295       40.839008534171505
  62100.635076       40.646504286187820
  62144.601856       40.455878173585738
  62188.568637       40.266970806000472
  62232.535418       40.079770699025310
  62276.502198       39.894416277638676
  62320.468979       39.710930147125097
  62364.435760       39.529133547475070
  62408.402540       39.348986244790886
  62452.369321       39.170503587892760
  62496.336102       38.993285344359542
  62540.302882       38.816620697871699
  62584.269663       38.640984403662181
  62628.236444       38.467042374001309
  62672.203224       38.294789212081625
  62716.170005       38.124058705577909
  62760.136786       37.954826855526171
  62804.103566       37.787003467102672
  62848.070347       37.620427144249106
  62892.037128       37.455076790901877
  62936.003908       37.291104562196573
  62979.970689       37.128580261237978
  63023.937469       36.967465165233783
  63067.904250       36.807707884959484
  63111.871031       36.649312461403881
  63155.837811       36.492228733551215
  63199.804592       36.336248187076976
  63243.771373       36.181219723005292
  63287.738153       36.027359557137622
  63331.704934       35.874787582053472
  63375.671715       35.723427337054908
  63419.638495       35.573253946835081
  63463.605276       35.424264940946323
  63507.572057       35.276356228334748
  63551.538837       35.129441694239802
  63595.505618       34.983571737506360
  63639.472399       34.838828538539985
  63683.439179       34.695207959771110
  63727.405960       34.552658204220307
  63771.372741       34.411173676273542
  63815.339521       34.270754421495091
  63859.306302       34.131367115492097
  63903.273083       33.992974745710455
  63947.239863       33.855596327799383
  63991.206644       33.719231632296129
  64035.173425       33.583861573383032
  64079.140205       33.449455876141727
  64123.106986       33.316024899710804
  64167.073766       33.183528475213805
  64211.040547       33.051910034029127
  64255.007328       32.921172822262903
  64298.974108       32.791367065515978
  64342.940889       32.662491715851793
  64386.907670       32.534536308090416
  64430.874450       32.407472075613271
  64474.841231       32.281303397663706
  64518.808012       32.156008316962485
  64562.774792       32.031582655230281
  64606.741573       31.908010716071161
  64650.708354       31.785302149181348
  64694.675134       31.663432578583596
  64738.641915       31.542399791721721
  64782.608696       31.422184045475024
  64826.575476       31.302788297499525
  64870.542257       31.184164117855811
  64914.509038       31.066301014652385
  64958.475818       30.949212224522505
  65002.442599       30.832923245991736
  65046.409380       30.717406485927796
  65090.376160       30.602666023953997
  65134.342941       30.488679832946982
  65178.309722       30.375449972572945
  65222.276502       30.262948199755545
  65266.243283       30.151186116806066
  65310.210064       30.040148756845181
  65354.176844       29.929846850514526
  65398.143625       29.820255442230494
  65442.110405       29.711384224165883
  65486.077186       29.603211231437317
  65530.043967       29.495742328298856
  65574.010747       29.388945497702419
  65617.977528       29.282830861889916
  65661.944309       29.177385115672273
  65705.911089       29.072620132840143
  65749.877870       28.968509838410988
  65793.844651       28.865066419648866
  65837.811431       28.762265901076759
  65881.778212       28.660114401669489
  65925.744993       28.558588491612255
  65969.711773       28.457703534324192
  66013.678554       28.357439655872327
  66057.645335       28.257807766888615
  66101.612115       28.158783795192601
  66145.578896       28.060380138975201
  66189.545677       27.962574278086578
  66233.512457       27.865375739585161
  66277.479238       27.768762309137596
  66321.446019       27.672746777471417
  66365.412799       27.577307384582632
  66409.379580       27.482455672902919
  66453.346361       27.388169973846736
  66497.313141       27.294462344068993
  66541.279922       27.201309413261324
  66585.246702       27.108720420160335
  66629.213483       27.016676231190182
  66673.180264       26.925189723858864
  66717.147044       26.834240371355701
  66761.113825       26.743839506793840
  66805.080606       26.653967129785055
  66849.047386       26.564634320590148
  66893.014167       26.475821323547692
  66936.980948       26.387537889944447
  66980.947728       26.299764952735238
  67024.914509       26.212512656080079
  67068.881290       26.125761755210270
  67112.848070       26.039522399581625
  67156.814851       25.953776772851043
  67200.781632       25.868533952727617
  67244.748412       25.783775611617358
  67288.715193       25.699510633433594
  67332.681974       25.615723631197699
  67376.648754       25.532423586771401
  67420.615535       25.449593786117060
  67464.582316       25.367242549764310
  67508.549096       25.285354295411924
  67552.515877       25.203935852022436
  67596.482658       25.122972484378270
  67640.449438       25.042471133993399
  67684.416219       24.962418074173122
  67728.383000       24.882820199946142
  67772.349780       24.803664143628247
  67816.316561       24.724956102487166
  67860.283341       24.646683570731891
  67904.250122       24.568850857258401
  67948.216903       24.491445819536224
  67992.183683       24.414472726402117
  68036.150464       24.337920707956869
  68080.117245       24.261794103019312
  68124.084025       24.186082867719328
  68168.050806       24.110790691117682
  68212.017587       24.035908461076097
  68255.984367       23.961438024420023
  68299.951148       23.887370868711109
  68343.917929       23.813708545428288
  68387.884709       23.740443044917175
  68431.851490       23.667575736112724
  68475.818271       23.595099806714668
  68519.785051       23.523015861103605
  68563.751832       23.451318323911302
  68607.718613       23.380006430429688
  68651.685393       23.309075185445586
  68695.652174       23.238523456274603
  68739.618955       23.168346652653611
  68783.585735       23.098543225077222
  68827.552516       23.029109681485913
  68871.519297       22.960043269908599
  68915.486077       22.891341518178706
  68959.452858       22.823000683518444
  69003.419638       22.755019174932123
  69047.386419       22.687393253209578
  69091.353200       22.620121950766531
  69135.319980       22.553201020673875
  69179.286761       22.486630481171108
  69223.253542       22.420404537172626
  69267.220322       22.354523897379377
  69311.187103       22.288981762485129
  69355.153884       22.223779404749756
  69399.120664       22.158910209867074
  69443.087445       22.094376454333663
  69487.054226       22.030171211228254
  69531.021006       21.966297942007238
  69574.987787       21.902748219847808
  69618.954568       21.839525898130805
  69662.921348       21.776621621272113
  69706.888129       21.714039492429670
  69750.854910       21.651770168948541
  69794.821690       21.589818689892606
  69838.788471       21.528175358990872
  69882.755252       21.466846511155197
  69926.722032       21.405821329880371
  69970.688813       21.345106611116712
  70014.655594       21.284690950417030
  70058.622374       21.224581188418497
  70102.589155       21.164765804614646
  70146.555936       21.105252356671642
  70190.522716       21.046028642654850
  70234.489497       20.987103238467181
  70278.456277       20.928463032306013
  70322.423058       20.870117020854604
  70366.389839       20.812052059004365
  70410.356619       20.754277395615240
  70454.323400       20.696779933848216
  70498.290181       20.639569593411313
  70542.256961       20.582632362727555
  70586.223742       20.525978684690891
  70630.190523       20.469593616001823
  70674.157303       20.413487665803547
  70718.124084       20.357646134622048
  70762.090865       20.302079923188895
  70806.057645       20.246774668266603
  70850.024426       20.191742149680618
  70893.991207       20.136967249636715
  70937.957987       20.082462005076920
  70981.924768       20.028210466587065
  71025.891549       19.974224250172991
  71069.858329       19.920487618584481
  71113.825110       19.867012412290268
  71157.791891       19.813783232835942
  71201.758671       19.760812866666999
  71245.725452       19.708085482145933
  71289.692233       19.655614089826749
  71333.659013       19.603382494039732
  71377.625794       19.551403123454172
  71421.592574       19.499660044047058
  71465.559355       19.448165657537729
  71509.526136       19.396904087807297
  71553.492916       19.345888357511424
  71597.459697       19.295102249272137
  71641.426478       19.244558848311129
  71685.393258       19.194242119048631
  71729.360039       19.144164690844935
  71773.326820       19.094311123286015
  71817.293600       19.044694066204464
  71861.260381       18.995298007636258
  71905.227162       18.946135794634266
  71949.193942       18.897191468408707
  71993.160723       18.848477444098197
  72037.127504       18.799978180694350
  72081.094284       18.751705664641605
  72125.061065       18.703645280914191
  72169.027846       18.655809305524091
  72212.994626       18.608183255038703
  72256.961407       18.560779447607040
  72300.928188       18.513583047284211
  72344.894968       18.466605443128206
  72388.861749       18.419832205272506
  72432.828530       18.373274053824836
  72476.795310       18.326917460796945
  72520.762091       18.280773513762405
  72564.728872       18.234829046469549
  72608.695652       18.189095202581960
  72652.662433       18.143558889381183
  72696.629213       18.098230186715874
  72740.595994       18.053096547420399
  72784.562775       18.008167195752442
  72828.529555       17.963430233754888
  72872.496336       17.918895003195395
  72916.463117       17.874549892785549
  72960.429897       17.830404101771876
  73004.396678       17.786446504404960
  73048.363459       17.742685330018507
  73092.330239       17.699110382216656
  73136.297020       17.655729211817910
  73180.263801       17.612532199951733
  73224.230581       17.569526773536769
  73268.197362       17.526703392705453
  73312.164143       17.484068852984812
  73356.130923       17.441614175726070
  73400.097704       17.399345119760369
  73444.064485       17.357253904871314
  73488.031265       17.315345972057962
  73531.998046       17.273614308724898
  73575.964827       17.232064288965237
  73619.931607       17.190689017016410
  73663.898388       17.149492828622439
  73707.865169       17.108469307042569
  73751.831949       17.067621492128829
  73795.798730       17.026944056779481
  73839.765511       16.986439851846388
  73883.732291       16.946104406805979
  73927.699072       16.905940653996481
  73971.665852       16.865944555870275
  74015.632633       16.826117960883501
  74059.599414       16.786457440532402
  74103.566194       16.746963452982445
  74147.532975       16.707633392585517
  74191.499756       16.668467414218561
  74235.466536       16.629463533616981
  74279.433317       16.590621855511397
  74323.400098       16.551941032267312
  74367.366878       16.513420171719847
  74411.333659       16.475058861501882
  74455.300440       16.436855114708820
  74499.267220       16.398809291778409
  74543.234001       16.360919110157102
  74587.200782       16.323185248814514
  74631.167562       16.285604995144226
  74675.134343       16.248179544295528
  74719.101124       16.210905060843746
  74763.067904       16.173783811298890
  74807.034685       16.136811276020588
  74851.001466       16.099990627226422
  74894.968246       16.063317353679121
  74938.935027       16.026794930723867
  74982.901808       15.990418181063594
  75026.868588       15.954190918088655
  75070.835369       15.918106579833639
  75114.802149       15.882169820576484
  75158.768930       15.846373566535739
  75202.735711       15.810723327276051
  75246.702491       15.775212334023413
  75290.669272       15.739846583974609
  75334.636053       15.704618723714262
  75378.602833       15.669535177039325
  75422.569614       15.634587193141737
  75466.536395       15.599781746006126
  75510.503175       15.565109583091548
  75554.469956       15.530578168588132
  75598.436737       15.496178533150815
  75642.403517       15.461918639489092
  75686.370298       15.427789029126307
  75730.337079       15.393798315547068
  75774.303859       15.359935991196926
  75818.270640       15.326211184358764
  75862.237421       15.292613102458235
  75906.204201       15.259151021987723
  75950.170982       15.225814218540059
  75994.137763       15.192612191936117
  76038.104543       15.159533554405836
  76082.071324       15.126588443796855
  76126.038105       15.093764804094814
  76170.004885       15.061073361923562
  76213.971666       15.028502265847836
  76257.938447       14.996062355332858
  76301.905227       14.963741811811854
  76345.872008       14.931551477775173
  76389.838788       14.899478611319399
  76433.805569       14.867534372298016
  76477.772350       14.835705477365304
  76521.739130       14.804003506085753
  76565.705911       14.772415777402374
  76609.672692       14.740954086743695
  76653.639472       14.709605988647489
  76697.606253       14.678383354644525
  76741.573034       14.647272834344948
  76785.539814       14.616286341030129
  76829.506595       14.585410045693502
  76873.473376       14.554655857272861
  76917.440156       14.524010607311547
  76961.406937       14.493486299055679
  77005.373718       14.463070083178412
  77049.340498       14.432774198833297
  77093.307279       14.402585210474140
  77137.274060       14.372515395868650
  77181.240840       14.342551167673895
  77225.207621       14.312704488378223
  77269.174402       14.282962362569000
  77313.141182       14.253336519136077
  77357.107963       14.223814060218743
  77401.074744       14.194406837319166
  77445.041524       14.165101611998546
  77489.008305       14.135910319894929
  77532.975085       14.106820120618801
  77576.941866       14.077842642765690
  77620.908647       14.048965767293968
  77664.875427       14.020200716014314
  77708.842208       13.991535199729572
  77752.808989       13.962980227777017
  77796.775769       13.934523165989656
  77840.742550       13.906174875954475
  77884.709331       13.877923506255911
  77928.676111       13.849779687531814
  77972.642892       13.821732567599410
  78016.609673       13.793792499735851
  78060.576453       13.765948472520966
  78104.543234       13.738210437879728
  78148.510015       13.710567052461291
  78192.476795       13.683027705216739
  78236.443576       13.655581892418077
  78280.410357       13.628238610832831
  78324.377137       13.600988408506399
  78368.343918       13.573840158655996
  78412.310699       13.546784457824605
  78456.277479       13.519829851276359
  78500.244260       13.492966917984898
  78544.211041       13.466203433631495
  78588.177821       13.439530830517763
  78632.144602       13.412956202594202
  78676.111383       13.386471758308986
  78720.078163       13.360084352059388
  78764.044944       13.333786283929259
  78808.011724       13.307584128174275
  78851.978505       13.281470632921666
  78895.945286       13.255451695920621
  78939.912066       13.229521155371657
  78983.878847       13.203684182195795
  79027.845628       13.177935116874961
  79071.812408       13.152278629954530
  79115.779189       13.126708962089760
  79159.745970       13.101230269430291
  79203.712750       13.075837495499568
  79247.679531       13.050534203015419
  79291.646312       13.025316709963043
  79335.613092       13.000188099626422
  79379.579873       12.975145177881007
  79423.546654       12.950190486090653
  79467.513434       12.925320626955106
  79511.480215       12.900537298085290
  79555.446996       12.875837784185739
  79599.413776       12.851223036858244
  79643.380557       12.826691703001398
  79687.347338       12.802244450799114
  79731.314118       12.777880486237693
  79775.280899       12.753600128696833
  79819.247680       12.729402591105625
  79863.214460       12.705287271140104
  79907.181241       12.681254093120403
  79951.148021       12.657301522695272
  79995.114802       12.633430535565132
  80039.081583       12.609639248683136
  80083.048363       12.585929025498180
  80127.015144       12.562297720846745
  80170.981925       12.538747000848112
  80214.948705       12.515273976797628
  80258.915486       12.491881286737506
  80302.882267       12.468565216809793
  80346.849047       12.445329202553014
  80390.815828       12.422169066287536
  80434.782609       12.399088266055582
  80478.749389       12.376082168136039
  80522.716170       12.353154581664873
  80566.682951       12.330300214750912
  80610.649731       12.307524090620404
  80654.616512       12.284820448010983
  80698.583293       12.262195090332323
  80742.550073       12.239641937724352
  80786.516854       12.217166600801979
  80830.483635       12.194762319085418
  80874.450415       12.172434915257096
  80918.417196       12.150176829311274
  80962.383977       12.127995016473674
  81006.350757       12.105881691146266
  81050.317538       12.083844546976074
  81094.284319       12.061875792261604
  81138.251099       12.039983013985957
  81182.217880       12.018157786929827
  81226.184660       11.996407919810684
  81270.151441       11.974724095226417
  81314.118222       11.953114942213370
  81358.085002       11.931570914110745
  81402.051783       11.910101056053261
  81446.018564       11.888695944310641
  81489.985344       11.867364619563965
  81533.952125       11.846097242947096
  81577.918906       11.824903321138390
  81621.885686       11.803772346930648
  81665.852467       11.782714458746474
  81709.819248       11.761718957475217
  81753.786028       11.740795932271746
  81797.752809       11.719934654860186
  81841.719590       11.699145067935968
  81885.686370       11.678416075907599
  81929.653151       11.657758264101355
  81973.619932       11.637160266907266
  82017.586712       11.616633317244828
  82061.553493       11.596166159136114
  82105.520274       11.575769727202751
  82149.487054       11.555432622924480
  82193.453835       11.535165393743540
  82237.420616       11.514956106480730
  82281.387396       11.494815815972727
  82325.354177       11.474732540658701
  82369.320957       11.454717901868039
  82413.287738       11.434760420560535
  82457.254519       11.414871427370217
  82501.221299       11.395039438544567
  82545.188080       11.375275396639235
  82589.154861       11.355567224981044
  82633.121641       11.335926111319665
  82677.088422       11.316339947951070
  82721.055203       11.296820108344601
  82765.021983       11.277355124883346
  82808.988764       11.257956044503805
  82852.955545       11.238611595503770
  82896.922325       11.219332663028910
  82940.889106       11.200107632110267
  82984.855887       11.180947559375717
  83028.822667       11.161840921960330
  83072.789448       11.142798520540461
  83116.756229       11.123809364529706
  83160.723009       11.104883658521027
  83204.689790       11.086010563667976
  83248.656571       11.067200240553186
  83292.623351       11.048441834367631
  83336.590132       11.029745774435169
  83380.556913       11.011101694538906
  83424.523693       10.992519578827746
  83468.490474       10.973989556155512
  83512.457255       10.955520750619684
  83556.424035       10.937103206470541
  83600.390816       10.918745851517730
  83644.357596       10.900438830188788
  83688.324377       10.882191275788356
  83732.291158       10.863994211170997
  83776.257938       10.845856348598783
  83820.224719       10.827769389310927
  83864.191500       10.809741213999148
  83908.158280       10.791763351254387
  83952.125061       10.773843320397427
  83996.091842       10.755972709380719
  84040.058622       10.738158907017302
  84084.025403       10.720394478398195
  84127.992184       10.702686294068933
  84171.958964       10.685027737774801
  84215.925745       10.667425077298844
  84259.892526       10.649871704020924
  84303.859306       10.632373594825236
  84347.826087       10.614924337765908
  84391.792868       10.597529459377343
  84435.759648       10.580183431027443
  84479.726429       10.562890965625872
  84523.693210       10.545647185236644
  84567.659990       10.528456286429048
  84611.626771       10.511313565421522
  84655.593552       10.494223127316184
  84699.560332       10.477180846951399
  84743.527113       10.460190333878289
  84787.493894       10.443248372116637
  84831.460674       10.426357550008033
  84875.427455       10.409514984772983
  84919.394235       10.392722613810134
  84963.361016       10.375977655939757
  85007.327797       10.359281955387470
  85051.294577       10.342633618059720
  85095.261358       10.326034083540639
  85139.228139       10.309482564328011
  85183.194919       10.292979588934740
  85227.161700       10.276524560042679
  85271.128481       10.260117310889056
  85315.095261       10.243757191719293
  85359.062042       10.227443699443191
  85403.028823       10.211177087601163
  85446.995603       10.194956367891793
  85490.962384       10.178782958616003
  85534.929165       10.162655211265660
  85578.895945       10.146574800365482
  85622.862726       10.130539593819311
  85666.829507       10.114551290721785
  85710.796287       10.098607281057983
  85754.763068       10.082710071810078
  85798.729849       10.066856311498420
  85842.696629       10.051049403496480
  85886.663410       10.035285404893598
  85930.630191       10.019567946845994
  85974.596971       10.003892885215706
  86018.563752        9.988264165005125
  86062.530532        9.972677278761161
  86106.497313        9.957137057906184
  86150.464094        9.941638164691106
  86194.430874        9.926185961999769
  86238.397655        9.910774427326562
  86282.364436        9.895408871783356
  86326.331216        9.880083114633372
  86370.297997        9.864802953837653
  86414.264778        9.849562016699187
  86458.231558        9.834367190452275
  86502.198339        9.819211475537067
  86546.165120        9.804102125023348
  86590.131900        9.789031521406022
  86634.098681        9.774006586636728
  86678.065462        9.759019405180737
  86722.032242        9.744077300457382
  86765.999023        9.729172108392518
  86809.965804        9.714312242779391
  86853.932584        9.699489180109484
  86897.899365        9.684711672439418
  86941.866146        9.669970895313037
  86985.832926        9.655275266151836
  87029.799707        9.640615668489332
  87073.766488        9.626000824524146
  87117.733268        9.611421189599330
  87161.700049        9.596886271295249
  87205.666830        9.582386212185341
  87249.633610        9.567930664665644
  87293.600391        9.553509774755357
  87337.567171        9.539133024286908
  87381.533952        9.524790507614760
  87425.500733        9.510492147796194
  87469.467513        9.496227626729997
  87513.434294        9.482007320483012
  87557.401075        9.467820541574536
  87601.367855        9.453677389319777
  87645.334636        9.439567224607268
  87689.301417        9.425499995196001
  87733.268197        9.411465202375002
  87777.234978        9.397473454606251
  87821.201759        9.383514115101752
  87865.168539        9.369598131045533
  87909.135320        9.355714640467339
  87953.102101        9.341873966237971
  87997.068881        9.328065211005368
  88041.035662        9.314298375657001
  88085.002443        9.300562642949012
  88128.969223        9.286868655386995
  88172.936004        9.273205689994226
  88216.902785        9.259584680733060
  88260.869565        9.245995043746893
  88304.836346        9.232447035324704
  88348.803127        9.218930133470064
  88392.769907        9.205454195150125
  88436.736688        9.192008637047298
  88480.703468        9.178603696572804
  88524.670249        9.165228882756493
  88568.637030        9.151894454150398
  88612.603810        9.138590322497167
  88656.570591        9.125326132531494
  88700.537372        9.112092128959857
  88744.504152        9.098897748698562
  88788.470933        9.085733258449684
  88832.437714        9.072608275943541
  88876.404494        9.059513107686069
  88920.371275        9.046456933020981
  88964.338056        9.033430450393253
  89008.304836        9.020442121174028
  89052.271617        9.007483117004439
  89096.238398        8.994561935889088
  89140.205178        8.981670042155743
  89184.171959        8.968816128658501
  89228.138740        8.955991886215429
  89272.105520        8.943205250464658
  89316.072301        8.930448216673289
  89360.039082        8.917727777630676
  89404.005862        8.905036280537391
  89447.972643        8.892380766255531
  89491.939424        8.879754020614113
  89535.906204        8.867163291459049
  89579.872985        8.854601922399599
  89623.839766        8.842076367233771
  89667.806546        8.829580400321532
  89711.773327        8.817119497783212
  89755.740107        8.804687629496383
  89799.706888        8.792290165218361
  89843.673669        8.779921426509977
  89887.640449        8.767586744885865
  89931.607230        8.755281168490434
  89975.574011        8.743009244511931
  90019.540791        8.730766674733465
  90063.507572        8.718557279622759
  90107.474353        8.706377033545310
  90151.441133        8.694229634603287
  90195.407914        8.682111338920414
  90239.374695        8.670025423472138
  90283.341475        8.657968776425104
  90327.308256        8.645943712220372
  90371.275037        8.633947792689019
  90415.241817        8.621982869606118
  90459.208598        8.610046975044167
  90503.175379        8.598142024103625
  90547.142159        8.586266501385190
  90591.108940        8.574421705072675
  90635.075721        8.562606655440797
  90679.042501        8.550821461705972
  90723.009282        8.539065586561698
  90766.976063        8.527338714444586
  90810.942843        8.515640786698476
  90854.909624        8.503971668872930
  90898.876404        8.492332018268321
  90942.843185        8.480721123570490
  90986.809966        8.469140289293675
  91030.776746        8.457587643748219
  91074.743527        8.446064730455456
  91118.710308        8.434569213976628
  91162.677088        8.423102926821475
  91206.643869        8.411663561765875
  91250.610650        8.400253710367792
  91294.577430        8.388870491292321
  91338.544211        8.377517285782575
  91382.510992        8.366190339825991
  91426.477772        8.354893304592633
  91470.444553        8.343622133045912
  91514.411334        8.332380659380831
  91558.378114        8.321164628183901
  91602.344895        8.309978466153339
  91646.311676        8.298817138791614
  91690.278456        8.287685744177825
  91734.245237        8.276578616704150
  91778.212018        8.265501211057670
  91822.178798        8.254447910181698
  91866.145579        8.243424489058183
  91910.112360        8.232425098505351
  91954.079140        8.221456006436243
  91998.045921        8.210510396399945
  92042.012702        8.199594883299534
  92085.979482        8.188702056590257
  92129.946263        8.177838737201530
  92173.913043        8.166997769391701
  92217.879824        8.156186476244436
  92261.846605        8.145397609494710
  92305.813385        8.134639096392704
  92349.780166        8.123902799093740
  92393.746947        8.113196760565542
  92437.713727        8.102512294752728
  92481.680508        8.091857359514492
  92525.647289        8.081223473069327
  92569.614069        8.070619038452232
  92613.580850        8.060035492789865
  92657.547631        8.049481915734596
  92701.514411        8.038949135592675
  92745.481192        8.028446334215722
  92789.447973        8.017964085774569
  92833.414753        8.007511356173524
  92877.381534        7.997078844470296
  92921.348315        7.986675760271935
  92965.315095        7.976292519637699
  93009.281876        7.965938807883372
  93053.248657        7.955604605183144
  93097.215437        7.945299667706231
  93141.182218        7.935014139208266
  93185.148999        7.924757674074885
  93229.115779        7.914520666431788
  93273.082560        7.904312963095872
  93317.049340        7.894124526122665
  93361.016121        7.883965330920525
  93404.982902        7.873824892287093
  93448.949682        7.863712984019368
  93492.916463        7.853619513248663
  93536.883244        7.843554253574427
  93580.850024        7.833507573194771
  93624.816805        7.823489582469508
  93668.783586        7.813490331607392
  93712.750366        7.803519862961188
  93756.717147        7.793567852057909
  93800.683928        7.783643795699551
  93844.650708        7.773737747817465
  93888.617489        7.763859084054229
  93932.584270        7.753998327176614
  93976.551050        7.744165248799187
  94020.517831        7.734350278117050
  94064.484612        7.724563110680492
  94108.451392        7.714794124807023
  94152.418173        7.705052345858530
  94196.384954        7.695328559409826
  94240.351734        7.685631498526431
  94284.318515        7.675952211129093
  94328.285296        7.666299622619400
  94372.252076        7.656664741355645
  94416.218857        7.647056314843693
  94460.185638        7.637465688901930
  94504.152418        7.627901041731489
  94548.119199        7.618354348118319
  94592.085979        7.608833540308047
  94636.052760        7.599330736339021
  94680.019541        7.589853784125833
  94723.986321        7.580394673262717
  94767.953102        7.570960747599421
  94811.919883        7.561544475503177
  94855.886663        7.552152670195563
  94899.853444        7.542778654698804
  94943.820225        7.533429225447993
  94987.787005        7.524097963806362
  95031.753786        7.514791498100585
  95075.720567        7.505503307597331
  95119.687347        7.496239183455713
  95163.654128        7.486993058222998
  95207.620909        7.477770049768859
  95251.587689        7.468564903850733
  95295.554470        7.459382813391241
  95339.521251        7.450218915990482
  95383.488031        7.441078295313864
  95427.454812        7.431956256991162
  95471.421593        7.422856973928764
  95515.388373        7.413776269793741
  95559.355154        7.404717535754507
  95603.321935        7.395677186020619
  95647.288715        7.386658557811015
  95691.255496        7.377658374419001
  95735.222277        7.368679766000590
  95779.189057        7.359719887236173
  95823.155838        7.350781057073295
  95867.122618        7.341861187311334
  95911.089399        7.332961985132075
  95955.056180        7.324081856519595
  95999.022960        7.315222324028715
  96042.989741        7.306381895269167
  96086.956522        7.297561574165221
  96130.923302        7.288760329856554
  96174.890083        7.279978355530988
  96218.856864        7.271215535148658
  96262.823644        7.262471749564965
  96306.790425        7.253747467107605
  96350.757206        7.245042479379762
  96394.723986        7.236357336746241
  96438.690767        7.227691056939105
  96482.657548        7.219044543058702
  96526.624328        7.210415847663400
  96570.591109        7.201806673918028
  96614.557890        7.193214919946969
  96658.524670        7.184642898196265
  96702.491451        7.176088571658863
  96746.458232        7.167554512483321
  96790.425012        7.159037920061625
  96834.391793        7.150541774022315
  96878.358574        7.142062271615722
  96922.325354        7.133602952453087
  96966.292135        7.125159822636957
  97010.258915        7.116736802644145
  97054.225696        7.108329928477417
  97098.192477        7.099943511696637
  97142.159257        7.091572930199776
  97186.126038        7.083223092382886
  97230.092819        7.074888626653665
  97274.059599        7.066574918210844
  97318.026380        7.058276449962039
  97361.993161        7.049998718336917
  97405.959941        7.041736003610467
  97449.926722        7.033494064962461
  97493.893503        7.025266474693759
  97537.860283        7.017059662792600
  97581.827064        7.008866793359931
  97625.793845        7.000694834394530
  97669.760625        6.992537072084573
  97713.727406        6.984400528678632
  97757.694187        6.976278142689968
  97801.660967        6.968177023546423
  97845.627748        6.960089241184599
  97889.594529        6.952022381348840
  97933.561309        6.943968272756168
  97977.528090        6.935934964412318
  98021.494871        6.927914673682856
  98065.461651        6.919915616620975
  98109.428432        6.911929755892941
  98153.395213        6.903965428431962
  98197.361993        6.896013726372184
  98241.328774        6.888083215918256
  98285.295554        6.880164789317301
  98329.262335        6.872267178889677
  98373.229116        6.864381679045227
  98417.195896        6.856517173591017
  98461.162677        6.848664806618874
  98505.129458        6.840833738081403
  98549.096238        6.833014516697046
  98593.063019        6.825216472686821
  98637.029800        6.817430129735826
  98680.996580        6.809664706399573
  98724.963361        6.801910996708592
  98768.930142        6.794178151537498
  98812.896922        6.786456699846044
  98856.863703        6.778756047629710
  98900.830484        6.771066430186448
  98944.797264        6.763397475661216
  98988.764045        6.755739777606576
  99032.730826        6.748102804104368
  99076.697606        6.740477395172928
  99120.664387        6.732872772062382
  99164.631168        6.725279316541321
  99208.597948        6.717706268300570
  99252.564729        6.710143818462145
  99296.531510        6.702601299550881
  99340.498290        6.695069570635789
  99384.465071        6.687557873906633
  99428.431851        6.680057477604040
  99472.398632        6.672577441865895
  99516.365413        6.665108575132295
  99560.332193        6.657659740754257
  99604.298974        6.650221597534764
  99648.265755        6.642802786513546
  99692.232535        6.635394678804288
  99736.199316        6.628005745769555
  99780.166097        6.620627834700826
  99824.132877        6.613269366294784
  99868.099658        6.605921952258183
  99912.066439        6.598593827069171
  99956.033219        6.591276678372762
 100000.000000        6.583978291528180
