  10000.000000        0.000001129466537
  10043.966781        0.000001148573222
  10087.933561        0.000001168321502
  10131.900342        0.000001188664070
  10175.867123        0.000001209552255
  10219.833903        0.000001231025001
  10263.800684        0.000001253251750
  10307.767465        0.000001276474965
  10351.734245        0.000001300885180
  10395.701026        0.000001326051972
  10439.667807        0.000001350807935
  10483.634587        0.000001375236784
  10527.601368        0.000001398998718
  10571.568149        0.000001421455073
  10615.534929        0.000001444084966
  10659.501710        0.000001467458869
  10703.468490        0.000001491422168
  10747.435271        0.000001516084307
  10791.402052        0.000001541677987
  10835.368832        0.000001568230788
  10879.335613        0.000001595628909
  10923.302394        0.000001624162392
  10967.269174        0.000001654164591
  11011.235955        0.000001685354184
  11055.202736        0.000001717597795
  11099.169516        0.000001750206526
  11143.136297        0.000001781719541
  11187.103078        0.000001811937106
  11231.069858        0.000001840630630
  11275.036639        0.000001868990744
  11319.003420        0.000001898790754
  11362.970200        0.000001929910883
  11406.936981        0.000001962345517
  11450.903762        0.000001997104514
  11494.870542        0.000002034092081
  11538.837323        0.000002071065476
  11582.804104        0.000002107823239
  11626.770884        0.000002145868936
  11670.737665        0.000002184754706
  11714.704446        0.000002224215791
  11758.671226        0.000002263778080
  11802.638007        0.000002303607343
  11846.604787        0.000002343262817
  11890.571568        0.000002383062928
  11934.538349        0.000002422629467
  11978.505129        0.000002463942546
  12022.471910        0.000002510763653
  12066.438691        0.000002565095611
  12110.405471        0.000002627896334
  12154.372252        0.000002697310527
  12198.339033        0.000002754222256
  12242.305813        0.000002783354170
  12286.272594        0.000002805816094
  12330.239375        0.000002833182760
  12374.206155        0.000002866639021
  12418.172936        0.000002905654802
  12462.139717        0.000002948394979
  12506.106497        0.000002994669574
  12550.073278        0.000003044909189
  12594.040059        0.000003101117779
  12638.006839        0.000003166554384
  12681.973620        0.000003245529529
  12725.940401        0.000003338146167
  12769.907181        0.000003427752742
  12813.873962        0.000003495470919
  12857.840743        0.000003551560236
  12901.807523        0.000003590686527
  12945.774304        0.000003618157896
  12989.741085        0.000003651173075
  13033.707865        0.000003690885325
  13077.674646        0.000003735707122
  13121.641426        0.000003786842987
  13165.608207        0.000003845784179
  13209.574988        0.000003912008524
  13253.541768        0.000003985853797
  13297.508549        0.000004072316255
  13341.475330        0.000004173970791
  13385.442110        0.000004289210891
  13429.408891        0.000004414878489
  13473.375672        0.000004528168174
  13517.342452        0.000004611577683
  13561.309233        0.000004673803087
  13605.276014        0.000004716741748
  13649.242794        0.000004760345379
  13693.209575        0.000004819077589
  13737.176356        0.000004888784630
  13781.143136        0.000004974694971
  13825.109917        0.000005086069188
  13869.076698        0.000005215054024
  13913.043478        0.000005340104224
  13957.010259        0.000005467416515
  14000.977040        0.000005600418744
  14044.943820        0.000005732170334
  14088.910601        0.000005859674624
  14132.877382        0.000005975543240
  14176.844162        0.000006079147202
  14220.810943        0.000006173180378
  14264.777723        0.000006266778871
  14308.744504        0.000006357730582
  14352.711285        0.000006476999857
  14396.678065        0.000006657025076
  14440.644846        0.000006911271403
  14484.611627        0.000007245050249
  14528.578407        0.000007599709599
  14572.545188        0.000007749506536
  14616.511969        0.000007686984289
  14660.478749        0.000007627099527
  14704.445530        0.000007620429490
  14748.412311        0.000007667107049
  14792.379091        0.000007749263066
  14836.345872        0.000007851560885
  14880.312653        0.000007983972080
  14924.279433        0.000008168543783
  14968.246214        0.000008441717734
  15012.212995        0.000008855516072
  15056.179775        0.000009462617670
  15100.146556        0.000010184406887
  15144.113337        0.000010664666948
  15188.080117        0.000010784607925
  15232.046898        0.000010752789271
  15276.013679        0.000010546713462
  15319.980459        0.000010331759910
  15363.947240        0.000010211724876
  15407.914021        0.000010168818881
  15451.880801        0.000010187929192
  15495.847582        0.000010273910805
  15539.814362        0.000010430262024
  15583.781143        0.000010655515668
  15627.747924        0.000010973969970
  15671.714704        0.000011439968026
  15715.681485        0.000012078666192
  15759.648266        0.000012894100173
  15803.615046        0.000013754891084
  15847.581827        0.000014274286543
  15891.548608        0.000014428910158
  15935.515388        0.000014389857213
  15979.482169        0.000014210818368
  16023.448950        0.000014110194120
  16067.415730        0.000014157184457
  16111.382511        0.000014325911239
  16155.349292        0.000014692298678
  16199.316072        0.000015311947308
  16243.282853        0.000016073850087
  16287.249634        0.000016843336109
  16331.216414        0.000017644609659
  16375.183195        0.000018397724786
  16419.149976        0.000019076188987
  16463.116756        0.000019612035163
  16507.083537        0.000019926288453
  16551.050318        0.000020042423428
  16595.017098        0.000020112485422
  16638.983879        0.000020206151161
  16682.950660        0.000020346329346
  16726.917440        0.000020835178590
  16770.884221        0.000021870829105
  16814.851001        0.000023510607396
  16858.817782        0.000025736165345
  16902.784563        0.000027648349714
  16946.751343        0.000027679429790
  16990.718124        0.000026791988914
  17034.684905        0.000026232677396
  17078.651685        0.000026084866016
  17122.618466        0.000026275049473
  17166.585247        0.000026595860960
  17210.552027        0.000027021300325
  17254.518808        0.000027811306421
  17298.485589        0.000029319678964
  17342.452369        0.000032026189571
  17386.419150        0.000036596575963
  17430.385931        0.000043324960655
  17474.352711        0.000049903236781
  17518.319492        0.000051667891926
  17562.286273        0.000049802517166
  17606.253053        0.000046611431433
  17650.219834        0.000042641875791
  17694.186615        0.000039515910046
  17738.153395        0.000037454114641
  17782.120176        0.000036192449350
  17826.086957        0.000035558902040
  17870.053737        0.000035518376105
  17914.020518        0.000036064825455
  17957.987298        0.000037290407810
  18001.954079        0.000039531823994
  18045.920860        0.000043262135989
  18089.887640        0.000048814241581
  18133.854421        0.000056057180089
  18177.821202        0.000062257128303
  18221.787982        0.000063746910077
  18265.754763        0.000062544005302
  18309.721544        0.000060083016061
  18353.688324        0.000057104583412
  18397.655105        0.000055263926662
  18441.621886        0.000054676793965
  18485.588666        0.000055381595579
  18529.555447        0.000057987198252
  18573.522228        0.000062739442071
  18617.489008        0.000068714409585
  18661.455789        0.000075031940429
  18705.422570        0.000081038060451
  18749.389350        0.000085798940927
  18793.356131        0.000089453796900
  18837.322912        0.000090917635929
  18881.289692        0.000089857257012
  18925.256473        0.000087347313579
  18969.223254        0.000085267758788
  19013.190034        0.000083672405637
  19057.156815        0.000083139211977
  19101.123596        0.000085650848186
  19145.090376        0.000091988851547
  19189.057157        0.000102285010658
  19233.023937        0.000115544917015
  19276.990718        0.000123637720292
  19320.957499        0.000121309066876
  19364.924279        0.000117596523036
  19408.891060        0.000116621590478
  19452.857841        0.000117888635155
  19496.824621        0.000120480912547
  19540.791402        0.000123053613635
  19584.758183        0.000126827904935
  19628.724963        0.000135153831549
  19672.691744        0.000151764141809
  19716.658525        0.000181845617959
  19760.625305        0.000231714869651
  19804.592086        0.000297716568563
  19848.558867        0.000342199853241
  19892.525647        0.000330882387762
  19936.492428        0.000296210003827
  19980.459209        0.000255094932321
  20024.425989        0.000217265135506
  20068.392770        0.000190412457840
  20112.359551        0.000172773975497
  20156.326331        0.000161751211336
  20200.293112        0.000155661877661
  20244.259893        0.000153896254315
  20288.226673        0.000156677290283
  20332.193454        0.000165435430141
  20376.160234        0.000183078749616
  20420.127015        0.000213383228140
  20464.093796        0.000259409642793
  20508.060576        0.000314400762561
  20552.027357        0.000345443601035
  20595.994138        0.000337517854835
  20639.960918        0.000317847751998
  20683.927699        0.000292554526067
  20727.894480        0.000268693405540
  20771.861260        0.000254895745312
  20815.828041        0.000250440374491
  20859.794822        0.000256791037584
  20903.761602        0.000277672783206
  20947.728383        0.000314075746008
  20991.695164        0.000359689852829
  21035.661944        0.000405708341562
  21079.628725        0.000442594067799
  21123.595506        0.000466970960470
  21167.562286        0.000478951153467
  21211.529067        0.000469194766848
  21255.495848        0.000441718321157
  21299.462628        0.000411249903914
  21343.429409        0.000388839841553
  21387.396190        0.000371580831727
  21431.362970        0.000364937143021
  21475.329751        0.000377536558571
  21519.296532        0.000410646668611
  21563.263312        0.000464195803367
  21607.230093        0.000525825644275
  21651.196873        0.000551958347509
  21695.163654        0.000545541402892
  21739.130435        0.000546547773836
  21783.097215        0.000560409747758
  21827.063996        0.000582743224006
  21871.030777        0.000606727435206
  21914.997557        0.000629445504490
  21958.964338        0.000669536536854
  22002.931119        0.000754765348542
  22046.897899        0.000916023987596
  22090.864680        0.001198373579856
  22134.831461        0.001638988892171
  22178.798241        0.002125885121857
  22222.765022        0.002275509356477
  22266.731803        0.002019609597293
  22310.698583        0.001678586464564
  22354.665364        0.001346750449219
  22398.632145        0.001090606383643
  22442.598925        0.000918631046410
  22486.565706        0.000808136953148
  22530.532487        0.000739250499644
  22574.499267        0.000700442693082
  22618.466048        0.000688019307711
  22662.432829        0.000706194338381
  22706.399609        0.000766044330890
  22750.366390        0.000886581726506
  22794.333170        0.001093607324074
  22838.299951        0.001397970956566
  22882.266732        0.001697471988924
  22926.233512        0.001759121083402
  22970.200293        0.001629145688846
  23014.167074        0.001477181511918
  23058.133854        0.001313252850509
  23102.100635        0.001182902811008
  23146.067416        0.001115162421355
  23190.034196        0.001104324326916
  23234.000977        0.001160942793163
  23277.967758        0.001306073537700
  23321.934538        0.001541899605790
  23365.901319        0.001821103044118
  23409.868100        0.002069749825726
  23453.834880        0.002227592517201
  23497.801661        0.002305509164045
  23541.768442        0.002278801778307
  23585.735222        0.002113662424765
  23629.702003        0.001884497361942
  23673.668784        0.001689749603311
  23717.635564        0.001554414821263
  23761.602345        0.001454669518701
  23805.569126        0.001419942758862
  23849.535906        0.001471948541419
  23893.502687        0.001606683521566
  23937.469468        0.001820147314832
  23981.436248        0.002034936192050
  24025.403029        0.002124493754828
  24069.369809        0.002175204067519
  24113.336590        0.002278341513722
  24157.303371        0.002421378453897
  24201.270151        0.002585474518609
  24245.236932        0.002741770880435
  24289.203713        0.002921179373162
  24333.170493        0.003266918723648
  24377.137274        0.003943189510653
  24421.104055        0.005157614002758
  24465.070835        0.007199576678299
  24509.037616        0.010104184049637
  24553.004397        0.012505898840210
  24596.971177        0.012080543931691
  24640.937958        0.009871031034591
  24684.904739        0.007654979220508
  24728.871519        0.005825335045534
  24772.838300        0.004558084684156
  24816.805081        0.003738374534016
  24860.771861        0.003218946947889
  24904.738642        0.002893162966919
  24948.705423        0.002708343845658
  24992.672203        0.002653515696599
  25036.638984        0.002756626898691
  25080.605765        0.003072527759225
  25124.572545        0.003697140293267
  25168.539326        0.004752512036263
  25212.506106        0.006171749417831
  25256.472887        0.007159257653902
  25300.439668        0.006863726166687
  25344.406448        0.006075832230486
  25388.373229        0.005340539681370
  25432.340010        0.004638576771668
  25476.306790        0.004159284480156
  25520.273571        0.003953741777708
  25564.240352        0.004001975851425
  25608.207132        0.004357312519131
  25652.173913        0.005118521645021
  25696.140694        0.006253531871969
  25740.107474        0.007451574443660
  25784.074255        0.008335387947548
  25828.041036        0.008730017980120
  25872.007816        0.008749065126369
  25915.974597        0.008184708235816
  25959.941378        0.007114857985409
  26003.908158        0.006038341164129
  26047.874939        0.005270111762178
  26091.841720        0.004750151965840
  26135.808500        0.004390928667944
  26179.775281        0.004281390547273
  26223.742062        0.004437246780494
  26267.708842        0.004832439295798
  26311.675623        0.005437944299116
  26355.642404        0.006007534678253
  26399.609184        0.006390259432613
  26443.575965        0.006849531683109
  26487.542745        0.007475624498994
  26531.509526        0.008201658151560
  26575.476307        0.008966797559680
  26619.443087        0.009743935116650
  26663.409868        0.010847144139196
  26707.376649        0.012938249299987
  26751.343429        0.016749463424399
  26795.310210        0.023331227179590
  26839.276991        0.033870735341295
  26883.243771        0.046922278497297
  26927.210552        0.053202768305963
  26971.177333        0.045948669981776
  27015.144113        0.034718817400966
  27059.110894        0.025321028994761
  27103.077675        0.018560561962043
  27147.044455        0.014178159838431
  27191.011236        0.011404351203492
  27234.978017        0.009636249197747
  27278.944797        0.008507499532592
  27322.911578        0.007857764851821
  27366.878359        0.007665144686167
  27410.845139        0.008016670223958
  27454.811920        0.009088531080197
  27498.778701        0.011202555428143
  27542.745481        0.014651143762273
  27586.712262        0.018608900045096
  27630.679043        0.019912520203418
  27674.645823        0.017701873189070
  27718.612604        0.015165830796535
  27762.579384        0.013033387311893
  27806.546165        0.011211534284144
  27850.512946        0.010151509341449
  27894.479726        0.009857038369717
  27938.446507        0.010293546219768
  27982.413288        0.011669673984936
  28026.380068        0.014259844017293
  28070.346849        0.017708293854493
  28114.313630        0.020807021255297
  28158.280410        0.022509006195604
  28202.247191        0.022777748734687
  28246.213972        0.021775087185014
  28290.180752        0.018959843414418
  28334.147533        0.015413938149233
  28378.114314        0.012619016250251
  28422.081094        0.010855630055648
  28466.047875        0.009669855138861
  28510.014656        0.008912922095571
  28553.981436        0.008704198907052
  28597.948217        0.008990416544696
  28641.914998        0.009714574575287
  28685.881778        0.010804625304656
  28729.848559        0.011930013266933
  28773.815340        0.013107229732104
  28817.782120        0.014659101902498
  28861.748901        0.016602331202955
  28905.715681        0.018784622158843
  28949.682462        0.021119490371448
  28993.649243        0.023872201839359
  29037.616023        0.028244191351473
  29081.582804        0.036096234169706
  29125.549585        0.049746815552885
  29169.516365        0.072594863833407
  29213.483146        0.106796287059076
  29257.449927        0.140899893517085
  29301.416707        0.142076121940029
  29345.383488        0.109764742658175
  29389.350269        0.076923797480848
  29433.317049        0.053423852802962
  29477.283830        0.038212601493623
  29521.250611        0.028690120237359
  29565.217391        0.022645240386076
  29609.184172        0.018683568473387
  29653.150953        0.016062932234541
  29697.117733        0.014446759551799
  29741.084514        0.013744016233792
  29785.051295        0.014040318152124
  29829.018075        0.015605683755874
  29872.984856        0.018928434215824
  29916.951637        0.024099984498053
  29960.918417        0.028624639944371
  30004.885198        0.027713376992646
  30048.851979        0.023264372309885
  30092.818759        0.019622681007460
  30136.785540        0.016714477886205
  30180.752320        0.014495062689169
  30224.719101        0.013419172266181
  30268.685882        0.013382476547159
  30312.652662        0.014398316363833
  30356.619443        0.016871454908812
  30400.586224        0.021044311838009
  30444.553004        0.025843940095318
  30488.519785        0.029321861700780
  30532.486566        0.030333149329905
  30576.453346        0.029451612103500
  30620.420127        0.026382369128696
  30664.386908        0.021134300761758
  30708.353688        0.016269444102350
  30752.320469        0.013163675242134
  30796.287250        0.011343482255030
  30840.254030        0.010117113499924
  30884.220811        0.009387638982125
  30928.187592        0.009175047665360
  30972.154372        0.009379778811644
  31016.121153        0.009951200875002
  31060.087934        0.010878202347361
  31104.054714        0.012071177194666
  31148.021495        0.013660534350593
  31191.988276        0.015901416481002
  31235.955056        0.018766587260836
  31279.921837        0.021978209050408
  31323.888617        0.025683938606409
  31367.855398        0.030674283360990
  31411.822179        0.038774352046881
  31455.788959        0.052678621788990
  31499.755740        0.076194016122543
  31543.722521        0.114300021612795
  31587.689301        0.165862276931012
  31631.656082        0.201181394742972
  31675.622863        0.177005623330920
  31719.589643        0.122597196887115
  31763.556424        0.080196354676437
  31807.523205        0.054028510294630
  31851.489985        0.038196764316359
  31895.456766        0.028263479700689
  31939.423547        0.021734400194656
  31983.390327        0.017245708498666
  32027.357108        0.014038812364122
  32071.323889        0.011679220173790
  32115.290669        0.009898575398614
  32159.257450        0.008524768276977
  32203.224231        0.007445083594264
  32247.191011        0.006580765670579
  32291.157792        0.005873772424352
  32335.124573        0.005287151479047
  32379.091353        0.004803881749139
  32423.058134        0.004406527535225
  32467.024915        0.004071389540915
  32510.991695        0.003770921718087
  32554.958476        0.003490154409883
  32598.925256        0.003231623441835
  32642.892037        0.003003715929898
  32686.858818        0.002809579978569
  32730.825598        0.002645743589978
  32774.792379        0.002508286278062
  32818.759160        0.002394332480822
  32862.725940        0.002301753607784
  32906.692721        0.002223971622671
  32950.659502        0.002144853969320
  32994.626282        0.002055128288623
  33038.593063        0.001971159879918
  33082.559844        0.001903705382221
  33126.526624        0.001851469531044
  33170.493405        0.001813542500783
  33214.460186        0.001787542212980
  33258.426966        0.001764438442782
  33302.393747        0.001741255082729
  33346.360528        0.001726336896110
  33390.327308        0.001733155926583
  33434.294089        0.001777540926002
  33478.260870        0.001870306988918
  33522.227650        0.002020116510383
  33566.194431        0.002211553679629
  33610.161212        0.002331843152187
  33654.127992        0.002213931117803
  33698.094773        0.001933538035747
  33742.061553        0.001694454807597
  33786.028334        0.001538919236036
  33829.995115        0.001442873679048
  33873.961895        0.001380221750328
  33917.928676        0.001330866573739
  33961.895457        0.001287023128552
  34005.862237        0.001252869022239
  34049.829018        0.001228935102946
  34093.795799        0.001210225656370
  34137.762579        0.001197272760082
  34181.729360        0.001191912730318
  34225.696141        0.001191534730249
  34269.662921        0.001191560395388
  34313.629702        0.001194332913678
  34357.596483        0.001203474423403
  34401.563263        0.001215612487995
  34445.530044        0.001227261240343
  34489.496825        0.001242526182386
  34533.463605        0.001265886091542
  34577.430386        0.001287951244919
  34621.397167        0.001301338293189
  34665.363947        0.001317298731142
  34709.330728        0.001346985113650
  34753.297509        0.001386040980682
  34797.264289        0.001429484127640
  34841.231070        0.001488612624157
  34885.197851        0.001538548455441
  34929.164631        0.001522732750258
  34973.131412        0.001471573678418
  35017.098192        0.001435392403732
  35061.064973        0.001419581519478
  35105.031754        0.001417712351288
  35148.998534        0.001430006322018
  35192.965315        0.001459275629917
  35236.932096        0.001500044179856
  35280.898876        0.001540864713516
  35324.865657        0.001580971271702
  35368.832438        0.001632510054064
  35412.799218        0.001697400800432
  35456.765999        0.001773172456867
  35500.732780        0.001874065503658
  35544.699560        0.002008879052634
  35588.666341        0.002101648084881
  35632.633122        0.002076861757934
  35676.599902        0.002027762793424
  35720.566683        0.002027252270348
  35764.533464        0.002064457012864
  35808.500244        0.002107769944100
  35852.467025        0.002155711233686
  35896.433806        0.002226255858485
  35940.400586        0.002311109325264
  35984.367367        0.002415661497169
  36028.334148        0.002542888859416
  36072.300928        0.002660524734792
  36116.267709        0.002747711049483
  36160.234489        0.002839774360109
  36204.201270        0.002957862831463
  36248.168051        0.003034638696421
  36292.134831        0.003015103048496
  36336.101612        0.002957098594246
  36380.068393        0.002953275806098
  36424.035173        0.002984500468463
  36468.001954        0.003021484745184
  36511.968735        0.003104218559546
  36555.935515        0.003241775897874
  36599.902296        0.003384793587274
  36643.869077        0.003508888500301
  36687.835857        0.003667113463131
  36731.802638        0.003878894652586
  36775.769419        0.004097980598829
  36819.736199        0.004315850904854
  36863.702980        0.004596681414691
  36907.669761        0.004948963991267
  36951.636541        0.005236851642584
  36995.603322        0.005450885625896
  37039.570103        0.005751581010993
  37083.536883        0.006208456944496
  37127.503664        0.006739542830112
  37171.470445        0.007378671837995
  37215.437225        0.008185964878811
  37259.404006        0.008512159554527
  37303.370787        0.007883694561622
  37347.337567        0.007094014193937
  37391.304348        0.006592598682337
  37435.271128        0.006340331454325
  37479.237909        0.006277937973156
  37523.204690        0.006404643913150
  37567.171470        0.006693261624836
  37611.138251        0.007052664002099
  37655.105032        0.007402875779449
  37699.071812        0.007781540183951
  37743.038593        0.008262201774197
  37787.005374        0.008826196996954
  37830.972154        0.009534933472719
  37874.938935        0.010604407649722
  37918.905716        0.011843243497729
  37962.872496        0.012158065707056
  38006.839277        0.011401849586178
  38050.806058        0.010800136026145
  38094.772838        0.010751253340648
  38138.739619        0.011014244274541
  38182.706400        0.011257795836818
  38226.673180        0.011509512552034
  38270.639961        0.011935342227616
  38314.606742        0.012539345387697
  38358.573522        0.013432637266971
  38402.540303        0.014495055715591
  38446.507084        0.015314481657607
  38490.473864        0.015984621452330
  38534.440645        0.016896754674219
  38578.407426        0.017775460714171
  38622.374206        0.017796025456194
  38666.340987        0.017059860217517
  38710.307767        0.016492573877678
  38754.274548        0.016463339593460
  38798.241329        0.016427896948391
  38842.208109        0.016451114688127
  38886.174890        0.016984288640996
  38930.141671        0.017838260361338
  38974.108451        0.018491323520501
  39018.075232        0.019114043276891
  39062.042013        0.020112179663112
  39106.008793        0.021356197203238
  39149.975574        0.022652090361859
  39193.942355        0.024409423433902
  39237.909135        0.027051275516205
  39281.875916        0.029869685111151
  39325.842697        0.031670135199052
  39369.809477        0.033143900960792
  39413.776258        0.035788995340502
  39457.743039        0.039773945130997
  39501.709819        0.045025320607713
  39545.676600        0.052840463561452
  39589.643381        0.060817175920854
  39633.610161        0.059773828594035
  39677.576942        0.050455426718952
  39721.543723        0.042128391120937
  39765.510503        0.036946283560095
  39809.477284        0.034064761147263
  39853.444064        0.032983748240684
  39897.410845        0.033455360810275
  39941.377626        0.034957123364648
  39985.344406        0.036870062569777
  40029.311187        0.038867492049649
  40073.277968        0.041250262584045
  40117.244748        0.044157148260871
  40161.211529        0.047531608624305
  40205.178310        0.052377042375961
  40249.145090        0.059899628773282
  40293.111871        0.066226394547724
  40337.078652        0.063640905312646
  40381.045432        0.056077281919687
  40425.012213        0.051022176211579
  40468.978994        0.049048854387009
  40512.945774        0.048858717339342
  40556.912555        0.050327357326015
  40600.879336        0.053375945058809
  40644.846116        0.057088366153141
  40688.812897        0.061613716123294
  40732.779678        0.067718007520288
  40776.746458        0.073510955147635
  40820.713239        0.076998684391826
  40864.680020        0.080418620680263
  40908.646800        0.085262305347057
  40952.613581        0.087015729291842
  40996.580362        0.082335925255354
  41040.547142        0.076300053947286
  41084.513923        0.073927000000951
  41128.480703        0.073534579787661
  41172.447484        0.071643328902717
  41216.414265        0.070943077894404
  41260.381045        0.073297019122341
  41304.347826        0.076012783612789
  41348.314607        0.077161803242343
  41392.281387        0.079164943697103
  41436.248168        0.083255261784743
  41480.214949        0.088771502832753
  41524.181729        0.096170405871500
  41568.148510        0.107955876456903
  41612.115291        0.124852121550272
  41656.082071        0.141254625630837
  41700.048852        0.152537786302857
  41744.015633        0.164938187285438
  41787.982413        0.185044475879885
  41831.949194        0.212864575673622
  41875.915975        0.252616992602105
  41919.882755        0.309545415054397
  41963.849536        0.345577429605918
  42007.816317        0.304683317890721
  42051.783097        0.230903307883097
  42095.749878        0.175674886771358
  42139.716659        0.141502103133745
  42183.683439        0.121684273272505
  42227.650220        0.112123332516592
  42271.617000        0.109678681900075
  42315.583781        0.111398765467536
  42359.550562        0.115357713421323
  42403.517342        0.120605077669159
  42447.484123        0.127483982246677
  42491.450904        0.135582385354180
  42535.417684        0.145995422298458
  42579.384465        0.163833083178946
  42623.351246        0.189453954296446
  42667.318026        0.200333269524112
  42711.284807        0.178755476528106
  42755.251588        0.151310976632538
  42799.218368        0.135961332244062
  42843.185149        0.130149617341937
  42887.151930        0.129735217142490
  42931.118710        0.134555308476158
  42975.085491        0.143190411107654
  43019.052272        0.153277106561279
  43063.019052        0.167170481819394
  43106.985833        0.184925319808453
  43150.952614        0.197321161649560
  43194.919394        0.203261618198345
  43238.886175        0.212408776605876
  43282.852956        0.221508087011934
  43326.819736        0.210912006529537
  43370.786517        0.185553412020369
  43414.753298        0.169714180042125
  43458.720078        0.167391685609134
  43502.686859        0.163120067843987
  43546.653639        0.152485520983249
  43590.620420        0.148232941125414
  43634.587201        0.150871504037545
  43678.553981        0.150164439629114
  43722.520762        0.146995818904468
  43766.487543        0.148195519582482
  43810.454323        0.155224547488558
  43854.421104        0.170341248245674
  43898.387885        0.196671458901675
  43942.354665        0.238291236059334
  43986.321446        0.294413373755450
  44030.288227        0.348997220969747
  44074.255007        0.393016163302537
  44118.221788        0.444677128432840
  44162.188569        0.518385197740007
  44206.155349        0.620889041799676
  44250.122130        0.778285778321727
  44294.088911        0.970645565044450
  44338.055691        1.000000000000000
  44382.022472        0.773614258495090
  44425.989253        0.519468830583537
  44469.956033        0.347839940109421
  44513.922814        0.242732913067912
  44557.889595        0.177307873908111
  44601.856375        0.134949650497033
  44645.823156        0.106356212722640
  44689.789936        0.086317039696192
  44733.756717        0.071760507962646
  44777.723498        0.060654500218655
  44821.690278        0.051876490937448
  44865.657059        0.044941617099857
  44909.623840        0.039428983625484
  44953.590620        0.034976067813069
  44997.557401        0.031317348546342
  45041.524182        0.028266224308455
  45085.490962        0.025697354603905
  45129.457743        0.023518924416726
  45173.424524        0.021656466601496
  45217.391304        0.020051597809527
  45261.358085        0.018659192971728
  45305.324866        0.017441826091146
  45349.291646        0.016367325310953
  45393.258427        0.015409555625319
  45437.225208        0.014548487605685
  45481.191988        0.013765876002229
  45525.158769        0.013046479829685
  45569.125550        0.012380179645764
  45613.092330        0.011759409345180
  45657.059111        0.011179105939350
  45701.025892        0.010639148064886
  45744.992672        0.010145510191901
  45788.959453        0.009703139416289
  45832.926234        0.009311957933993
  45876.893014        0.008972211612127
  45920.859795        0.008681114561307
  45964.826575        0.008423486732510
  46008.793356        0.008175463324548
  46052.760137        0.007917850021596
  46096.726917        0.007652214200866
  46140.693698        0.007402022896475
  46184.660479        0.007191156433523
  46228.627259        0.007018566136494
  46272.594040        0.006859076626212
  46316.560821        0.006675159871272
  46360.527601        0.006440147718615
  46404.494382        0.006163292567282
  46448.461163        0.005897639319796
  46492.427943        0.005691155529219
  46536.394724        0.005539476048949
  46580.361505        0.005408024664955
  46624.328285        0.005262506910245
  46668.295066        0.005071227614788
  46712.261847        0.004830371682213
  46756.228627        0.004595281693414
  46800.195408        0.004398500496504
  46844.162189        0.004233682988286
  46888.128969        0.004090541348106
  46932.095750        0.003962654770866
  46976.062531        0.003846578024930
  47020.029311        0.003742111260832
  47063.996092        0.003651375146332
  47107.962872        0.003576086143885
  47151.929653        0.003516012261568
  47195.896434        0.003469974528885
  47239.863214        0.003437187042993
  47283.829995        0.003417101300755
  47327.796776        0.003408875236650
  47371.763556        0.003411481892550
  47415.730337        0.003423836325514
  47459.697118        0.003444506458732
  47503.663898        0.003471772587637
  47547.630679        0.003503917547970
  47591.597460        0.003539123645591
  47635.564240        0.003575075084101
  47679.531021        0.003608529810758
  47723.497802        0.003634405801916
  47767.464582        0.003644204653414
  47811.431363        0.003625322807981
  47855.398144        0.003563323453254
  47899.364924        0.003446134247634
  47943.331705        0.003268966924006
  47987.298486        0.003041645425863
  48031.265266        0.002793022429851
  48075.232047        0.002562278957817
  48119.198828        0.002378554367208
  48163.165608        0.002244785774842
  48207.132389        0.002146784889158
  48251.099170        0.002071165845813
  48295.065950        0.002009601206656
  48339.032731        0.001957289504838
  48382.999511        0.001911378838229
  48426.966292        0.001870126073526
  48470.933073        0.001832395210994
  48514.899853        0.001797435610522
  48558.866634        0.001764714514752
  48602.833415        0.001733858418493
  48646.800195        0.001704582725289
  48690.766976        0.001676679198199
  48734.733757        0.001649979272260
  48778.700537        0.001624355737978
  48822.667318        0.001599700063770
  48866.634099        0.001575928448428
  48910.600879        0.001552966104177
  48954.567660        0.001530754283910
  48998.534441        0.001509238529012
  49042.501221        0.001488375508810
  49086.468002        0.001468123732302
  49130.434783        0.001448449833568
  49174.401563        0.001429321012548
  49218.368344        0.001410710615738
  49262.335125        0.001392591943973
  49306.301905        0.001374943088886
  49350.268686        0.001357741803431
  49394.235467        0.001340969676732
  49438.202247        0.001324607809182
  49482.169028        0.001308640410323
  49526.135809        0.001293051178240
  49570.102589        0.001277826329543
  49614.069370        0.001262951642516
  49658.036150        0.001248414948872
  49702.002931        0.001234203718043
  49745.969712        0.001220307107965
  49789.936492        0.001206713975395
  49833.903273        0.001193414543893
  49877.870054        0.001180398840253
  49921.836834        0.001167657967555
  49965.803615        0.001155182967542
  50009.770396        0.001142965724392
  50053.737176        0.001130998157462
  50097.703957        0.001119272833792
  50141.670738        0.001107782424641
  50185.637518        0.001096520052778
  50229.604299        0.001085479048553
  50273.571080        0.001074653010699
  50317.537860        0.001064035863828
  50361.504641        0.001053621663687
  50405.471422        0.001043404868214
  50449.438202        0.001033379948444
  50493.404983        0.001023541835492
  50537.371764        0.001013885337080
  50581.338544        0.001004405808645
  50625.305325        0.000995098354023
  50669.272106        0.000985958713075
  50713.238886        0.000976982287216
  50757.205667        0.000968165164096
  50801.172447        0.000959503016052
  50845.139228        0.000950992249113
  50889.106009        0.000942628755861
  50933.072789        0.000934409237403
  50977.039570        0.000926329793107
  51021.006351        0.000918387392030
  51064.973131        0.000910578346724
  51108.939912        0.000902899864666
  51152.906693        0.000895348441651
  51196.873473        0.000887921503977
  51240.840254        0.000880615693672
  51284.807035        0.000873428645668
  51328.773815        0.000866357156100
  51372.740596        0.000859399054461
  51416.707377        0.000852551303072
  51460.674157        0.000845811904936
  51504.640938        0.000839177954408
  51548.607719        0.000832647609862
  51592.574499        0.000826218065079
  51636.541280        0.000819887623736
  51680.508061        0.000813653596388
  51724.474841        0.000807514425458
  51768.441622        0.000801467554050
  51812.408403        0.000795511554526
  51856.375183        0.000789643971674
  51900.341964        0.000783863494722
  51944.308745        0.000778167744142
  51988.275525        0.000772555512085
  52032.242306        0.000767024511994
  52076.209086        0.000761573631008
  52120.175867        0.000756200685710
  52164.142648        0.000750904656573
  52208.109428        0.000745683437635
  52252.076209        0.000740536098101
  52296.042990        0.000735460597279
  52340.009770        0.000730456081381
  52383.976551        0.000725520593017
  52427.943332        0.000720653344910
  52471.910112        0.000715852461167
  52515.876893        0.000711117217720
  52559.843674        0.000706445793775
  52603.810454        0.000701837526827
  52647.777235        0.000697290652626
  52691.744016        0.000692804565311
  52735.710796        0.000688377580813
  52779.677577        0.000684009143990
  52823.644358        0.000679697641134
  52867.611138        0.000675442561625
  52911.577919        0.000671242331920
  52955.544700        0.000667096479099
  52999.511480        0.000663003476788
  53043.478261        0.000658962887334
  53087.445042        0.000654973258325
  53131.411822        0.000651034190090
  53175.378603        0.000647144293682
  53219.345383        0.000643303204449
  53263.312164        0.000639509569033
  53307.278945        0.000635763045871
  53351.245725        0.000632062324752
  53395.212506        0.000628407080968
  53439.179287        0.000624796068426
  53483.146067        0.000621228985466
  53527.112848        0.000617704638914
  53571.079629        0.000614222752908
  53615.046409        0.000610782169271
  53659.013190        0.000607382627916
  53702.979971        0.000604023017450
  53746.946751        0.000600703085323
  53790.913532        0.000597421777623
  53834.880313        0.000594178852330
  53878.847093        0.000590973295260
  53922.813874        0.000587804877198
  53966.780655        0.000584672615009
  54010.747435        0.000581576287165
  54054.714216        0.000578514961898
  54098.680997        0.000575488422642
  54142.647777        0.000572495794035
  54186.614558        0.000569536865554
  54230.581339        0.000566610793065
  54274.548119        0.000563717367471
  54318.514900        0.000560855769821
  54362.481681        0.000558025787090
  54406.448461        0.000555226650432
  54450.415242        0.000552458148095
  54494.382022        0.000549719565860
  54538.348803        0.000547010698544
  54582.315584        0.000544330861295
  54626.282364        0.000541679846051
  54670.249145        0.000539056992200
  54714.215926        0.000536462078640
  54758.182706        0.000533894489969
  54802.149487        0.000531353999453
  54846.116268        0.000528840038259
  54890.083048        0.000526352384000
  54934.049829        0.000523890495621
  54978.016610        0.000521454147413
  55021.983390        0.000519042827403
  55065.950171        0.000516656295403
  55109.916952        0.000514294082947
  55153.883732        0.000511955940128
  55197.850513        0.000509641434132
  55241.817294        0.000507350313030
  55285.784074        0.000505082165422
  55329.750855        0.000502836732343
  55373.717636        0.000500613635165
  55417.684416        0.000498412603015
  55461.651197        0.000496233302733
  55505.617978        0.000494075456766
  55549.584758        0.000491938760926
  55593.551539        0.000489822931427
  55637.518319        0.000487727678098
  55681.485100        0.000485652702795
  55725.451881        0.000483597745904
  55769.418661        0.000481562497066
  55813.385442        0.000479546741080
  55857.352223        0.000477550166608
  55901.319003        0.000475572585193
  55945.285784        0.000473613681058
  55989.252565        0.000471673277846
  56033.219345        0.000469751041231
  56077.186126        0.000467846821280
  56121.152907        0.000465960268443
  56165.119687        0.000464091269465
  56209.086468        0.000462239475399
  56253.053249        0.000460404795444
  56297.020029        0.000458586879327
  56340.986810        0.000456785651088
  56384.953591        0.000455000744340
  56428.920371        0.000453232109537
  56472.887152        0.000451479365906
  56516.853933        0.000449742491077
  56560.820713        0.000448021102956
  56604.787494        0.000446315192403
  56648.754275        0.000444624374320
  56692.721055        0.000442948654838
  56736.687836        0.000441287636865
  56780.654617        0.000439641355628
  56824.621397        0.000438009406889
  56868.588178        0.000436391847943
  56912.554958        0.000434788274273
  56956.521739        0.000433198747515
  57000.488520        0.000431622855264
  57044.455300        0.000430060669866
  57088.422081        0.000428511767075
  57132.388862        0.000426976246921
  57176.355642        0.000425453686030
  57220.322423        0.000423944204171
  57264.289204        0.000422447383590
  57308.255984        0.000420963345462
  57352.222765        0.000419491662834
  57396.189546        0.000418032463313
  57440.156326        0.000416585306427
  57484.123107        0.000415150340133
  57528.089888        0.000413727128031
  57572.056668        0.000412315831955
  57616.023449        0.000410916026094
  57659.990230        0.000409527874244
  57703.957010        0.000408150945270
  57747.923791        0.000406785410240
  57791.890572        0.000405430827484
  57835.857352        0.000404087381067
  57879.824133        0.000402754634185
  57923.790914        0.000401432774465
  57967.757694        0.000400121374839
  58011.724475        0.000398820622423
  58055.691255        0.000397530088095
  58099.658036        0.000396249969054
  58143.624817        0.000394979834024
  58187.591597        0.000393719890514
  58231.558378        0.000392469716593
  58275.525159        0.000391229514842
  58319.491939        0.000389998869618
  58363.458720        0.000388777976869
  58407.425501        0.000387566417406
  58451.392281        0.000386364395567
  58495.359062        0.000385171497456
  58539.325843        0.000383987936464
  58583.292623        0.000382813316168
  58627.259404        0.000381647842577
  58671.226185        0.000380491125792
  58715.192965        0.000379343361438
  58759.159746        0.000378204153649
  58803.126527        0.000377073700283
  58847.093307        0.000375951613283
  58891.060088        0.000374838093873
  58935.026869        0.000373732776751
  58978.993649        0.000372635855524
  59022.960430        0.000371546975058
  59066.927211        0.000370466320518
  59110.893991        0.000369393533428
  59154.860772        0.000368328796888
  59198.827553        0.000367271761751
  59242.794333        0.000366222605337
  59286.761114        0.000365181000305
  59330.727894        0.000364147112572
  59374.694675        0.000363120625828
  59418.661456        0.000362101700640
  59462.628236        0.000361090024070
  59506.595017        0.000360085755118
  59550.561798        0.000359088596007
  59594.528578        0.000358098693955
  59638.495359        0.000357115770362
  59682.462140        0.000356139955019
  59726.428920        0.000355170976021
  59770.395701        0.000354208956365
  59814.362482        0.000353253631853
  59858.329262        0.000352305124554
  59902.296043        0.000351363193733
  59946.262824        0.000350427949376
  59990.229604        0.000349499170915
  60034.196385        0.000348576948905
  60078.163166        0.000347661065094
  60122.129946        0.000346751599017
  60166.096727        0.000345848339942
  60210.063508        0.000344951362286
  60254.030288        0.000344060482912
  60297.997069        0.000343175764570
  60341.963850        0.000342297046852
  60385.930630        0.000341424376704
  60429.897411        0.000340557596741
  60473.864191        0.000339696742117
  60517.830972        0.000338841663349
  60561.797753        0.000337992384026
  60605.764533        0.000337148780588
  60649.731314        0.000336310861485
  60693.698095        0.000335478523917
  60737.664875        0.000334651764187
  60781.631656        0.000333830485744
  60825.598437        0.000333014676796
  60869.565217        0.000332204253989
  60913.531998        0.000331399191708
  60957.498779        0.000330599430468
  61001.465559        0.000329804925087
  61045.432340        0.000329015629724
  61089.399121        0.000328231486277
  61133.365901        0.000327452454878
  61177.332682        0.000326678471826
  61221.299463        0.000325909517165
  61265.266243        0.000325145515985
  61309.233024        0.000324386473787
  61353.199805        0.000323632296732
  61397.166585        0.000322882997741
  61441.133366        0.000322138468024
  61485.100147        0.000321398722551
  61529.066927        0.000320663644565
  61573.033708        0.000319933270936
  61617.000489        0.000319207475344
  61660.967269        0.000318486321615
  61704.934050        0.000317769670000
  61748.900830        0.000317057590341
  61792.867611        0.000316349930418
  61836.834392        0.000315646760444
  61880.801172        0.000314947916806
  61924.767953        0.000314253489008
  61968.734734        0.000313563301454
  62012.701514        0.000312877466512
  62056.668295        0.000312195799304
  62100.635076        0.000311518417701
  62144.601856        0.000310845130459
  62188.568637        0.000310176059405
  62232.535418        0.000309511003198
  62276.502198        0.000308850101675
  62320.468979        0.000308193139288
  62364.435760        0.000307540270180
  62408.402540        0.000306891269341
  62452.369321        0.000306246291657
  62496.336102        0.000305605109260
  62540.302882        0.000304967885196
  62584.269663        0.000304334386344
  62628.236444        0.000303704796154
  62672.203224        0.000303078870524
  62716.170005        0.000302456800626
  62760.136786        0.000301838332847
  62804.103566        0.000301223651855
  62848.070347        0.000300612499836
  62892.037128        0.000300005069123
  62936.003908        0.000299401098944
  62979.970689        0.000298800803238
  63023.937469        0.000298203917015
  63067.904250        0.000297610659571
  63111.871031        0.000297020761193
  63155.837811        0.000296434431224
  63199.804592        0.000295851394540
  63243.771373        0.000295271864929
  63287.738153        0.000294695562498
  63331.704934        0.000294122717914
  63375.671715        0.000293553051022
  63419.638495        0.000292986794842
  63463.605276        0.000292423671570
  63507.572057        0.000291863906097
  63551.538837        0.000291307218685
  63595.505618        0.000290753838618
  63639.472399        0.000290203480836
  63683.439179        0.000289656383602
  63727.405960        0.000289112261500
  63771.372741        0.000288571347479
  63815.339521        0.000288033361550
  63859.306302        0.000287498530194
  63903.273083        0.000286966576895
  63947.239863        0.000286437736251
  63991.206644        0.000285911731165
  64035.173425        0.000285388800351
  64079.140205        0.000284868667542
  64123.106986        0.000284351557355
  64167.073766        0.000283837197439
  64211.040547        0.000283325803390
  64255.007328        0.000282817107725
  64298.974108        0.000282311335899
  64342.940889        0.000281808226503
  64386.907670        0.000281308007721
  64430.874450        0.000280810424815
  64474.841231        0.000280315688012
  64518.808012        0.000279823546138
  64562.774792        0.000279334197227
  64606.741573        0.000278847392568
  64650.708354        0.000278363336252
  64694.675134        0.000277881788285
  64738.641915        0.000277402952034
  64782.608696        0.000276926600648
  64826.575476        0.000276452920435
  64870.542257        0.000275981692040
  64914.509038        0.000275513091247
  64958.475818        0.000275046900920
  65002.442599        0.000274583297617
  65046.409380        0.000274122072086
  65090.376160        0.000273663392031
  65134.342941        0.000273207062741
  65178.309722        0.000272753234648
  65222.276502        0.000272301724521
  65266.243283        0.000271852677555
  65310.210064        0.000271405917415
  65354.176844        0.000270961588808
  65398.143625        0.000270519524771
  65442.110405        0.000270079853157
  65486.077186        0.000269642418981
  65530.043967        0.000269207329082
  65574.010747        0.000268774438849
  65617.977528        0.000268343852606
  65661.944309        0.000267915437536
  65705.911089        0.000267489298758
  65749.877870        0.000267065318593
  65793.844651        0.000266643582746
  65837.811431        0.000266223984921
  65881.778212        0.000265806587447
  65925.744993        0.000265391290237
  65969.711773        0.000264978151167
  66013.678554        0.000264567082072
  66057.645335        0.000264158139531
  66101.612115        0.000263751255325
  66145.578896        0.000263346467717
  66189.545677        0.000262943722901
  66233.512457        0.000262543039257
  66277.479238        0.000262144368074
  66321.446019        0.000261747721738
  66365.412799        0.000261353061179
  66409.379580        0.000260960390954
  66453.346361        0.000260569691073
  66497.313141        0.000260180946624
  66541.279922        0.000259794153423
  66585.246702        0.000259409283204
  66629.213483        0.000259026339950
  66673.180264        0.000258645292477
  66717.147044        0.000258266155615
  66761.113825        0.000257888885046
  66805.080606        0.000257513510892
  66849.047386        0.000257139965371
  66893.014167        0.000256768290138
  66936.980948        0.000256398407475
  66980.947728        0.000256030369050
  67024.914509        0.000255664098627
  67068.881290        0.000255299663652
  67112.848070        0.000254936974861
  67156.814851        0.000254576114154
  67200.781632        0.000254216967608
  67244.748412        0.000253859622349
  67288.715193        0.000253503954353
  67332.681974        0.000253150057755
  67376.648754        0.000252797810044
  67420.615535        0.000252447323855
  67464.582316        0.000252098465659
  67508.549096        0.000251751364471
  67552.515877        0.000251405867036
  67596.482658        0.000251062105129
  67640.449438        0.000250719917337
  67684.416219        0.000250379438603
  67728.383000        0.000250040505079
  67772.349780        0.000249703267432
  67816.316561        0.000249367549350
  67860.283341        0.000249033516676
  67904.250122        0.000248700980147
  67948.216903        0.000248370109262
  67992.183683        0.000248040713256
  68036.150464        0.000247712965527
  68080.117245        0.000247386671125
  68124.084025        0.000247062015110
  68168.050806        0.000246738786206
  68212.017587        0.000246417177808
  68255.984367        0.000246096968790
  68299.951148        0.000245778354706
  68343.917929        0.000245461119570
  68387.884709        0.000245145466737
  68431.851490        0.000244831178943
  68475.818271        0.000244518470937
  68519.785051        0.000244207109087
  68563.751832        0.000243897308985
  68607.718613        0.000243588827791
  68651.685393        0.000243281877394
  68695.652174        0.000242976221539
  68739.618955        0.000242672080892
  68783.585735        0.000242369220754
  68827.552516        0.000242067874810
  68871.519297        0.000241767797463
  68915.486077        0.000241469220206
  68959.452858        0.000241171892256
  69003.419638        0.000240876036444
  69047.386419        0.000240581406927
  69091.353200        0.000240288231661
  69135.319980        0.000239996264491
  69179.286761        0.000239705743859
  69223.253542        0.000239416418416
  69267.220322        0.000239128523709
  69311.187103        0.000238841811585
  69355.153884        0.000238556509469
  69399.120664        0.000238272375303
  69443.087445        0.000237989638631
  69487.054226        0.000237708053482
  69531.021006        0.000237427852402
  69574.987787        0.000237148785600
  69618.954568        0.000236871078572
  69662.921348        0.000236594491607
  69706.888129        0.000236319245237
  69750.854910        0.000236045110644
  69794.821690        0.000235772312074
  69838.788471        0.000235500617339
  69882.755252        0.000235230246992
  69926.722032        0.000234960965171
  69970.688813        0.000234692977771
  70014.655594        0.000234426060295
  70058.622374        0.000234160413479
  70102.589155        0.000233895826387
  70146.555936        0.000233632506173
  70190.522716        0.000233370243481
  70234.489497        0.000233109239708
  70278.456277        0.000232849286157
  70322.423058        0.000232590564555
  70366.389839        0.000232332876847
  70410.356619        0.000232076396247
  70454.323400        0.000231820935562
  70498.290181        0.000231566672355
  70542.256961        0.000231313424271
  70586.223742        0.000231061362070
  70630.190523        0.000230810311928
  70674.157303        0.000230560425907
  70718.124084        0.000230311543544
  70762.090865        0.000230063807676
  70806.057645        0.000229817064874
  70850.024426        0.000229571456328
  70893.991207        0.000229326832178
  70937.957987        0.000229083321612
  70981.924768        0.000228840788281
  71025.891549        0.000228599345261
  71069.858329        0.000228358874596
  71113.825110        0.000228119484582
  71157.791891        0.000227881064928
  71201.758671        0.000227643718552
  71245.725452        0.000227407337288
  71289.692233        0.000227172004247
  71333.659013        0.000226937624308
  71377.625794        0.000226704263668
  71421.592574        0.000226471846898
  71465.559355        0.000226240439992
  71509.526136        0.000226009978552
  71553.492916        0.000225780523825
  71597.459697        0.000225552016951
  71641.426478        0.000225324495573
  71685.393258        0.000225097912745
  71729.360039        0.000224872286718
  71773.326820        0.000224647585993
  71817.293600        0.000224423828313
  71861.260381        0.000224200993423
  71905.227162        0.000223979094414
  71949.193942        0.000223758122326
  71993.160723        0.000223538068417
  72037.127504        0.000223318938401
  72081.094284        0.000223100706115
  72125.061065        0.000222883388496
  72169.027846        0.000222666956016
  72212.994626        0.000222451432680
  72256.961407        0.000222236779527
  72300.928188        0.000222023033580
  72344.894968        0.000221810136165
  72388.861749        0.000221598142888
  72432.828530        0.000221386984811
  72476.795310        0.000221176728951
  72520.762091        0.000220967303554
  72564.728872        0.000220758779741
  72608.695652        0.000220551069864
  72652.662433        0.000220344255050
  72696.629213        0.000220138226454
  72740.595994        0.000219933082769
  72784.562775        0.000219728711193
  72828.529555        0.000219525223422
  72872.496336        0.000219322508055
  72916.463117        0.000219120682856
  72960.429897        0.000218919618722
  73004.396678        0.000218719441400
  73048.363459        0.000218519998952
  73092.330239        0.000218321428822
  73136.297020        0.000218123576605
  73180.263801        0.000217926590019
  73224.230581        0.000217730318012
  73268.197362        0.000217534917598
  73312.164143        0.000217340222713
  73356.130923        0.000217146400521
  73400.097704        0.000216953266060
  73444.064485        0.000216760993689
  73488.031265        0.000216569396482
  73531.998046        0.000216378652672
  73575.964827        0.000216188575260
  73619.931607        0.000215999350386
  73663.898388        0.000215810777351
  73707.865169        0.000215623054572
  73751.831949        0.000215435970942
  73795.798730        0.000215249732053
  73839.765511        0.000215064129554
  73883.732291        0.000214879369178
  73927.699072        0.000214695238299
  73971.665852        0.000214511945607
  74015.632633        0.000214329262195
  74059.599414        0.000214147405759
  74103.566194        0.000213966143462
  74147.532975        0.000213785700186
  74191.499756        0.000213605853152
  74235.466536        0.000213426828741
  74279.433317        0.000213248400351
  74323.400098        0.000213070794969
  74367.366878        0.000212893768118
  74411.333659        0.000212717548942
  74455.300440        0.000212541891180
  74499.267220        0.000212367026320
  74543.234001        0.000212192721649
  74587.200782        0.000212019211523
  74631.167562        0.000211846262554
  74675.134343        0.000211674111731
  74719.101124        0.000211502512222
  74763.067904        0.000211331699201
  74807.034685        0.000211161426705
  74851.001466        0.000210991925028
  74894.968246        0.000210822959762
  74938.935027        0.000210654760794
  74982.901808        0.000210487092842
  75026.868588        0.000210320189309
  75070.835369        0.000210153809140
  75114.802149        0.000209988184228
  75158.768930        0.000209823081852
  75202.735711        0.000209658725992
  75246.702491        0.000209494893455
  75290.669272        0.000209331802539
  75334.636053        0.000209169224977
  75378.602833        0.000209007378058
  75422.569614        0.000208846032278
  75466.536395        0.000208685402519
  75510.503175        0.000208525276305
  75554.469956        0.000208365862442
  75598.436737        0.000208206960292
  75642.403517        0.000208048771870
  75686.370298        0.000207891089103
  75730.337079        0.000207734106489
  75774.303859        0.000207577615635
  75818.270640        0.000207421802888
  75862.237421        0.000207266480384
  75906.204201        0.000207111829234
  75950.170982        0.000206957676419
  75994.137763        0.000206804199233
  76038.104543        0.000206651220561
  76082.071324        0.000206498907858
  76126.038105        0.000206347086586
  76170.004885        0.000206195909615
  76213.971666        0.000206045221619
  76257.938447        0.000205895166563
  76301.905227        0.000205745601780
  76345.872008        0.000205596668284
  76389.838788        0.000205448224252
  76433.805569        0.000205300402235
  76477.772350        0.000205153070779
  76521.739130        0.000205006346733
  76565.705911        0.000204860117552
  76609.672692        0.000204714487514
  76653.639472        0.000204569350680
  76697.606253        0.000204424804041
  76741.573034        0.000204280743214
  76785.539814        0.000204137255741
  76829.506595        0.000203994255466
  76873.473376        0.000203851817365
  76917.440156        0.000203709877583
  76961.406937        0.000203568500086
  77005.373718        0.000203427624126
  77049.340498        0.000203287301869
  77093.307279        0.000203147472161
  77137.274060        0.000203008172128
  77181.240840        0.000202869360908
  77225.207621        0.000202731064165
  77269.174402        0.000202593265453
  77313.141182        0.000202455984429
  77357.107963        0.000202319209182
  77401.074744        0.000202182947949
  77445.041524        0.000202047189918
  77489.008305        0.000201911923616
  77532.975085        0.000201777156789
  77576.941866        0.000201642863742
  77620.908647        0.000201509072512
  77664.875427        0.000201375753247
  77708.842208        0.000201242939639
  77752.808989        0.000201110593363
  77796.775769        0.000200978755449
  77840.742550        0.000200847369163
  77884.709331        0.000200716494788
  77928.676111        0.000200586060289
  77972.642892        0.000200456138819
  78016.609673        0.000200326651420
  78060.576453        0.000200197673193
  78104.543234        0.000200069116079
  78148.510015        0.000199941067615
  78192.476795        0.000199813425610
  78236.443576        0.000199686300668
  78280.410357        0.000199559580195
  78324.377137        0.000199433383596
  78368.343918        0.000199307589875
  78412.310699        0.000199182315148
  78456.277479        0.000199057424479
  78500.244260        0.000198933045911
  78544.211041        0.000198809031621
  78588.177821        0.000198685533697
  78632.144602        0.000198562401033
  78676.111383        0.000198439794275
  78720.078163        0.000198317557518
  78764.044944        0.000198195847634
  78808.011724        0.000198074492052
  78851.978505        0.000197953656943
  78895.945286        0.000197833155132
  78939.912066        0.000197713171384
  78983.878847        0.000197593518141
  79027.845628        0.000197474386461
  79071.812408        0.000197355588533
  79115.779189        0.000197237315498
  79159.745970        0.000197119365973
  79203.712750        0.000197001941691
  79247.679531        0.000196884827933
  79291.646312        0.000196768237502
  79335.613092        0.000196651954663
  79379.579873        0.000196536191194
  79423.546654        0.000196420730594
  79467.513434        0.000196305786415
  79511.480215        0.000196191133151
  79555.446996        0.000196076998905
  79599.413776        0.000195963152146
  79643.380557        0.000195849828606
  79687.347338        0.000195736797419
  79731.314118        0.000195624285980
  79775.280899        0.000195512058611
  79819.247680        0.000195400341301
  79863.214460        0.000195288889596
  79907.181241        0.000195177944145
  79951.148021        0.000195067262603
  79995.114802        0.000194957092545
  80039.081583        0.000194847198624
  80083.048363        0.000194737818380
  80127.015144        0.000194628710560
  80170.981925        0.000194520108226
  80214.948705        0.000194411759438
  80258.915486        0.000194303906130
  80302.882267        0.000194196301628
  80346.849047        0.000194089190589
  80390.815828        0.000193982338747
  80434.782609        0.000193875982715
  80478.749389        0.000193769886076
  80522.716170        0.000193664282956
  80566.682951        0.000193558928683
  80610.649731        0.000193454060224
  80654.616512        0.000193349438666
  80698.583293        0.000193245294948
  80742.550073        0.000193141401895
  80786.516854        0.000193037981329
  80830.483635        0.000192934807027
  80874.450415        0.000192832102497
  80918.417196        0.000192729640922
  80962.383977        0.000192627647422
  81006.350757        0.000192525905195
  81050.317538        0.000192424626021
  81094.284319        0.000192323601120
  81138.251099        0.000192223028282
  81182.217880        0.000192122697575
  81226.184660        0.000192022808342
  81270.151441        0.000191923156969
  81314.118222        0.000191823944642
  81358.085002        0.000191724985600
  81402.051783        0.000191626466632
  81446.018564        0.000191528209902
  81489.985344        0.000191430385558
  81533.952125        0.000191332811157
  81577.918906        0.000191235653536
  81621.885686        0.000191138738307
  81665.852467        0.000191042229906
  81709.819248        0.000190945976931
  81753.786028        0.000190850130681
  81797.752809        0.000190754550879
  81841.719590        0.000190659375621
  81885.686370        0.000190564461631
  81929.653151        0.000190469940482
  81973.619932        0.000190375677471
  82017.586712        0.000190281793734
  82061.553493        0.000190188176119
  82105.520274        0.000190094930278
  82149.487054        0.000190001954636
  82193.453835        0.000189909346289
  82237.420616        0.000189817006468
  82281.387396        0.000189725027666
  82325.354177        0.000189633324772
  82369.320957        0.000189541974920
  82413.287738        0.000189450911164
  82457.254519        0.000189360190080
  82501.221299        0.000189269750896
  82545.188080        0.000189179641689
  82589.154861        0.000189089808014
  82633.121641        0.000189000295581
  82677.088422        0.000188911071526
  82721.055203        0.000188822167158
  82765.021983        0.000188733568134
  82808.988764        0.000188645284325
  82852.955545        0.000188557301851
  82896.922325        0.000188469618947
  82940.889106        0.000188382226775
  82984.855887        0.000188295118073
  83028.822667        0.000188208309199
  83072.789448        0.000188121780409
  83116.756229        0.000188035568852
  83160.723009        0.000187949638549
  83204.689790        0.000187864026781
  83248.656571        0.000187778686142
  83292.623351        0.000187693658019
  83336.590132        0.000187608883839
  83380.556913        0.000187524427866
  83424.523693        0.000187440216495
  83468.490474        0.000187356332146
  83512.457255        0.000187272690278
  83556.424035        0.000187189376017
  83600.390816        0.000187106298547
  83644.357596        0.000187023551742
  83688.324377        0.000186941032091
  83732.291158        0.000186858853368
  83776.257938        0.000186776893338
  83820.224719        0.000186695275657
  83864.191500        0.000186613867348
  83908.158280        0.000186532793660
  83952.125061        0.000186451919397
  83996.091842        0.000186371385094
  84040.058622        0.000186291046540
  84084.025403        0.000186211065383
  84127.992184        0.000186131280101
  84171.958964        0.000186051854792
  84215.925745        0.000185972616003
  84259.892526        0.000185893724291
  84303.859306        0.000185815002090
  84347.826087        0.000185736626899
  84391.792868        0.000185658414852
  84435.759648        0.000185580566109
  84479.726429        0.000185502886417
  84523.693210        0.000185425576335
  84567.659990        0.000185348432986
  84611.626771        0.000185271650544
  84655.593552        0.000185195018849
  84699.560332        0.000185118745789
  84743.527113        0.000185042612817
  84787.493894        0.000184966845970
  84831.460674        0.000184891221607
  84875.427455        0.000184815965339
  84919.394235        0.000184740852281
  84963.361016        0.000184666105117
  85007.327797        0.000184591493333
  85051.294577        0.000184517251614
  85095.261358        0.000184443138841
  85139.228139        0.000184369398313
  85183.194919        0.000184295784056
  85227.161700        0.000184222533567
  85271.128481        0.000184149404105
  85315.095261        0.000184076634693
  85359.062042        0.000184003982504
  85403.028823        0.000183931701289
  85446.995603        0.000183859541280
  85490.962384        0.000183787757598
  85534.929165        0.000183716095671
  85578.895945        0.000183644796586
  85622.862726        0.000183573607514
  85666.829507        0.000183502770589
  85710.796287        0.000183432035610
  85754.763068        0.000183361661296
  85798.729849        0.000183291397973
  85842.696629        0.000183221503366
  85886.663410        0.000183151728381
  85930.630191        0.000183082312833
  85974.596971        0.000183013007721
  86018.563752        0.000182944050396
  86062.530532        0.000182875192070
  86106.497313        0.000182806682041
  86150.464094        0.000182738276424
  86194.430874        0.000182670220802
  86238.397655        0.000182602279749
  86282.364436        0.000182534683171
  86326.331216        0.000182467199182
  86370.297997        0.000182400055579
  86414.264778        0.000182333019446
  86458.231558        0.000182266322245
  86502.198339        0.000182199735283
  86546.165120        0.000182133478308
  86590.131900        0.000182067334401
  86634.098681        0.000182001510167
  86678.065462        0.000181935797820
  86722.032242        0.000181870406846
  86765.999023        0.000181805132968
  86809.965804        0.000181740184584
  86853.932584        0.000181675362367
  86897.899365        0.000181610853600
  86941.866146        0.000181546468265
  86985.832926        0.000181482378361
  87029.799707        0.000181418403880
  87073.766488        0.000181354722817
  87117.733268        0.000181291165497
  87161.700049        0.000181227908387
  87205.666830        0.000181164792655
  87249.633610        0.000181101970030
  87293.600391        0.000181039289587
  87337.567171        0.000180976884761
  87381.533952        0.000180914610775
  87425.500733        0.000180852604007
  87469.467513        0.000180790732118
  87513.434294        0.000180729127256
  87557.401075        0.000180667674783
  87601.367855        0.000180606484137
  87645.334636        0.000180545452053
  87689.301417        0.000180484672450
  87733.268197        0.000180424046564
  87777.234978        0.000180363666366
  87821.201759        0.000180303443427
  87865.168539        0.000180243457369
  87909.135320        0.000180183638183
  87953.102101        0.000180124043791
  87997.068881        0.000180064619203
  88041.035662        0.000180005414217
  88085.002443        0.000179946382458
  88128.969223        0.000179887571442
  88172.936004        0.000179828945482
  88216.902785        0.000179770531594
  88260.869565        0.000179712308558
  88304.836346        0.000179654278472
  88348.803127        0.000179596432806
  88392.769907        0.000179538770110
  88436.736688        0.000179481294903
  88480.703468        0.000179424006342
  88524.670249        0.000179366925195
  88568.637030        0.000179310028353
  88612.603810        0.000179253349284
  88656.570591        0.000179196838104
  88700.537372        0.000179140534585
  88744.504152        0.000179084384286
  88788.470933        0.000179028439099
  88832.437714        0.000178972644383
  88876.404494        0.000178917072903
  88920.371275        0.000178861650216
  88964.338056        0.000178806464202
  89008.304836        0.000178751418821
  89052.271617        0.000178696605609
  89096.238398        0.000178641923379
  89140.205178        0.000178587471722
  89184.171959        0.000178533142643
  89228.138740        0.000178479054801
  89272.105520        0.000178425080347
  89316.072301        0.000178371353811
  89360.039082        0.000178317734609
  89404.005862        0.000178264363313
  89447.972643        0.000178211098821
  89491.939424        0.000178158089794
  89535.906204        0.000178105183310
  89579.872985        0.000178052541812
  89623.839766        0.000177999988689
  89667.806546        0.000177947696153
  89711.773327        0.000177895479859
  89755.740107        0.000177843519386
  89799.706888        0.000177791636530
  89843.673669        0.000177740023974
  89887.640449        0.000177688492440
  89931.607230        0.000177637246304
  89975.574011        0.000177586071970
  90019.540791        0.000177535175417
  90063.507572        0.000177484336085
  90107.474353        0.000177433762612
  90151.441133        0.000177383241341
  90195.407914        0.000177332996623
  90239.374695        0.000177282807403
  90283.341475        0.000177232911829
  90327.308256        0.000177183070803
  90371.275037        0.000177133519942
  90415.241817        0.000177084015837
  90459.208598        0.000177034791538
  90503.175379        0.000176985606867
  90547.142159        0.000176936706822
  90591.108940        0.000176887842504
  90635.075721        0.000176839270705
  90679.042501        0.000176790733020
  90723.009282        0.000176742484837
  90766.976063        0.000176694272281
  90810.942843        0.000176646348122
  90854.909624        0.000176598459611
  90898.876404        0.000176550865846
  90942.843185        0.000176503301113
  90986.809966        0.000176456028834
  91030.776746        0.000176408778104
  91074.743527        0.000176361808389
  91118.710308        0.000176314861217
  91162.677088        0.000176268197565
  91206.643869        0.000176221564066
  91250.610650        0.000176175228516
  91294.577430        0.000176128924364
  91338.544211        0.000176082914146
  91382.510992        0.000176036926372
  91426.477772        0.000175991211910
  91470.444553        0.000175945514363
  91514.411334        0.000175900088791
  91558.378114        0.000175854687337
  91602.344895        0.000175809573296
  91646.311676        0.000175764490586
  91690.278456        0.000175719693106
  91734.245237        0.000175674926644
  91778.212018        0.000175630429588
  91822.178798        0.000175585959119
  91866.145579        0.000175541750877
  91910.112360        0.000175497566560
  91954.079140        0.000175453649895
  91998.045921        0.000175409765675
  92042.012702        0.000175366148003
  92085.979482        0.000175322568429
  92129.946263        0.000175279243013
  92173.913043        0.000175235956966
  92217.879824        0.000175192926170
  92261.846605        0.000175149938419
  92305.813385        0.000175107203966
  92349.780166        0.000175064508451
  92393.746947        0.000175022049279
  92437.713727        0.000174979632408
  92481.680508        0.000174937446969
  92525.647289        0.000174895315533
  92569.614069        0.000174853420950
  92613.580850        0.000174811586432
  92657.547631        0.000174769988234
  92701.514411        0.000174728451365
  92745.481192        0.000174687131726
  92789.447973        0.000174645869613
  92833.414753        0.000174604806633
  92877.381534        0.000174563806295
  92921.348315        0.000174523014360
  92965.315095        0.000174482301081
  93009.281876        0.000174441803946
  93053.248657        0.000174401393167
  93097.215437        0.000174361176002
  93141.182218        0.000174321040965
  93185.148999        0.000174281081232
  93229.115779        0.000174241206210
  93273.082560        0.000174201513012
  93317.049340        0.000174161910904
  93361.016121        0.000174122484098
  93404.982902        0.000174083158347
  93448.949682        0.000174043995113
  93492.916463        0.000174004945774
  93536.883244        0.000173966055136
  93580.850024        0.000173927273280
  93624.816805        0.000173888643236
  93668.783586        0.000173850125191
  93712.750366        0.000173811749604
  93756.717147        0.000173773504918
  93800.683928        0.000173735392176
  93844.650708        0.000173697404667
  93888.617489        0.000173659539266
  93932.584270        0.000173621808113
  93976.551050        0.000173584216402
  94020.517831        0.000173546787196
  94064.484612        0.000173509469045
  94108.451392        0.000173472279541
  94152.418173        0.000173435171522
  94196.384954        0.000173398214879
  94240.351734        0.000173361375696
  94284.318515        0.000173324706884
  94328.285296        0.000173288115815
  94372.252076        0.000173251678106
  94416.218857        0.000173215332775
  94460.185638        0.000173179184779
  94504.152418        0.000173143123681
  94548.119199        0.000173107210912
  94592.085979        0.000173071322029
  94636.052760        0.000173035612268
  94680.019541        0.000172999997810
  94723.986321        0.000172964601240
  94767.953102        0.000172929264017
  94811.919883        0.000172894090787
  94855.886663        0.000172858951341
  94899.853444        0.000172824049337
  94943.820225        0.000172789214882
  94987.787005        0.000172754576692
  95031.753786        0.000172719959061
  95075.720567        0.000172685518752
  95119.687347        0.000172651109611
  95163.654128        0.000172616937757
  95207.620909        0.000172582768520
  95251.587689        0.000172548808792
  95295.554470        0.000172514875188
  95339.521251        0.000172481140516
  95383.488031        0.000172447428785
  95427.454812        0.000172413955357
  95471.421593        0.000172380480418
  95515.388373        0.000172347261788
  95559.355154        0.000172314028302
  95603.321935        0.000172280973113
  95647.288715        0.000172247947132
  95691.255496        0.000172215205710
  95735.222277        0.000172182501330
  95779.189057        0.000172150073148
  95823.155838        0.000172117564237
  95867.122618        0.000172085233108
  95911.089399        0.000172052941181
  95955.056180        0.000172020918533
  95999.022960        0.000171988891760
  96042.989741        0.000171957096464
  96086.956522        0.000171925144494
  96130.923302        0.000171893392394
  96174.890083        0.000171861729283
  96218.856864        0.000171830372639
  96262.823644        0.000171799018466
  96306.790425        0.000171767819001
  96350.757206        0.000171736393597
  96394.723986        0.000171705316575
  96438.690767        0.000171674487479
  96482.657548        0.000171643980801
  96526.624328        0.000171613336632
  96570.591109        0.000171582657484
  96614.557890        0.000171551862420
  96658.524670        0.000171521725643
  96702.491451        0.000171491813466
  96746.458232        0.000171461930053
  96790.425012        0.000171431674004
  96834.391793        0.000171401451757
  96878.358574        0.000171371541591
  96922.325354        0.000171342408452
  96966.292135        0.000171313038463
  97010.258915        0.000171283369299
  97054.225696        0.000171253511666
  97098.192477        0.000171224094542
  97142.159257        0.000171195173211
  97186.126038        0.000171166555785
  97230.092819        0.000171137147904
  97274.059599        0.000171107691809
  97318.026380        0.000171078643128
  97361.993161        0.000171050139139
  97405.959941        0.000171021833039
  97449.926722        0.000170993506635
  97493.893503        0.000170964744193
  97537.860283        0.000170936736096
  97581.827064        0.000170909141076
  97625.793845        0.000170881449853
  97669.760625        0.000170853764343
  97713.727406        0.000170826230324
  97757.694187        0.000170798527786
  97801.660967        0.000170771222760
  97845.627748        0.000170743371839
  97889.594529        0.000170715374703
  97933.561309        0.000170688098768
  97977.528090        0.000170660966535
  98021.494871        0.000170633276669
  98065.461651        0.000170605648120
  98109.428432        0.000170577762713
  98153.395213        0.000170550931211
  98197.361993        0.000170525210849
  98241.328774        0.000170498739878
  98285.295554        0.000170471588776
  98329.262335        0.000170444971356
  98373.229116        0.000170418592738
  98417.195896        0.000170393817634
  98461.162677        0.000170369497722
  98505.129458        0.000170343209481
  98549.096238        0.000170316405356
  98593.063019        0.000170290301083
  98637.029800        0.000170264819856
  98680.996580        0.000170241365145
  98724.963361        0.000170216564446
  98768.930142        0.000170188316521
  98812.896922        0.000170160551863
  98856.863703        0.000170134881518
  98900.830484        0.000170111401451
  98944.797264        0.000170088768211
  98988.764045        0.000170061353720
  99032.730826        0.000170031666140
  99076.697606        0.000170006563092
  99120.664387        0.000169985162444
  99164.631168        0.000169964573471
  99208.597948        0.000169940060748
  99252.564729        0.000169909769791
  99296.531510        0.000169883564745
  99340.498290        0.000169864936336
  99384.465071        0.000169845764996
  99428.431851        0.000169822213423
  99472.398632        0.000169793471264
  99516.365413        0.000169765033271
  99560.332193        0.000169746634238
  99604.298974        0.000169730447900
  99648.265755        0.000169705058671
  99692.232535        0.000169676234505
  99736.199316        0.000169649058511
  99780.166097        0.000169626438667
  99824.132877        0.000169609059155
  99868.099658        0.000169583848346
  99912.066439        0.000169551066466
  99956.033219        0.000169526361290
 100000.000000        0.000169505751474
