  10000.000000        1.492988911732421
  10043.966781        1.503302184957731
  10087.933561        1.513662955339483
  10131.900342        1.524071490565925
  10175.867123        1.534528059754506
  10219.833903        1.545032935945739
  10263.800684        1.555586398125743
  10307.767465        1.566188730369027
  10351.734245        1.576840218757039
  10395.701026        1.587541149214656
  10439.667807        1.598291807449678
  10483.634587        1.609092480349066
  10527.601368        1.619943456629414
  10571.568149        1.630845025642835
  10615.534929        1.641797476898973
  10659.501710        1.652801100873719
  10703.468490        1.663856191314296
  10747.435271        1.674963046851699
  10791.402052        1.686121971100476
  10835.368832        1.697333271526554
  10879.335613        1.708597258316580
  10923.302394        1.719914243542748
  10967.269174        1.731284540814936
  11011.235955        1.742708464670386
  11055.202736        1.754186330114069
  11099.169516        1.765718452426370
  11143.136297        1.777305147601936
  11187.103078        1.788946733327794
  11231.069858        1.800643530248128
  11275.036639        1.812395863343233
  11319.003420        1.824204062616366
  11362.970200        1.836068462906194
  11406.936981        1.847989402615812
  11450.903762        1.859967222796460
  11494.870542        1.872002266274088
  11538.837323        1.884094877263407
  11582.804104        1.896245400811643
  11626.770884        1.908454182360959
  11670.737665        1.920721567708883
  11714.704446        1.933047904007464
  11758.671226        1.945433541553335
  11802.638007        1.957878835202601
  11846.604787        1.970384144953363
  11890.571568        1.982949835816775
  11934.538349        1.995576277021348
  11978.505129        2.008263841373966
  12022.471910        2.021012904593376
  12066.438691        2.033823844178906
  12110.405471        2.046697038545271
  12154.372252        2.059632866378500
  12198.339033        2.072631706839192
  12242.305813        2.085693940576862
  12286.272594        2.098819951225882
  12330.239375        2.112010126793385
  12374.206155        2.125264860587785
  12418.172936        2.138584551276595
  12462.139717        2.151969602684442
  12506.106497        2.165420423010573
  12550.073278        2.178937424089979
  12594.040059        2.192521020188579
  12638.006839        2.206171627030153
  12681.973620        2.219889660899565
  12725.940401        2.233675538525435
  12769.907181        2.247529677943700
  12813.873962        2.261452500066703
  12857.840743        2.275444430185940
  12901.807523        2.289505898969316
  12945.774304        2.303637342939762
  12989.741085        2.317839204309648
  13033.707865        2.332111930609294
  13077.674646        2.346455973829278
  13121.641426        2.360871789315772
  13165.608207        2.375359834413493
  13209.574988        2.389920567469958
  13253.541768        2.404554447406459
  13297.508549        2.419261934523992
  13341.475330        2.434043491636471
  13385.442110        2.448899585976248
  13429.408891        2.463830690188132
  13473.375672        2.478837283158590
  13517.342452        2.493919850209408
  13561.309233        2.509078882739700
  13605.276014        2.524314877576608
  13649.242794        2.539628335872840
  13693.209575        2.555019761604787
  13737.176356        2.570489660242063
  13781.143136        2.586038538222231
  13825.109917        2.601666903248236
  13869.076698        2.617375265631418
  13913.043478        2.633164139885745
  13957.010259        2.649034046091208
  14000.977040        2.664985510888689
  14044.943820        2.681019067793551
  14088.910601        2.697135257384311
  14132.877382        2.713334626647192
  14176.844162        2.729617727988576
  14220.810943        2.745985117646057
  14264.777723        2.762437354130741
  14308.744504        2.778974997356341
  14352.711285        2.795598608601988
  14396.678065        2.812308751797267
  14440.644846        2.829105994948673
  14484.611627        2.845990911765846
  14528.578407        2.862964082697463
  14572.545188        2.880026095751976
  14616.511969        2.897177546786678
  14660.478749        2.914419039121655
  14704.445530        2.931751182710187
  14748.412311        2.949174592452308
  14792.379091        2.966689886484850
  14836.345872        2.984297685017135
  14880.312653        3.001998610012291
  14924.279433        3.019793286071985
  14968.246214        3.037682341959706
  15012.212995        3.055666412200982
  15056.179775        3.073746138275730
  15100.146556        3.091922169718289
  15144.113337        3.110195164686536
  15188.080117        3.128565790068619
  15232.046898        3.147034720554856
  15276.013679        3.165602637183453
  15319.980459        3.184270225380633
  15363.947240        3.203038173454033
  15407.914021        3.221907171989919
  15451.880801        3.240877914606864
  15495.847582        3.259951099118144
  15539.814362        3.279127429102284
  15583.781143        3.298407615510740
  15627.747924        3.317792377726104
  15671.714704        3.337282444551847
  15715.681485        3.356878554609670
  15759.648266        3.376581455797209
  15803.615046        3.396391903793083
  15847.581827        3.416310660098733
  15891.548608        3.436338490229292
  15935.515388        3.456476162773286
  15979.482169        3.476724449714881
  16023.448950        3.497084127478002
  16067.415730        3.517555978552502
  16111.382511        3.538140792877955
  16155.349292        3.558839369435553
  16199.316072        3.579652517389103
  16243.282853        3.600581056880669
  16287.249634        3.621625818816027
  16331.216414        3.642787643541325
  16375.183195        3.664067378749936
  16419.149976        3.685465877576238
  16463.116756        3.706983997268136
  16507.083537        3.728622599177726
  16551.050318        3.750382549648343
  16595.017098        3.772264721271180
  16638.983879        3.794269994428969
  16682.950660        3.816399259100716
  16726.917440        3.838653416070089
  16770.884221        3.861033378449755
  16814.851001        3.883540071585152
  16858.817782        3.906174432107839
  16902.784563        3.928937405866138
  16946.751343        3.951829945733990
  16990.718124        3.974853010161637
  17034.684905        3.998007562629929
  17078.651685        4.021294572279110
  17122.618466        4.044715015012467
  17166.585247        4.068269875011651
  17210.552027        4.091960146490795
  17254.518808        4.115786835501209
  17298.485589        4.139750961415817
  17342.452369        4.163853557540277
  17386.419150        4.188095670436867
  17430.385931        4.212478357951563
  17474.352711        4.237002686944108
  17518.319492        4.261669731565130
  17562.286273        4.286480572402001
  17606.253053        4.311436296583917
  17650.219834        4.336537998860638
  17694.186615        4.361786782762495
  17738.153395        4.387183762540920
  17782.120176        4.412730065159036
  17826.086957        4.438426832222437
  17870.053737        4.464275221015239
  17914.020518        4.490276404112369
  17957.987298        4.516431567761607
  18001.954079        4.542741909509195
  18045.920860        4.569208636189017
  18089.887640        4.595832962913652
  18133.854421        4.622616112706013
  18177.821202        4.649559317317910
  18221.787982        4.676663818118148
  18265.754763        4.703930868023479
  18309.721544        4.731361733605625
  18353.688324        4.758957697497709
  18397.655105        4.786720059809344
  18441.621886        4.814650138333873
  18485.588666        4.842749266992922
  18529.555447        4.871018793835294
  18573.522228        4.899460078533018
  18617.489008        4.928074491338043
  18661.455789        4.956863412250084
  18705.422570        4.985828231427082
  18749.389350        5.014970349821643
  18793.356131        5.044291181040480
  18837.322912        5.073792153541357
  18881.289692        5.103474713420701
  18925.256473        5.133340326198590
  18969.223254        5.163390477611442
  19013.190034        5.193626672354357
  19057.156815        5.224050432162525
  19101.123596        5.254663293628118
  19145.090376        5.285466806500512
  19189.057157        5.316462532721465
  19233.023937        5.347652046276687
  19276.990718        5.379036933717492
  19320.957499        5.410618795567533
  19364.924279        5.442399248689314
  19408.891060        5.474379929302673
  19452.857841        5.506562495404027
  19496.824621        5.538948627778023
  19540.791402        5.571540029542297
  19584.758183        5.604338424290383
  19628.724963        5.637345553880702
  19672.691744        5.670563176624891
  19716.658525        5.703993066141224
  19760.625305        5.737637010576770
  19804.592086        5.771496812895261
  19848.558867        5.805574291996834
  19892.525647        5.839871285090067
  19936.492428        5.874389650554303
  19980.459209        5.909131271223214
  20024.425989        5.944098055751533
  20068.392770        5.979291938752243
  20112.359551        6.014714879214670
  20156.326331        6.050368858503985
  20200.293112        6.086255878516339
  20244.259893        6.122377960088807
  20288.226673        6.158737141995048
  20332.193454        6.195335480636295
  20376.160234        6.232175051015965
  20420.127015        6.269257948683202
  20464.093796        6.306586293172213
  20508.060576        6.344162231201518
  20552.027357        6.381987938884938
  20595.994138        6.420065622410604
  20639.960918        6.458397516814939
  20683.927699        6.496985884302561
  20727.894480        6.535833012297053
  20771.861260        6.574941211908258
  20815.828041        6.614312816281815
  20859.794822        6.653950180130384
  20903.761602        6.693855679978039
  20947.728383        6.734031716203663
  20991.695164        6.774480716233747
  21035.661944        6.815205138189286
  21079.628725        6.856207473754785
  21123.595506        6.897490249312957
  21167.562286        6.939056025267060
  21211.529067        6.980907394891913
  21255.495848        7.023046982341361
  21299.462628        7.065477441051187
  21343.429409        7.108201451889727
  21387.396190        7.151221722036618
  21431.362970        7.194540984956544
  21475.329751        7.238162002089210
  21519.296532        7.282087565892720
  21563.263312        7.326320503972420
  21607.230093        7.370863682322713
  21651.196873        7.415720006883525
  21695.163654        7.460892424016926
  21739.130435        7.506383919287105
  21783.097215        7.552197516048625
  21827.063996        7.598336273809547
  21871.030777        7.644803286015787
  21914.997557        7.691601678866373
  21958.964338        7.738734610333907
  22002.931119        7.786205271849930
  22046.897899        7.834016891033536
  22090.864680        7.882172735996312
  22134.831461        7.930676119124869
  22178.798241        7.979530399388411
  22222.765022        8.028738983298869
  22266.731803        8.078305324300281
  22310.698583        8.128232921950117
  22354.665364        8.178525320030268
  22398.632145        8.229186104766868
  22442.598925        8.280218902737293
  22486.565706        8.331627379963241
  22530.532487        8.383415242687345
  22574.499267        8.435586240153171
  22618.466048        8.488144168959780
  22662.432829        8.541092877173186
  22706.399609        8.594436267471792
  22750.366390        8.648178298520001
  22794.333170        8.702322985407042
  22838.299951        8.756874399082903
  22882.266732        8.811836664941046
  22926.233512        8.867213961052480
  22970.200293        8.923010515784149
  23014.167074        8.979230606389009
  23058.133854        9.035878559389765
  23102.100635        9.092958753075385
  23146.067416        9.150475621866340
  23190.034196        9.208433660765056
  23234.000977        9.266837429179619
  23277.967758        9.325691553028046
  23321.934538        9.385000725979797
  23365.901319        9.444769709529004
  23409.868100        9.505003332234264
  23453.834880        9.565706487763137
  23497.801661        9.626884132858942
  23541.768442        9.688541285254971
  23585.735222        9.750683023696162
  23629.702003        9.813314490106174
  23673.668784        9.876440893824395
  23717.635564        9.940067516493615
  23761.602345       10.004199716255892
  23805.569126       10.068842931079917
  23849.535906       10.134002680481290
  23893.502687       10.199684566589427
  23937.469468       10.265894274052034
  23981.436248       10.332637568570714
  24025.403029       10.399920294635388
  24069.369809       10.467748373432094
  24113.336590       10.536127802435724
  24157.303371       10.605064657091919
  24201.270151       10.674565095076225
  24245.236932       10.744635361508266
  24289.203713       10.815281793536492
  24333.170493       10.886510824604557
  24377.137274       10.958328987123108
  24421.104055       11.030742914681591
  24465.070835       11.103759342478265
  24509.037616       11.177385106930240
  24553.004397       11.251627143349813
  24596.971177       11.326492483868607
  24640.937958       11.401988256643259
  24684.904739       11.478121687289219
  24728.871519       11.554900103213981
  24772.838300       11.632330938684941
  24816.805081       11.710421740387776
  24860.771861       11.789180172299181
  24904.738642       11.868614019545602
  24948.705423       11.948731191772566
  24992.672203       12.029539724673905
  25036.638984       12.111047780403062
  25080.605765       12.193263645953154
  25124.572545       12.276195731131388
  25168.539326       12.359852567589984
  25212.506106       12.444242810193835
  25256.472887       12.529375241116254
  25300.439668       12.615258775328028
  25344.406448       12.701902466664642
  25388.373229       12.789315513632708
  25432.340010       12.877507264594637
  25476.306790       12.966487222163778
  25520.273571       13.056265046538510
  25564.240352       13.146850556910572
  25608.207132       13.238253730704319
  25652.173913       13.330484702111306
  25696.140694       13.423553761070094
  25740.107474       13.517471354809757
  25784.074255       13.612248091909073
  25828.041036       13.707894748107265
  25872.007816       13.804422273242153
  25915.974597       13.901841797816715
  25959.941378       14.000164639753249
  26003.908158       14.099402310221802
  26047.874939       14.199566518998321
  26091.841720       14.300669177018257
  26135.808500       14.402722397352964
  26179.775281       14.505738494368517
  26223.742062       14.609729983254313
  26267.708842       14.714709581827275
  26311.675623       14.820690215109472
  26355.642404       14.927685021395327
  26399.609184       15.035707360157010
  26443.575965       15.144770819980558
  26487.542745       15.254889226634852
  26531.509526       15.366076651262169
  26575.476307       15.478347417380801
  26619.443087       15.591716105963807
  26663.409868       15.706197557931548
  26707.376649       15.821806874872291
  26751.343429       15.938559419751629
  26795.310210       16.056470819321387
  26839.276991       16.175556969349003
  26883.243771       16.295834041897518
  26927.210552       16.417318494042032
  26971.177333       16.540027077692312
  27015.144113       16.663976849386295
  27059.110894       16.789185181129948
  27103.077675       16.915669769873897
  27147.044455       17.043448645611548
  27191.011236       17.172540176166336
  27234.978017       17.302963070402544
  27278.944797       17.434736380549190
  27322.911578       17.567879506172318
  27366.878359       17.702412200716189
  27410.845139       17.838354580429030
  27454.811920       17.975727134814640
  27498.778701       18.114550738450980
  27542.745481       18.254846663698373
  27586.712262       18.396636594318387
  27630.679043       18.539942638706801
  27674.645823       18.684787341430994
  27718.612604       18.831193692006291
  27762.579384       18.979185131061080
  27806.546165       19.128785555779746
  27850.512946       19.280019326315738
  27894.479726       19.432911274965058
  27938.446507       19.587486717397475
  27982.413288       19.743771466059769
  28026.380068       19.901791844881398
  28070.346849       20.061574705867066
  28114.313630       20.223147446711984
  28158.280410       20.386538028910639
  28202.247191       20.551774994389589
  28246.213972       20.718887479248959
  28290.180752       20.887905224974080
  28334.147533       21.058858588312233
  28378.114314       21.231778552125242
  28422.081094       21.406696738479127
  28466.047875       21.583645424266805
  28510.014656       21.762657558631503
  28553.981436       21.943766782825644
  28597.948217       22.127007451783740
  28641.914998       22.312414658013076
  28685.881778       22.500024256165446
  28729.848559       22.689872886885141
  28773.815340       22.881997998134462
  28817.782120       23.076437863580189
  28861.748901       23.273231599667536
  28905.715681       23.472419183336921
  28949.682462       23.674041471845481
  28993.649243       23.878140225233764
  29037.616023       24.084758130958036
  29081.582804       24.293938831115675
  29125.549585       24.505726952147494
  29169.516365       24.720168137719494
  29213.483146       24.937309083327460
  29257.449927       25.157197570548352
  29301.416707       25.379882499420631
  29345.383488       25.605413918077986
  29389.350269       25.833843051035565
  29433.317049       26.065222328152416
  29477.283830       26.299605415425905
  29521.250611       26.537047248839574
  29565.217391       26.777604070661827
  29609.184172       27.021333468815065
  29653.150953       27.268294419741530
  29697.117733       27.518547335229286
  29741.084514       27.772154112147099
  29785.051295       28.029178183136374
  29829.018075       28.289684566045327
  29872.984856       28.553739911343666
  29916.951637       28.821412548350256
  29960.918417       29.092772532332170
  30004.885198       29.367891694075723
  30048.851979       29.646843692604161
  30092.818759       29.929704070955427
  30136.785540       30.216550316200660
  30180.752320       30.507461923765010
  30224.719101       30.802520467187744
  30268.685882       31.101809672665741
  30312.652662       31.405415495880685
  30356.619443       31.713426199256702
  30400.586224       32.025932428224863
  30444.553004       32.343027287259595
  30488.519785       32.664806417866878
  30532.486566       32.991368079514928
  30576.453346       33.322813235121217
  30620.420127       33.659245640808194
  30664.386908       34.000771941040668
  30708.353688       34.347501770069975
  30752.320469       34.699547861299294
  30796.287250       35.057026163478191
  30840.254030       35.420055962156646
  30884.220811       35.788760003988713
  30928.187592       36.163264622267086
  30972.154372       36.543699864696769
  31016.121153       36.930199624623604
  31060.087934       37.322901778156378
  31104.054714       37.721948327427299
  31148.021495       38.127485550988759
  31191.988276       38.539664162371402
  31235.955056       38.958639478419514
  31279.921837       39.384571599046716
  31323.888617       39.817625598596692
  31367.855398       40.257971726546216
  31411.822179       40.705785616208011
  31455.788959       41.161248499136434
  31499.755740       41.624547426092448
  31543.722521       42.095875496543734
  31587.689301       42.575432098359059
  31631.656082       43.063423159431053
  31675.622863       43.560061411193679
  31719.589643       44.065566666951078
  31763.556424       44.580166116007689
  31807.523205       45.104094637402063
  31851.489985       45.637595132522186
  31895.456766       46.180918877193200
  31939.423547       46.734325890146110
  31983.390327       47.298085317028480
  32027.357108       47.872475831323030
  32071.323889       48.457786053680316
  32115.290669       49.054314992659428
  32159.257450       49.662372508842239
  32203.224231       50.282279803740266
  32247.191011       50.914369936141725
  32291.157792       51.558988369751518
  32335.124573       52.216493555889414
  32379.091353       52.887257553439476
  32423.058134       53.571666686774783
  32467.024915       54.270122240799118
  32510.991695       54.983041193143130
  32554.958476       55.710856986145394
  32598.925256       56.454020341776598
  32642.892037       57.213000124290936
  32686.858818       57.988284253680064
  32730.825598       58.780380674524054
  32774.792379       59.589818384853523
  32818.759160       60.417148531690174
  32862.725940       61.262945580412826
  32906.692721       62.127808563617087
  32950.659502       63.012362414279004
  32994.626282       63.917259385536326
  33038.593063       64.843180561898976
  33082.559844       65.790837467826933
  33126.526624       66.760973782339221
  33170.493405       67.754367168801451
  33214.460186       68.771831230170704
  33258.426966       69.814217599015052
  33302.393747       70.882418175542057
  33346.360528       71.977367527469937
  33390.327308       73.100045468863243
  33434.294089       74.251479833892944
  33478.260870       75.432749460375248
  33522.227650       76.644987399173786
  33566.194431       77.889384365708850
  33610.161212       79.167192455070762
  33654.127992       80.479729145317293
  33698.094773       81.828381616083689
  33742.061553       83.214611412355879
  33786.028334       84.639959486232257
  33829.995115       86.106051653651861
  33873.961895       87.614604509839367
  33917.928676       89.167431852054307
  33961.895457       90.766451661394498
  34005.862237       92.413693699867721
  34049.829018       94.111307782741349
  34093.795799       95.861572794666927
  34137.762579       97.666906527032026
  34181.729360       99.529876426342994
  34225.696141      101.453211354133856
  34269.662921      103.439814471059847
  34313.629702      105.492777372779386
  34357.596483      107.615395622940554
  34401.563263      109.811185850337878
  34445.530044      112.083904599728442
  34489.496825      114.437569151852472
  34533.463605      116.876480553949179
  34577.430386      119.405249136227383
  34621.397167      122.028822829042070
  34665.363947      124.752518644649157
  34709.330728      127.582057744078469
  34753.297509      130.523604575044459
  34797.264289      133.583810642986720
  34841.231070      136.769863567028864
  34885.197851      140.089542182053805
  34929.164631      143.551278577715266
  34973.131412      147.164228118478519
  35017.098192      150.938348670286445
  35061.064973      154.884490475335895
  35105.031754      159.014498377923701
  35148.998534      163.341328422446338
  35192.965315      167.879181233802996
  35236.932096      172.643655062176322
  35280.898876      177.651921952855531
  35324.865657      182.922931207768869
  35368.832438      188.477645180080685
  35412.799218      194.339313525558822
  35456.765999      200.533793382028819
  35500.732780      207.089924630587575
  35544.699560      214.039971499152188
  35588.666341      221.420144427149324
  35632.633122      229.271219480308957
  35676.599902      237.639276907079363
  35720.566683      246.576585949998361
  35764.533464      256.142670159221836
  35808.500244      266.405596734035839
  35852.467025      277.443545581895251
  35896.433806      289.346729863382734
  35940.400586      302.219761236143484
  35984.367367      316.184581883964597
  36028.334148      331.384124684647361
  36072.300928      347.986916864592558
  36116.267709      366.192917593517734
  36160.234489      386.240985760884143
  36204.201270      408.418525154659619
  36248.168051      433.074072802061380
  36292.134831      460.633917349343960
  36336.101612      491.624313864417900
  36380.068393      526.701589950747916
  36424.035173      566.693565642034855
  36468.001954      612.657490236516878
  36511.968735      665.962573140385530
  36555.935515      728.409934932262331
  36599.902296      802.410856998008057
  36643.869077      891.258247211069602
  36687.835857      999.551470163522026
  36731.802638     1133.881541454613398
  36775.769419     1303.973750195147204
  36819.736199     1524.664164371985407
  36863.702980     1819.455863702404713
  36907.669761     2227.179085735033368
  36951.636541     2814.902548259738069
  36995.603322     3703.209289918511331
  37039.570103     5111.642006359220431
  37083.536883     7400.800167165146377
  37127.503664    10832.284228447007990
  37171.470445    14168.967440951493700
  37215.437225    14502.512307312992561
  37259.404006    12573.073919096405007
  37303.370787    10747.743945226802680
  37347.337567     9860.097433876939249
  37391.304348     9717.451058438240580
  37435.271128    10106.952616098236831
  37479.237909    10435.333747068680168
  37523.204690    10440.776670851502786
  37567.171470    10370.379211337942252
  37611.138251    10020.487724364606038
  37655.105032     9451.328319485439351
  37699.071812     9149.946987767687460
  37743.038593     9034.973008161447069
  37787.005374     8777.636486816749311
  37830.972154     8319.915445412452755
  37874.938935     7889.946390822467038
  37918.905716     7579.972247119337226
  37962.872496     7468.259565235324771
  38006.839277     7554.839662212451913
  38050.806058     7834.346335238073152
  38094.772838     8408.963334001460680
  38138.739619     9314.766207197948461
  38182.706400    10187.124871862190048
  38226.673180    10389.160545924118196
  38270.639961    10115.080221348212945
  38314.606742    10025.479454446105592
  38358.573522    10306.801531953309677
  38402.540303    10584.549521329028721
  38446.507084    10691.159804400411304
  38490.473864    10719.181164794803408
  38534.440645    10688.642026012543283
  38578.407426    10741.257867181984693
  38622.374206    10932.150826340224739
  38666.340987    11248.886331239395076
  38710.307767    11702.999309843900846
  38754.274548    12319.470205315737985
  38798.241329    13114.423697574349717
  38842.208109    13738.521291063791068
  38886.174890    13561.458433349105690
  38930.141671    12904.107042460125740
  38974.108451    12364.102852496798732
  39018.075232    12103.885635222211931
  39062.042013    12071.101946496604796
  39106.008793    12229.479986297565119
  39149.975574    12428.455243592306942
  39193.942355    12597.595905350739486
  39237.909135    12764.086470949354407
  39281.875916    12925.444409954721777
  39325.842697    13270.537132480831133
  39369.809477    14077.143557922618129
  39413.776258    15482.944626387283279
  39457.743039    17656.059170792301302
  39501.709819    20243.337094221365987
  39545.676600    21165.249623092538968
  39589.643381    19798.430338493959425
  39633.610161    18085.898075207202055
  39677.576942    17075.975040615583566
  39721.543723    16755.940919668988499
  39765.510503    16969.405793803398410
  39809.477284    17377.167667994308431
  39853.444064    17497.622558748684241
  39897.410845    17328.248955872168153
  39941.377626    16923.260456364412676
  39985.344406    16311.671189138358386
  40029.311187    15904.739764308849772
  40073.277968    15700.642122553284935
  40117.244748    15429.405448679390247
  40161.211529    14965.582196339151778
  40205.178310    14454.771185099722061
  40249.145090    14030.547515620361082
  40293.111871    13763.752783483345411
  40337.078652    13681.214210790938523
  40381.045432    13763.369017114868257
  40425.012213    14052.272415638408347
  40468.978994    14611.517171602332382
  40512.945774    15244.265824512272957
  40556.912555    15394.499549737034613
  40600.879336    14984.061401048566040
  40644.846116    14596.899525565593649
  40688.812897    14541.849381828491460
  40732.779678    14635.742126522491162
  40776.746458    14611.632023442776699
  40820.713239    14521.344348397649810
  40864.680020    14355.978425916226115
  40908.646800    14202.552669587912533
  40952.613581    14132.097748316789875
  40996.580362    14170.459974025690826
  41040.547142    14335.291250777605455
  41084.513923    14615.491242934685943
  41128.480703    15021.734131645687739
  41172.447484    15431.459608884839326
  41216.414265    15347.562562908169639
  41260.381045    14730.829498412578687
  41304.347826    14096.349143213108619
  41348.314607    13676.920610138466145
  41392.281387    13446.429946677433691
  41436.248168    13377.643718334353252
  41480.214949    13381.148368995794954
  41524.181729    13343.957185351966473
  41568.148510    13255.154991916277140
  41612.115291    13109.155746376305615
  41656.082071    12981.627939657886600
  41700.048852    13056.693774295928961
  41744.015633    13378.141456295954413
  41787.982413    13942.250194617925445
  41831.949194    14741.574028209362950
  41875.915975    15208.347376748708484
  41919.882755    14714.384575108777426
  41963.849536    13864.692743414270808
  42007.816317    13239.971886642006211
  42051.783097    12930.405726071005120
  42095.749878    12858.824460629715759
  42139.716659    12955.891836457905811
  42183.683439    12994.292181582939520
  42227.650220    12846.780511125101839
  42271.617000    12549.942596639233670
  42315.583781    12159.810108882800705
  42359.550562    11840.852948563680911
  42403.517342    11640.453983927720401
  42447.484123    11432.703182106122767
  42491.450904    11154.055330046034214
  42535.417684    10825.001764884505974
  42579.384465    10519.213657291844356
  42623.351246    10273.163453138022305
  42667.318026    10110.216960477169778
  42711.284807    10026.325219792617645
  42755.251588    10019.891897757375773
  42799.218368    10115.883323867452418
  42843.185149    10278.480817172605384
  42887.151930    10296.983957601851216
  42931.118710    10038.729906998582010
  42975.085491     9718.792468957419260
  43019.052272     9526.131619990417676
  43063.019052     9447.237755792268217
  43106.985833     9352.939786476887093
  43150.952614     9231.882458972055247
  43194.919394     9081.763440021031784
  43238.886175     8917.354046362810550
  43282.852956     8771.519106298699626
  43326.819736     8665.524656966781549
  43370.786517     8618.103990830904877
  43414.753298     8622.413002559887900
  43458.720078     8667.646566519606495
  43502.686859     8744.001030508792610
  43546.653639     8701.465555842158210
  43590.620420     8420.358163875022001
  43634.587201     8075.648484475969781
  43678.553981     7805.437303452869855
  43722.520762     7619.181971050853463
  43766.487543     7499.708753525484099
  43810.454323     7427.821076297527725
  43854.421104     7350.135031984975285
  43898.387885     7243.277525930418051
  43942.354665     7105.738072256895975
  43986.321446     6954.029681783912565
  44030.288227     6854.546202347243707
  44074.255007     6834.227069819664393
  44118.221788     6870.175678001372944
  44162.188569     6965.986650329852637
  44206.155349     7045.140416329502841
  44250.122130     6903.652934176745475
  44294.088911     6607.501785106966054
  44338.055691     6345.181296148351976
  44382.022472     6175.737716775389345
  44425.989253     6077.486974063262096
  44469.956033     6040.395596707434379
  44513.922814     6014.240966590826247
  44557.889595     5935.302668920160613
  44601.856375     5793.323483980938363
  44645.823156     5619.395089109319997
  44689.789936     5459.515923026798191
  44733.756717     5344.025960902039515
  44777.723498     5236.084154434844095
  44821.690278     5113.587267975042778
  44865.657059     4972.675710587237518
  44909.623840     4832.593524201979562
  44953.590620     4706.893275435440046
  44997.557401     4605.063747750770744
  45041.524182     4529.638615619011034
  45085.490962     4477.040193623931373
  45129.457743     4449.421742935101975
  45173.424524     4446.758133749836816
  45217.391304     4424.119446866002363
  45261.358085     4323.495007464560331
  45305.324866     4183.750386322115446
  45349.291646     4071.446398902812234
  45393.258427     4000.366472553546828
  45437.225208     3939.191601655638351
  45481.191988     3872.427393246683550
  45525.158769     3800.586824469074600
  45569.125550     3721.660106481418097
  45613.092330     3643.821063480100747
  45657.059111     3574.386844180451590
  45701.025892     3522.232971371455278
  45744.992672     3488.002648709816185
  45788.959453     3464.173860773058095
  45832.926234     3451.092687111193754
  45876.893014     3425.955432881747583
  45920.859795     3342.768930265339350
  45964.826575     3226.870359469897721
  46008.793356     3125.027461782512091
  46052.760137     3048.486204520847878
  46096.726917     2991.268879951664985
  46140.693698     2950.815509062158526
  46184.660479     2914.716075220654602
  46228.627259     2871.662846001285288
  46272.594040     2819.348219327026982
  46316.560821     2760.969028129682556
  46360.527601     2711.400277230777192
  46404.494382     2682.463009485978546
  46448.461163     2667.108330827403734
  46492.427943     2662.588467690939979
  46536.394724     2664.328022045857324
  46580.361505     2637.104214526464602
  46624.328285     2571.674848448662487
  46668.295066     2506.843596848373636
  46712.261847     2462.993222585327658
  46756.228627     2437.924886153744865
  46800.195408     2428.945260495466755
  46844.162189     2430.484542785524809
  46888.128969     2427.351048016231289
  46932.095750     2410.794791679538321
  46976.062531     2388.244511499663076
  47020.029311     2371.532867638274638
  47063.996092     2371.044844074428056
  47107.962872     2381.615227114521531
  47151.929653     2397.533808012257850
  47195.896434     2418.618761616316988
  47239.863214     2448.947096922767741
  47283.829995     2494.370118970074145
  47327.796776     2560.252099006500430
  47371.763556     2652.020535468758681
  47415.730337     2774.225713633209580
  47459.697118     2932.971866797604889
  47503.663898     3139.028567229313012
  47547.630679     3401.121634104479199
  47591.597460     3726.898394095361255
  47635.564240     4151.581518940196474
  47679.531021     4744.856200537735276
  47723.497802     5605.187498729635990
  47767.464582     6889.505308350078849
  47811.431363     8876.358676337653378
  47855.398144    12012.188733662676896
  47899.364924    16715.788680474059220
  47943.331705    22608.189812521461135
  47987.298486    27733.126172156680695
  48031.265266    29592.147903484164999
  48075.232047    27522.953176272058045
  48119.198828    23187.806469526847650
  48163.165608    18763.632676362267375
  48207.132389    15437.020987042609704
  48251.099170    13310.232338627767604
  48295.065950    11960.524076510042505
  48339.032731    10932.564229632598654
  48382.999511     9971.753607002348872
  48426.966292     9039.920062652556226
  48470.933073     8216.836362942905907
  48514.899853     7582.802055566232411
  48558.866634     7151.289966137579540
  48602.833415     6881.825936450925838
  48646.800195     6735.824470088472481
  48690.766976     6716.098649486841168
  48734.733757     6867.835299435312663
  48778.700537     7267.143341935587159
  48822.667318     8033.153814363090532
  48866.634099     9335.385562274304903
  48910.600879    11302.701241550948907
  48954.567660    13757.327819471636758
  48998.534441    15982.903917030078446
  49042.501221    17046.172824236662564
  49086.468002    16615.989332635046594
  49130.434783    15266.275477800430963
  49174.401563    13888.007055298674459
  49218.368344    13007.094421232059176
  49262.335125    12594.431695302273511
  49306.301905    12272.396974079569191
  49350.268686    11708.658995680340013
  49394.235467    10895.764863371918182
  49438.202247    10070.316776405115888
  49482.169028     9463.265167855319305
  49526.135809     9176.305056244444131
  49570.102589     9198.375134126312332
  49614.069370     9410.900429572289795
  49658.036150     9558.939381210264401
  49702.002931     9382.598671799942167
  49745.969712     8859.635137810233573
  49789.936492     8220.395816228274271
  49833.903273     7731.597230809940811
  49877.870054     7540.731784069260357
  49921.836834     7665.037741410254057
  49965.803615     8016.759363599830976
  50009.770396     8421.878850694387438
  50053.737176     8697.258806477877442
  50097.703957     8796.247802886975478
  50141.670738     8879.151649164148694
  50185.637518     9222.686166447625510
  50229.604299    10051.784763790321449
  50273.571080    11343.456610921926767
  50317.537860    12642.121759518959152
  50361.504641    13234.793287569140375
  50405.471422    12774.708884661131378
  50449.438202    11596.961489894307306
  50493.404983    10325.756984203733737
  50537.371764     9376.776364470428234
  50581.338544     8833.847842518191101
  50625.305325     8565.447504783905970
  50669.272106     8362.323231541546193
  50713.238886     8057.800012765726024
  50757.205667     7619.956785081196358
  50801.172447     7144.115353929723824
  50845.139228     6752.473830985838504
  50889.106009     6507.130162500943698
  50933.072789     6394.213254526413948
  50977.039570     6355.445489285355507
  51021.006351     6337.933519226944554
  51064.973131     6331.839169081613363
  51108.939912     6374.156176457819129
  51152.906693     6531.811274360543393
  51196.873473     6881.519461135006168
  51240.840254     7485.067277630851095
  51284.807035     8338.861969415273052
  51328.773815     9310.340987709936599
  51372.740596    10178.723525369952768
  51416.707377    10831.698799297546429
  51460.674157    11395.906551749545542
  51504.640938    12121.318585763909141
  51548.607719    13176.159088736494596
  51592.574499    14555.215064720807277
  51636.541280    16108.827611160637389
  51680.508061    17637.681453604298440
  51724.474841    18995.975776875344309
  51768.441622    20124.723232925840421
  51812.408403    21011.417900220880256
  51856.375183    21646.397907791339094
  51900.341964    22013.581076126294647
  51944.308745    22094.107271095581382
  51988.275525    21858.296145577500283
  52032.242306    21281.023634926132218
  52076.209086    20396.936430684461811
  52120.175867    19317.768200633170636
  52164.142648    18177.167620248263120
  52208.109428    17073.630323142908310
  52252.076209    16058.199113650556683
  52296.042990    15144.974077806060450
  52340.009770    14320.203216026402515
  52383.976551    13558.775125389660388
  52427.943332    12858.856400391199713
  52471.910112    12265.339083010650938
  52515.876893    11850.596295688339524
  52559.843674    11671.499693875963203
  52603.810454    11734.410374491681068
  52647.777235    11972.822662249800487
  52691.744016    12262.637669142297455
  52735.710796    12501.675281909918340
  52779.677577    12677.144713821215191
  52823.644358    12836.915213531301561
  52867.611138    13017.664862104433269
  52911.577919    13214.863441042043632
  52955.544700    13394.585821135657170
  52999.511480    13512.427257512954384
  53043.478261    13531.857007796279504
  53087.445042    13445.036679816012111
  53131.411822    13278.786512320251859
  53175.378603    13074.858889824252401
  53219.345383    12864.996496916077376
  53263.312164    12661.167621449041690
  53307.278945    12459.099206457000037
  53351.245725    12248.303181494200544
  53395.212506    12023.111842313066518
  53439.179287    11787.718600493208214
  53483.146067    11554.242010304053110
  53527.112848    11337.884357734767036
  53571.079629    11152.275337604947708
  53615.046409    11004.363583154547086
  53659.013190    10886.687109462633089
  53702.979971    10777.350794096837490
  53746.946751    10660.797898149819957
  53790.913532    10549.757890819164459
  53834.880313    10477.502654165016793
  53878.847093    10470.478332809549102
  53922.813874    10531.783139427294373
  53966.780655    10642.497447812709652
  54010.747435    10772.767133551422376
  54054.714216    10896.355255841055623
  54098.680997    10999.714055880123851
  54142.647777    11079.909260545669895
  54186.614558    11137.181080035041305
  54230.581339    11170.316477390937507
  54274.548119    11176.042345208099505
  54318.514900    11148.599756469968270
  54362.481681    11080.937859039211617
  54406.448461    10971.583024860952719
  54450.415242    10829.779848902973754
  54494.382022    10670.605961212851980
  54538.348803    10506.473404869244405
  54582.315584    10343.850685924526260
  54626.282364    10184.559863253542062
  54670.249145    10027.441579990367245
  54714.215926     9870.007318884659981
  54758.182706     9712.165803378351484
  54802.149487     9559.807339293431141
  54846.116268     9423.322654935911487
  54890.083048     9312.023722822303171
  54934.049829     9229.514372293388078
  54978.016610     9171.581319240414814
  55021.983390     9127.121500129840570
  55065.950171     9084.561429585584847
  55109.916952     9039.534468840098270
  55153.883732     8994.879663640178478
  55197.850513     8954.296862086648616
  55241.817294     8918.157633417515171
  55285.784074     8883.864331763255905
  55329.750855     8847.572676102214245
  55373.717636     8805.810267025393841
  55417.684416     8757.758334410607858
  55461.651197     8706.798139302693016
  55505.617978     8658.980775715055643
  55549.584758     8619.868030112298584
  55593.551539     8592.830655353118345
  55637.518319     8579.276130719292269
  55681.485100     8579.849580932173922
  55725.451881     8595.982010269768580
  55769.418661     8630.983517492164538
  55813.385442     8690.221044083767993
  55857.352223     8780.750155076551891
  55901.319003     8911.005292656303936
  55945.285784     9090.911611725145121
  55989.252565     9332.253228294313885
  56033.219345     9649.820993191406160
  56077.186126    10065.000618103751549
  56121.152907    10611.651417761251651
  56165.119687    11342.330994806434319
  56209.086468    12335.984153994128064
  56253.053249    13710.866687688410821
  56297.020029    15643.056489525013603
  56340.986810    18383.671920876564400
  56384.953591    22259.616299241970410
  56428.920371    27635.723262672876444
  56472.887152    34819.544520312701934
  56516.853933    43913.135029505327111
  56560.820713    54654.870981663952989
  56604.787494    66326.682490682840580
  56648.754275    77799.705909891752526
  56692.721055    87742.053243304748321
  56736.687836    94935.639902926763170
  56780.654617    98587.934658469908754
  56824.621397    98518.863193899102043
  56868.588178    95158.384327741136076
  56912.554958    89372.375352472212398
  56956.521739    82198.438009711157065
  57000.488520    74592.549746414137189
  57044.455300    67262.757151620098739
  57088.422081    60617.604266741698666
  57132.388862    54810.016067002645286
  57176.355642    49830.442125877656508
  57220.322423    45601.988164852700720
  57264.289204    42047.612980673351558
  57308.255984    39121.748786513460800
  57352.222765    36814.865574012095749
  57396.189546    35144.345576194107707
  57440.156326    34139.589255193292047
  57484.123107    33820.995415105251595
  57528.089888    34170.439586542044708
  57572.056668    35097.487298860418377
  57616.023449    36415.135834345535841
  57659.990230    37842.735091870323231
  57703.957010    39046.108318712140317
  57747.923791    39707.705935997924826
  57791.890572    39602.628018165276444
  57835.857352    38650.787590040526993
  57879.824133    36925.550144653141615
  57923.790914    34618.524087129218969
  57967.757694    31977.582082606139011
  58011.724475    29242.655866046894516
  58055.691255    26599.889402469463676
  58099.658036    24163.415991619414854
  58143.624817    21981.910131017848471
  58187.591597    20059.406448522429855
  58231.558378    18378.492544494638423
  58275.525159    16917.574474169654422
  58319.491939    15659.452336127065792
  58363.458720    14592.999246377130476
  58407.425501    13711.668013775537474
  58451.392281    13011.720214188730097
  58495.359062    12490.965457865768258
  58539.325843    12147.563172285845212
  58583.292623    11978.843971912125198
  58627.259404    11981.210322034505225
  58671.226185    12152.504512975028774
  58715.192965    12496.707833067921456
  58759.159746    13027.700976628526405
  58803.126527    13766.343952586345040
  58847.093307    14726.450543791372183
  58891.060088    15891.424310830150716
  58935.026869    17191.440848690832354
  58978.993649    18495.310153533668199
  59022.960430    19627.047010842466989
  59066.927211    20405.610423316818924
  59110.893991    20693.713124228339439
  59154.860772    20435.899001259393117
  59198.827553    19670.815475867628265
  59242.794333    18514.578438788317726
  59286.761114    17124.252270556571602
  59330.727894    15656.804073168628747
  59374.694675    14237.633514547042068
  59418.661456    12946.124273179430020
  59462.628236    11817.686226841437019
  59506.595017    10856.096400626418472
  59550.561798    10048.381859264643936
  59594.528578     9376.544861751626740
  59638.495359     8824.096891662164126
  59682.462140     8378.432660798751385
  59726.428920     8031.202168877432086
  59770.395701     7778.012806471131626
  59814.362482     7617.194948605054378
  59858.329262     7546.592651443630530
  59902.296043     7558.219417227183840
  59946.262824     7632.562988597284857
  59990.229604     7735.776110406164662
  60034.196385     7822.542348224696980
  60078.163166     7844.902567215074669
  60122.129946     7764.139887478246237
  60166.096727     7560.949167640111227
  60210.063508     7239.761088121926150
  60254.030288     6825.797385911452693
  60297.997069     6356.556926855026177
  60341.963850     5871.365735317020153
  60385.930630     5402.694267833738195
  60429.897411     4971.516305985054714
  60473.864191     4587.015316124980927
  60517.830972     4249.380921523847974
  60561.797753     3953.790085212052873
  60605.764533     3693.927932636650894
  60649.731314     3464.196079038641074
  60693.698095     3260.586445232039750
  60737.664875     3080.694771953325017
  60781.631656     2923.391353628236629
  60825.598437     2788.409301852650515
  60869.565217     2675.858226432526862
  60913.531998     2585.639576479277366
  60957.498779     2516.905416451632846
  61001.465559     2467.861798344723866
  61045.432340     2436.150742012800947
  61089.399121     2419.690141281712840
  61133.365901     2417.409454332376299
  61177.332682     2429.159850943520723
  61221.299463     2454.453385991608684
  61265.266243     2490.467762303518157
  61309.233024     2530.441889563037421
  61353.199805     2563.645715642836876
  61397.166585     2577.386809502401775
  61441.133366     2560.413886043467755
  61485.100147     2506.280290801964838
  61529.066927     2415.225636723890602
  61573.033708     2293.876622020455216
  61617.000489     2153.072338619543189
  61660.967269     2004.837253077616197
  61704.934050     1859.669443971671399
  61748.900830     1724.939408795956979
  61792.867611     1604.586563508115660
  61836.834392     1499.773252204460050
  61880.801172     1409.918071352768493
  61924.767953     1333.611767093751496
  61968.734734     1269.191137335601070
  62012.701514     1215.017303066443674
  62056.668295     1169.628617616161364
  62100.635076     1131.883347125108457
  62144.601856     1101.058699356636680
  62188.568637     1076.772875706323475
  62232.535418     1058.642823081623646
  62276.502198     1045.762845568075591
  62320.468979     1036.264521521040706
  62364.435760     1027.254993505049015
  62408.402540     1015.274079489169480
  62452.369321      997.141111671439717
  62496.336102      970.844466210062251
  62540.302882      936.094349072879481
  62584.269663      894.323798002993499
  62628.236444      848.175951594953858
  62672.203224      800.716823506335345
  62716.170005      754.677026164665222
  62760.136786      711.954192108491839
  62804.103566      673.463112234939445
  62848.070347      639.280337070182213
  62892.037128      608.947890842842526
  62936.003908      581.792184680236119
  62979.970689      557.161341029936807
  63023.937469      534.550973604121396
  63067.904250      513.640144654694609
  63111.871031      494.277156025967201
  63155.837811      476.443112648223291
  63199.804592      460.200931540264150
  63243.771373      445.629703163143972
  63287.738153      432.754176404656846
  63331.704934      421.494541842464741
  63375.671715      411.664174510672581
  63419.638495      403.022621748928941
  63463.605276      395.356420270061619
  63507.572057      388.535295464912110
  63551.538837      382.498655600294455
  63595.505618      377.168919210466242
  63639.472399      372.339541009744835
  63683.439179      367.611076748800087
  63727.405960      362.427919638655510
  63771.372741      356.212655790138285
  63815.339521      348.539648997440054
  63859.306302      339.268620018768615
  63903.273083      328.582083427020450
  63947.239863      316.919207997024841
  63991.206644      304.843521377719526
  64035.173425      292.901776093304761
  64079.140205      281.522402757957877
  64123.106986      270.974868940511215
  64167.073766      261.382141479042104
  64211.040547      252.760801143035735
  64255.007328      245.062546760212854
  64298.974108      238.202766297051596
  64342.940889      232.076660758668424
  64386.907670      226.571671318117836
  64430.874450      221.582960711878684
  64474.841231      217.029953479913303
  64518.808012      212.864445511309327
  64562.774792      209.061337752618357
  64606.741573      205.592295686461284
  64650.708354      202.394579208024993
  64694.675134      199.353332990126205
  64738.641915      196.310652116922313
  64782.608696      193.100968026506791
  64826.575476      189.598008126244906
  64870.542257      185.752398976769541
  64914.509038      181.604056496911483
  64958.475818      177.265900785774647
  65002.442599      172.887706536153445
  65046.409380      168.615206638380869
  65090.376160      164.558401169102353
  65134.342941      160.776711519691958
  65178.309722      157.281046047122459
  65222.276502      154.047275108189694
  65266.243283      151.033596187459295
  65310.210064      148.195578622496441
  65354.176844      145.495824965462134
  65398.143625      142.908274166941766
  65442.110405      140.418818522455268
  65486.077186      138.023851983377085
  65530.043967      135.727455464683601
  65574.010747      133.537347205105419
  65617.977528      131.460059507953929
  65661.944309      129.496658771092655
  65705.911089      127.640761639148280
  65749.877870      125.879902711331709
  65793.844651      124.199615594341239
  65837.811431      122.587915470452600
  65881.778212      121.037452821088976
  65925.744993      119.543950857506758
  65969.711773      118.101908356737852
  66013.678554      116.700400401136704
  66057.645335      115.321877257013028
  66101.612115      113.945096414887331
  66145.578896      112.550905299787445
  66189.545677      111.128058658144425
  66233.512457      109.676416065477554
  66277.479238      108.206377153070576
  66321.446019      106.735228947501753
  66365.412799      105.282235164685048
  66409.379580      103.864396203026061
  66453.346361      102.494055028915469
  66497.313141      101.178458245784384
  66541.279922       99.920565457455751
  66585.246702       98.720172428661414
  66629.213483       97.574747784062481
  66673.180264       96.479944693290946
  66717.147044       95.430126912754616
  66761.113825       94.419212508697285
  66805.080606       93.441767791027132
  66849.047386       92.493896234403564
  66893.014167       91.573390610106273
  66936.980948       90.678952824189707
  66980.947728       89.808837164296250
  67024.914509       88.959673936336117
  67068.881290       88.126197346406144
  67112.848070       87.302129668780481
  67156.814851       86.481846341999429
  67200.781632       85.662040300348934
  67244.748412       84.842637104702192
  67288.715193       84.026617032056578
  67332.681974       83.218908128931062
  67376.648754       82.424858539941084
  67420.615535       81.648858694707940
  67464.582316       80.893509230968903
  67508.549096       80.159452536071996
  67552.515877       79.445738736144335
  67596.482658       78.750463576813956
  67640.449438       78.071414182985464
  67684.416219       77.406552958047584
  67728.383000       76.754291807068526
  67772.349780       76.113594392117463
  67816.316561       75.483964873241092
  67860.283341       74.865356729074847
  67904.250122       74.258010234126118
  67948.216903       73.662234175738263
  67992.183683       73.078181290630695
  68036.150464       72.505693966772441
  68080.117245       71.944283795514082
  68124.084025       71.393250607054398
  68168.050806       70.851874088263898
  68212.017587       70.319570912767375
  68255.984367       69.795933172156211
  68299.951148       69.280638730773290
  68343.917929       68.773303496744091
  68387.884709       68.273378287373362
  68431.851490       67.780160407338855
  68475.818271       67.292917656303644
  68519.785051       66.811058834684061
  68563.751832       66.334266415980139
  68607.718613       65.862536129086720
  68651.685393       65.396119150660610
  68695.652174       64.935404710462294
  68739.618955       64.480796228987472
  68783.585735       64.032622307920718
  68827.552516       63.591097000764321
  68871.519297       63.156317928265601
  68915.486077       62.728278978556375
  68959.452858       62.306880075228683
  69003.419638       61.891932300512607
  69047.386419       61.483169473002285
  69091.353200       61.080277500199855
  69135.319980       60.682940624383548
  69179.286761       60.290888505782291
  69223.253542       59.903921887046096
  69267.220322       59.521903123500969
  69311.187103       59.144716657349306
  69355.153884       58.772221899758208
  69399.120664       58.404225775277425
  69443.087445       58.040491173407176
  69487.054226       57.680777549878286
  69531.021006       57.324893012980837
  69574.987787       56.972732745502768
  69618.954568       56.624287444046232
  69662.921348       56.279620744646238
  69706.888129       55.938827482254545
  69750.854910       55.601989757958286
  69794.821690       55.269145032968311
  69838.788471       54.940273133312175
  69882.755252       54.615301196586451
  69926.722032       54.294120192829070
  69970.688813       53.976604996567744
  70014.655594       53.662631696452237
  70058.622374       53.352089229964321
  70102.589155       53.044885436093352
  70146.555936       52.740948885278485
  70190.522716       52.440227473028855
  70234.489497       52.142684013602704
  70278.456277       51.848289149534779
  70322.423058       51.557012963203327
  70366.389839       51.268817811123107
  70410.356619       50.983654958953423
  70454.323400       50.701466135946106
  70498.290181       50.422188825476184
  70542.256961       50.145762309698419
  70586.223742       49.872131350313808
  70630.190523       49.601246034068666
  70674.157303       49.333058684636086
  70718.124084       49.067520341259645
  70762.090865       48.804579222484364
  70806.057645       48.544182094470784
  70850.024426       48.286277662119929
  70893.991207       48.030820117782646
  70937.957987       47.777771197665622
  70981.924768       47.527100086334819
  71025.891549       47.278781575268262
  71069.858329       47.032793482333986
  71113.825110       46.789114333352060
  71157.791891       46.547721850766592
  71201.758671       46.308592217849579
  71245.725452       46.071699720135484
  71289.692233       45.837016401068922
  71333.659013       45.604511716571238
  71377.625794       45.374152514147355
  71421.592574       45.145903704098650
  71465.559355       44.919729662679806
  71509.526136       44.695595932754046
  71553.492916       44.473470507666221
  71597.459697       44.253324127447769
  71641.426478       44.035129513450237
  71685.393258       43.818860030031686
  71729.360039       43.604488543902633
  71773.326820       43.391987098309315
  71817.293600       43.181327533995244
  71861.260381       42.972482676085889
  71905.227162       42.765427453849277
  71949.193942       42.560139426561975
  71993.160723       42.356598533918678
  72037.127504       42.154786244883013
  72081.094284       41.954684481613114
  72125.061065       41.756274698219997
  72169.027846       41.559537355154504
  72212.994626       41.364451847688251
  72256.961407       41.170996788225764
  72300.928188       40.979150464893536
  72344.894968       40.788891304217969
  72388.861749       40.600198232997414
  72432.828530       40.413050913019006
  72476.795310       40.227429865367853
  72520.762091       40.043316500051020
  72564.728872       39.860693047459094
  72608.695652       39.679542386398197
  72652.662433       39.499847796467193
  72696.629213       39.321592699503142
  72740.595994       39.144760476842535
  72784.562775       38.969334418207168
  72828.529555       38.795297802559872
  72872.496336       38.622634050030456
  72916.463117       38.451326861489250
  72960.429897       38.281360284642147
  73004.396678       38.112718698449747
  73048.363459       37.945386754261243
  73092.330239       37.779349325020277
  73136.297020       37.614591497068474
  73180.263801       37.451098603095545
  73224.230581       37.288856269496549
  73268.197362       37.127850451439819
  73312.164143       36.968067437006837
  73356.130923       36.809493822759080
  73400.097704       36.652116470870155
  73444.064485       36.495922465772907
  73488.031265       36.340899080451521
  73531.998046       36.187033756637632
  73575.964827       36.034314093300168
  73619.931607       35.882727833612293
  73663.898388       35.732262847695559
  73707.865169       35.582907116142223
  73751.831949       35.434648725772121
  73795.798730       35.287475885221134
  73839.765511       35.141376954821141
  73883.732291       34.996340477461466
  73927.699072       34.852355192346060
  73971.665852       34.709410025132399
  74015.632633       34.567494063055676
  74059.599414       34.426596530115702
  74103.566194       34.286706780120014
  74147.532975       34.147814310972251
  74191.499756       34.009908791388810
  74235.466536       33.872980083965480
  74279.433317       33.737018252144480
  74323.400098       33.602013546532859
  74367.366878       33.467956377732840
  74411.333659       33.334837282842230
  74455.300440       33.202646895738042
  74499.267220       33.071375927731260
  74543.234001       32.941015161824829
  74587.200782       32.811555461350949
  74631.167562       32.682987788875934
  74675.134343       32.555303229243961
  74719.101124       32.428493007839158
  74763.067904       32.302548499661867
  74807.034685       32.177461227490369
  74851.001466       32.053222852849387
  74894.968246       31.929825161653241
  74938.935027       31.807260049246672
  74982.901808       31.685519504020601
  75026.868588       31.564595593825281
  75070.835369       31.444480457226945
  75114.802149       31.325166304573944
  75158.768930       31.206645428090127
  75202.735711       31.088910218414121
  75246.702491       30.971953179678657
  75290.669272       30.855766937177151
  75334.636053       30.740344235377744
  75378.602833       30.625677928793046
  75422.569614       30.511760969064959
  75466.536395       30.398586391565260
  75510.503175       30.286147305056701
  75554.469956       30.174436881985987
  75598.436737       30.063448354565423
  75642.403517       29.953175016721758
  75686.370298       29.843610232834692
  75730.337079       29.734747450544354
  75774.303859       29.626580212943463
  75818.270640       29.519102166161190
  75862.237421       29.412307058093319
  75906.204201       29.306188732000201
  75950.170982       29.200741115274287
  75994.137763       29.095958207853975
  76038.104543       28.991834069631295
  76082.071324       28.888362809913996
  76126.038105       28.785538581003635
  76170.004885       28.683355578124541
  76213.971666       28.581808047393608
  76257.938447       28.480890299105056
  76301.905227       28.380596721347011
  76345.872008       28.280921788803997
  76389.838788       28.181860064943937
  76433.805569       28.083406197394801
  76477.772350       27.985554910458880
  76521.739130       27.888300994649597
  76565.705911       27.791639296472507
  76609.672692       27.695564706364998
  76653.639472       27.600072150335560
  76697.606253       27.505156586246628
  76741.573034       27.410813008468573
  76785.539814       27.317036459087568
  76829.506595       27.223822040796531
  76873.473376       27.131164927750632
  76917.440156       27.039060370126968
  76961.406937       26.947503692827638
  77005.373718       26.856490290850772
  77049.340498       26.766015620298454
  77093.307279       26.676075187702061
  77137.274060       26.586664538579750
  77181.240840       26.497779246293618
  77225.207621       26.409414906807594
  77269.174402       26.321567141295240
  77313.141182       26.234231605922744
  77357.107963       26.147404005023056
  77401.074744       26.061080101910150
  77445.041524       25.975255725949264
  77489.008305       25.889926773493087
  77532.975085       25.805089204973875
  77576.941866       25.720739037732251
  77620.908647       25.636872336535127
  77664.875427       25.553485201570602
  77708.842208       25.470573756021096
  77752.808989       25.388134139404592
  77796.775769       25.306162507077801
  77840.742550       25.224655038574298
  77884.709331       25.143607949518092
  77928.676111       25.063017503873333
  77972.642892       24.982880021826098
  78016.609673       24.903191883378568
  78060.576453       24.823949526984926
  78104.543234       24.745149445616043
  78148.510015       24.666788177621015
  78192.476795       24.588862294848120
  78236.443576       24.511368390007313
  78280.410357       24.434303066924095
  78324.377137       24.357662939269147
  78368.343918       24.281444635599740
  78412.310699       24.205644810629177
  78456.277479       24.130260157170650
  78500.244260       24.055287414689083
  78544.211041       23.980723375511506
  78588.177821       23.906564885660902
  78632.144602       23.832808842296103
  78676.111383       23.759452187041930
  78720.078163       23.686491894557776
  78764.044944       23.613924958901627
  78808.011724       23.541748383063101
  78851.978505       23.469959174839502
  78895.945286       23.398554349941637
  78939.912066       23.327530941835008
  78983.878847       23.256886012613343
  79027.845628       23.186616662841395
  79071.812408       23.116720038523205
  79115.779189       23.047193334169719
  79159.745970       22.978033793281419
  79203.712750       22.909238702825050
  79247.679531       22.840805382619955
  79291.646312       22.772731172251621
  79335.613092       22.705013418923304
  79379.579873       22.637649471607688
  79423.546654       22.570636681960281
  79467.513434       22.503972411684035
  79511.480215       22.437654042786669
  79555.446996       22.371678987774608
  79599.413776       22.306044697780685
  79643.380557       22.240748667634978
  79687.347338       22.175788438201295
  79731.314118       22.111161592299219
  79775.280899       22.046865746813850
  79819.247680       21.982898539485731
  79863.214460       21.919257615777962
  79907.181241       21.855940621017417
  79951.148021       21.792945198817300
  79995.114802       21.730268997239762
  80039.081583       21.667909677642292
  80083.048363       21.605864924151724
  80127.015144       21.544132452581437
  80170.981925       21.482710017048046
  80214.948705       21.421595414681654
  80258.915486       21.360786483903553
  80302.882267       21.300281097724927
  80346.849047       21.240077151338276
  80390.815828       21.180172548856333
  80434.782609       21.120565194031037
  80478.749389       21.061252986218808
  80522.716170       21.002233824587911
  80566.682951       20.943505614770014
  80610.649731       20.885066278348685
  80654.616512       20.826913762063100
  80698.583293       20.769046045925947
  80742.550073       20.711461148694958
  80786.516854       20.654157129691274
  80830.483635       20.597132083542363
  80874.450415       20.540384128629370
  80918.417196       20.483911394273683
  80962.383977       20.427712009233780
  81006.350757       20.371784097331915
  81050.317538       20.316125778491177
  81094.284319       20.260735173851536
  81138.251099       20.205610414186474
  81182.217880       20.150749648670946
  81226.184660       20.096151054165951
  81270.151441       20.041812842971019
  81314.118222       19.987733265858243
  81358.085002       19.933910609376085
  81402.051783       19.880343185676232
  81446.018564       19.827029319667897
  81489.985344       19.773967338272811
  81533.952125       19.721155562384322
  81577.918906       19.668592306535263
  81621.885686       19.616275882490662
  81665.852467       19.564204605788696
  81709.819248       19.512376804834986
  81753.786028       19.460790829691312
  81797.752809       19.409445061460339
  81841.719590       19.358337917583619
  81885.686370       19.307467850874161
  81929.653151       19.256833342113627
  81973.619932       19.206432887145446
  82017.586712       19.156264985818417
  82061.553493       19.106328132936632
  82105.520274       19.056620815493140
  82149.487054       19.007141514546127
  82193.453835       18.957888710326792
  82237.420616       18.908860889399818
  82281.387396       18.860056554890051
  82325.354177       18.811474236275828
  82369.320957       18.763112496848706
  82413.287738       18.714969934838884
  82457.254519       18.667045177472588
  82501.221299       18.619336869710132
  82545.188080       18.571843663088345
  82589.154861       18.524564205550050
  82633.121641       18.477497137147637
  82677.088422       18.430641089699186
  82721.055203       18.383994690374269
  82765.021983       18.337556567337174
  82808.988764       18.291325359948967
  82852.955545       18.245299728679964
  82896.922325       18.199478364666405
  82940.889106       18.153859992724840
  82984.855887       18.108443368030329
  83028.822667       18.063227265726702
  83072.789448       18.018210470391345
  83116.756229       17.973391765202781
  83160.723009       17.928769926100529
  83204.689790       17.884343720072657
  83248.656571       17.840111905336997
  83292.623351       17.796073237318822
  83336.590132       17.752226476618858
  83380.556913       17.708570400687243
  83424.523693       17.665103813301428
  83468.490474       17.621825550570968
  83512.457255       17.578734479005401
  83556.424035       17.535829487892997
  83600.390816       17.493109478122122
  83644.357596       17.450573352399701
  83688.324377       17.408220007386930
  83732.291158       17.366048330313813
  83776.257938       17.324057197826839
  83820.224719       17.282245479612541
  83864.191500       17.240612046080521
  83908.158280       17.199155778499875
  83952.125061       17.157875581400489
  83996.091842       17.116770388004806
  84040.058622       17.075839162936660
  84084.025403       17.035080894900752
  84127.992184       16.994494586847559
  84171.958964       16.954079246559509
  84215.925745       16.913833878063940
  84259.892526       16.873757476362069
  84303.859306       16.833849024976924
  84347.826087       16.794107497151781
  84391.792868       16.754531862225846
  84435.759648       16.715121095506966
  84479.726429       16.675874190517892
  84523.693210       16.636790167559148
  84567.659990       16.597868076668902
  84611.626771       16.559106993127813
  84655.593552       16.520506009969278
  84699.560332       16.482064227176625
  84743.527113       16.443780744098895
  84787.493894       16.405654652509103
  84831.460674       16.367685031976748
  84875.427455       16.329870949877030
  84919.394235       16.292211465036118
  84963.361016       16.254705637871414
  85007.327797       16.217352542386333
  85051.294577       16.180151275939796
  85095.261358       16.143100963972458
  85139.228139       16.106200758405741
  85183.194919       16.069449830105498
  85227.161700       16.032847360695310
  85271.128481       15.996392534471269
  85315.095261       15.960084529226162
  85359.062042       15.923922511312046
  85403.028823       15.887905632985966
  85446.995603       15.852033035400545
  85490.962384       15.816303856664945
  85534.929165       15.780717243877442
  85578.895945       15.745272363409260
  85622.862726       15.709968407679199
  85666.829507       15.674804595089029
  85710.796287       15.639780164929938
  85754.763068       15.604894370704201
  85798.729849       15.570146470842086
  85842.696629       15.535535720376910
  85886.663410       15.501061364229150
  85930.630191       15.466722632683839
  85974.596971       15.432518741806749
  86018.563752       15.398448900620419
  86062.530532       15.364512322519452
  86106.497313       15.330708236188425
  86150.464094       15.297035893713780
  86194.430874       15.263494572601001
  86238.397655       15.230083572420735
  86282.364436       15.196802208669762
  86326.331216       15.163649805594467
  86370.297997       15.130625687131513
  86414.264778       15.097729168732258
  86458.231558       15.064959551424941
  86502.198339       15.032316120579505
  86546.165120       14.999798150390030
  86590.131900       14.967404915556200
  86634.098681       14.935135701466674
  86678.065462       14.902989813598744
  86722.032242       14.870966581247588
  86765.999023       14.839065357083626
  86809.965804       14.807285511288224
  86853.932584       14.775626425744409
  86897.899365       14.744087485313690
  86941.866146       14.712668069208521
  86985.832926       14.681367542738656
  87029.799707       14.650185254266884
  87073.766488       14.619120538979704
  87117.733268       14.588172727721812
  87161.700049       14.557341157783648
  87205.666830       14.526625183870205
  87249.633610       14.496024181481296
  87293.600391       14.465537549006477
  87337.567171       14.435164704388960
  87381.533952       14.404905080300985
  87425.500733       14.374758115565660
  87469.467513       14.344723246298990
  87513.434294       14.314799896208648
  87557.401075       14.284987472288577
  87601.367855       14.255285365725193
  87645.334636       14.225692959760611
  87689.301417       14.196209639941358
  87733.268197       14.166834804518228
  87777.234978       14.137567870895904
  87821.201759       14.108408278426319
  87865.168539       14.079355487245440
  87909.135320       14.050408973934534
  87953.102101       14.021568225059097
  87997.068881       13.992832727039586
  88041.035662       13.964201956335742
  88085.002443       13.935675373518063
  88128.969223       13.907252421947446
  88172.936004       13.878932533534639
  88216.902785       13.850715139339552
  88260.869565       13.822599678634845
  88304.836346       13.794585606332625
  88348.803127       13.766672397664085
  88392.769907       13.738859549168620
  88436.736688       13.711146576032963
  88480.703468       13.683533006431345
  88524.670249       13.656018371593754
  88568.637030       13.628602196546549
  88612.603810       13.601283990128763
  88656.570591       13.574063244477035
  88700.537372       13.546939437476134
  88744.504152       13.519912041683158
  88788.470933       13.492980534406962
  88832.437714       13.466144405368212
  88876.404494       13.439403162361483
  88920.371275       13.412756334235914
  88964.338056       13.386203469483799
  89008.304836       13.359744132388393
  89052.271617       13.333377893649011
  89096.238398       13.307104320713670
  89140.205178       13.280922967842614
  89184.171959       13.254833371325031
  89228.138740       13.228835052488680
  89272.105520       13.202927523619893
  89316.072301       13.177110297962555
  89360.039082       13.151382896843403
  89404.005862       13.125744857504856
  89447.972643       13.100195736725130
  89491.939424       13.074735112634912
  89535.906204       13.049362580749765
  89579.872985       13.024077747118474
  89623.839766       12.998880216929201
  89667.806546       12.973769584656818
  89711.773327       12.948745428415332
  89755.740107       12.923807309483159
  89799.706888       12.898954777953048
  89843.673669       12.874187380711332
  89887.640449       12.849504669339511
  89931.607230       12.824906208424704
  89975.574011       12.800391580234120
  90019.540791       12.775960387297165
  90063.507572       12.751612252194988
  90107.474353       12.727346811032248
  90151.441133       12.703163703034239
  90195.407914       12.679062559442105
  90239.374695       12.655042996645424
  90283.341475       12.631104613492788
  90327.308256       12.607246995642234
  90371.275037       12.583469721886729
  90415.241817       12.559772372652670
  90459.208598       12.536154537183148
  90503.175379       12.512615820291895
  90547.142159       12.489155847479546
  90591.108940       12.465774264732747
  90635.075721       12.442470734233160
  90679.042501       12.419244924120953
  90723.009282       12.396096498667777
  90766.976063       12.373025108875463
  90810.942843       12.350030389084125
  90854.909624       12.327111958725229
  90898.876404       12.304269427918234
  90942.843185       12.281502403993812
  90986.809966       12.258810499882749
  91030.776746       12.236193341551322
  91074.743527       12.213650573323385
  91118.710308       12.191181861490554
  91162.677088       12.168786890341554
  91206.643869       12.146465354121343
  91250.610650       12.124216946187376
  91294.577430       12.102041349311502
  91338.544211       12.079938230129677
  91382.510992       12.057907239783873
  91426.477772       12.035948018453535
  91470.444553       12.014060199589990
  91514.411334       11.992243418720758
  91558.378114       11.970497321188063
  91602.344895       11.948821569129450
  91646.311676       11.927215845919285
  91690.278456       11.905679855059139
  91734.245237       11.884213312678812
  91778.212018       11.862815937134432
  91822.178798       11.841487440140021
  91866.145579       11.820227518664280
  91910.112360       11.799035854268759
  91954.079140       11.777912115134681
  91998.045921       11.756855960412480
  92042.012702       11.735867047398905
  92085.979482       11.714945039478813
  92129.946263       11.694089614750347
  92173.913043       11.673300471947842
  92217.879824       11.652577330763084
  92261.846605       11.631919926221428
  92305.813385       11.611327999095181
  92349.780166       11.590801285627627
  92393.746947       11.570339510897977
  92437.713727       11.549942384848777
  92481.680508       11.529609602653423
  92525.647289       11.509340848302219
  92569.614069       11.489135800520060
  92613.580850       11.468994140413566
  92657.547631       11.448915560640035
  92701.514411       11.428899773144209
  92745.481192       11.408946511193907
  92789.447973       11.389055525174257
  92833.414753       11.369226575176448
  92877.381534       11.349459420385529
  92921.348315       11.329753810917360
  92965.315095       11.310109483008230
  93009.281876       11.290526157933247
  93053.248657       11.271003543247641
  93097.215437       11.251541338569162
  93141.182218       11.232139242277160
  93185.148999       11.212796961628182
  93229.115779       11.193514220385364
  93273.082560       11.174290763416899
  93317.049340       11.155126354684185
  93361.016121       11.136020770084627
  93404.982902       11.116973787878321
  93448.949682       11.097985180435529
  93492.916463       11.079054708575134
  93536.883244       11.060182118280986
  93580.850024       11.041367140693517
  93624.816805       11.022609496020827
  93668.783586       11.003908899504200
  93712.750366       10.985265071638118
  93756.717147       10.966677747468337
  93800.683928       10.948146681947350
  93844.650708       10.929671650057168
  93888.617489       10.911252441006891
  93932.584270       10.892888850099229
  93976.551050       10.874580669597794
  94020.517831       10.856327682384581
  94064.484612       10.838129657206318
  94108.451392       10.819986347974766
  94152.418173       10.801897495307433
  94196.384954       10.783862831636556
  94240.351734       10.765882091086521
  94284.318515       10.747955018728632
  94328.285296       10.730081378749340
  94372.252076       10.712260954862389
  94416.218857       10.694493547265619
  94460.185638       10.676778964960700
  94504.152418       10.659117017704824
  94548.119199       10.641507508512884
  94592.085979       10.623950228476360
  94636.052760       10.606444952880008
  94680.019541       10.588991441790277
  94723.986321       10.571589445067964
  94767.953102       10.554238710034713
  94811.919883       10.536938992085375
  94855.886663       10.519690063360047
  94899.853444       10.502491715512225
  94943.820225       10.485343757474144
  94987.787005       10.468246010196431
  95031.753786       10.451198297788268
  95075.720567       10.434200441157891
  95119.687347       10.417252250900470
  95163.654128       10.400353523128269
  95207.620909       10.383504038041844
  95251.587689       10.366703562239067
  95295.554470       10.349951856879887
  95339.521251       10.333248687586078
  95383.488031       10.316593833707969
  95427.454812       10.299987093154613
  95471.421593       10.283428282272624
  95515.388373       10.266917231087604
  95559.355154       10.250453776706497
  95603.321935       10.234037755583531
  95647.288715       10.217668996636021
  95691.255496       10.201347315520938
  95735.222277       10.185072511058657
  95779.189057       10.168844367353005
  95823.155838       10.152662659148669
  95867.122618       10.136527162081700
  95911.089399       10.120437663240178
  95955.056180       10.104393966201997
  95999.022960       10.088395893524048
  96042.989741       10.072443282430681
  96086.956522       10.056535979892937
  96130.923302       10.040673835918483
  96174.890083       10.024856695328761
  96218.856864       10.009084392121366
  96262.823644        9.993356743934271
  96306.790425        9.977673551643623
  96350.757206        9.962034603932398
  96394.723986        9.946439687724629
  96438.690767        9.930888596769336
  96482.657548        9.915381140179175
  96526.624328        9.899917144876323
  96570.591109        9.884496454027289
  96614.557890        9.869118923137837
  96658.524670        9.853784413061344
  96702.491451        9.838492783355047
  96746.458232        9.823243884546073
  96790.425012        9.808037551596755
  96834.391793        9.792873601838897
  96878.358574        9.777751838944969
  96922.325354        9.762672060808253
  96966.292135        9.747634068960497
  97010.258915        9.732637677972084
  97054.225696        9.717682718240457
  97098.192477        9.702769037333542
  97142.159257        9.687896497001416
  97186.126038        9.673064967229024
  97230.092819        9.658274319977298
  97274.059599        9.643524420690694
  97318.026380        9.628815121131513
  97361.993161        9.614146255072310
  97405.959941        9.599517640779322
  97449.926722        9.584929087514993
  97493.893503        9.570380405762787
  97537.860283        9.555871414455128
  97581.827064        9.541401947997414
  97625.793845        9.526971857123872
  97669.760625        9.512581007590056
  97713.727406        9.498229276920371
  97757.694187        9.483916547437325
  97801.660967        9.469642697924158
  97845.627748        9.455407594984685
  97889.594529        9.441211089100729
  97933.561309        9.427053013495488
  97977.528090        9.412933189332936
  98021.494871        9.398851435592876
  98065.461651        9.384807577322071
  98109.428432        9.370801451789777
  98153.395213        9.356832912002041
  98197.361993        9.342901827588364
  98241.328774        9.329008080934546
  98285.295554        9.315151562696890
  98329.262335        9.301332163561405
  98373.229116        9.287549764249775
  98417.195896        9.273804230150970
  98461.162677        9.260095408866626
  98505.129458        9.246423134494375
  98549.096238        9.232787235589189
  98593.063019        9.219187542635808
  98637.029800        9.205623896473053
  98680.996580        9.192096152669555
  98724.963361        9.178604182298582
  98768.930142        9.165147871472833
  98812.896922        9.151727117845267
  98856.863703        9.138341820814826
  98900.830484        9.124991874831368
  98944.797264        9.111677159796463
  98988.764045        9.098397537810008
  99032.730826        9.085152855702420
  99076.697606        9.071942951153087
  99120.664387        9.058767662721078
  99164.631168        9.045626834409951
  99208.597948        9.032520323175596
  99252.564729        9.019448001732465
  99296.531510        9.006409758434168
  99340.498290        8.993405495354974
  99384.465071        8.980435120757733
  99428.431851        8.967498539911125
  99472.398632        8.954595645394580
  99516.365413        8.941726313771557
  99560.332193        8.928890404808294
  99604.298974        8.916087767019487
  99648.265755        8.903318245597198
  99692.232535        8.890581689468712
  99736.199316        8.877877957129009
  99780.166097        8.865206922317043
  99824.132877        8.852568474700897
  99868.099658        8.839962519442002
  99912.066439        8.827388970655786
  99956.033219        8.814847743157777
 100000.000000        8.802338742333173
