  10000.000000        0.000009475854498
  10043.966781        0.000009880003830
  10087.933561        0.000010301142412
  10131.900342        0.000010739877958
  10175.867123        0.000011196826978
  10219.833903        0.000011672616080
  10263.800684        0.000012167883945
  10307.767465        0.000012683283854
  10351.734245        0.000013219486534
  10395.701026        0.000013777183342
  10439.667807        0.000014357089796
  10483.634587        0.000014959949023
  10527.601368        0.000015586534549
  10571.568149        0.000016237652794
  10615.534929        0.000016914145175
  10659.501710        0.000017616889211
  10703.468490        0.000018346798799
  10747.435271        0.000019104823836
  10791.402052        0.000019891949025
  10835.368832        0.000020709191918
  10879.335613        0.000021557600406
  10923.302394        0.000022438249887
  10967.269174        0.000023352240410
  11011.235955        0.000024300693538
  11055.202736        0.000025284749823
  11099.169516        0.000026305567231
  11143.136297        0.000027364320667
  11187.103078        0.000028462201792
  11231.069858        0.000029600419980
  11275.036639        0.000030780205281
  11319.003420        0.000032002812688
  11362.970200        0.000033269527387
  11406.936981        0.000034581671907
  11450.903762        0.000035940615217
  11494.870542        0.000037347782535
  11538.837323        0.000038804665508
  11582.804104        0.000040312833712
  11626.770884        0.000041873946537
  11670.737665        0.000043489763425
  11714.704446        0.000045162153435
  11758.671226        0.000046893103753
  11802.638007        0.000048684725211
  11846.604787        0.000050539253387
  11890.571568        0.000052459044298
  11934.538349        0.000054446565151
  11978.505129        0.000056504379650
  12022.471910        0.000058635125537
  12066.438691        0.000060841485463
  12110.405471        0.000063126153781
  12154.372252        0.000065491798844
  12198.339033        0.000067941017312
  12242.305813        0.000070476288083
  12286.272594        0.000073099928669
  12330.239375        0.000075814051565
  12374.206155        0.000078620525813
  12418.172936        0.000081520949314
  12462.139717        0.000084516631211
  12506.106497        0.000087608586071
  12550.073278        0.000090797541085
  12594.040059        0.000094083958295
  12638.006839        0.000097468072476
  12681.973620        0.000100949939068
  12725.940401        0.000104529492603
  12769.907181        0.000108206617355
  12813.873962        0.000111981226185
  12857.840743        0.000115853329681
  12901.807523        0.000119823100087
  12945.774304        0.000123890934431
  12989.741085        0.000128057502141
  13033.707865        0.000132323773331
  13077.674646        0.000136691033472
  13121.641426        0.000141160880060
  13165.608207        0.000145735198510
  13209.574988        0.000150416121140
  13253.541768        0.000155205969719
  13297.508549        0.000160107191802
  13341.475330        0.000165122281384
  13385.442110        0.000170253699031
  13429.408891        0.000175503804010
  13473.375672        0.000180874802955
  13517.342452        0.000186368702493
  13561.309233        0.000191987268208
  13605.276014        0.000197732019010
  13649.242794        0.000203604251695
  13693.209575        0.000209605078005
  13737.176356        0.000215735490854
  13781.143136        0.000221996469932
  13825.109917        0.000228389110299
  13869.076698        0.000234914743280
  13913.043478        0.000241575081849
  13957.010259        0.000248372383777
  14000.977040        0.000255309589807
  14044.943820        0.000262390441126
  14088.910601        0.000269619599590
  14132.877382        0.000277002728459
  14176.844162        0.000284546517488
  14220.810943        0.000292258628426
  14264.777723        0.000300147571451
  14308.744504        0.000308222521577
  14352.711285        0.000316493038459
  14396.678065        0.000324968677383
  14440.644846        0.000333658550482
  14484.611627        0.000342570860965
  14528.578407        0.000351712303081
  14572.545188        0.000361087406828
  14616.511969        0.000370697946876
  14660.478749        0.000380542342143
  14704.445530        0.000390615072250
  14748.412311        0.000400906240333
  14792.379091        0.000411401273185
  14836.345872        0.000422080761125
  14880.312653        0.000432920474108
  14924.279433        0.000443891569425
  14968.246214        0.000454961054568
  15012.212995        0.000466092413329
  15056.179775        0.000477246390098
  15100.146556        0.000488381998129
  15144.113337        0.000499457772580
  15188.080117        0.000510432979984
  15232.046898        0.000521268704204
  15276.013679        0.000531929055375
  15319.980459        0.000542382295923
  15363.947240        0.000552601696562
  15407.914021        0.000562566232312
  15451.880801        0.000572261078795
  15495.847582        0.000581677801467
  15539.814362        0.000590814267967
  15583.781143        0.000599674255610
  15627.747924        0.000608266871613
  15671.714704        0.000616605680967
  15715.681485        0.000624707565681
  15759.648266        0.000632591666190
  15803.615046        0.000640278402233
  15847.581827        0.000647788511270
  15891.548608        0.000655141837399
  15935.515388        0.000662356413481
  15979.482169        0.000669447976844
  16023.448950        0.000676429555605
  16067.415730        0.000683311220310
  16111.382511        0.000690100366105
  16155.349292        0.000696802497132
  16199.316072        0.000703421747880
  16243.282853        0.000709961594274
  16287.249634        0.000716426092440
  16331.216414        0.000722821008262
  16375.183195        0.000729154549428
  16419.149976        0.000735438509066
  16463.116756        0.000741689313678
  16507.083537        0.000747928685244
  16551.050318        0.000754183680144
  16595.017098        0.000760486161372
  16638.983879        0.000766872030087
  16682.950660        0.000773380036158
  16726.917440        0.000780049458088
  16770.884221        0.000786917489440
  16814.851001        0.000794017118289
  16858.817782        0.000801374045935
  16902.784563        0.000809001882855
  16946.751343        0.000816898567368
  16990.718124        0.000825042984209
  17034.684905        0.000833390774970
  17078.651685        0.000841871220858
  17122.618466        0.000850385377294
  17166.585247        0.000858804749256
  17210.552027        0.000866971033860
  17254.518808        0.000874696786720
  17298.485589        0.000881768067659
  17342.452369        0.000887948307031
  17386.419150        0.000892982591561
  17430.385931        0.000896603820848
  17474.352711        0.000898542002444
  17518.319492        0.000898534245045
  17562.286273        0.000896331465398
  17606.253053        0.000891707096077
  17650.219834        0.000884467256742
  17694.186615        0.000874458535655
  17738.153395        0.000861574618022
  17782.120176        0.000845762546030
  17826.086957        0.000827026990487
  17870.053737        0.000805432349676
  17914.020518        0.000781102811037
  17957.987298        0.000754220205953
  18001.954079        0.000725020362669
  18045.920860        0.000693784341420
  18089.887640        0.000660830799533
  18133.854421        0.000626508693649
  18177.821202        0.000591190579474
  18221.787982        0.000555260327683
  18265.754763        0.000519100016959
  18309.721544        0.000483081311039
  18353.688324        0.000447557305356
  18397.655105        0.000412851727903
  18441.621886        0.000379252115154
  18485.588666        0.000347010003199
  18529.555447        0.000316338277475
  18573.522228        0.000287403634228
  18617.489008        0.000260328252386
  18661.455789        0.000235193597314
  18705.422570        0.000212037638352
  18749.389350        0.000190857804085
  18793.356131        0.000171619754634
  18837.322912        0.000154263955500
  18881.289692        0.000138710660561
  18925.256473        0.000124861815968
  18969.223254        0.000112604100073
  19013.190034        0.000101816842341
  19057.156815        0.000092372781838
  19101.123596        0.000084136285528
  19145.090376        0.000076974176414
  19189.057157        0.000070772530440
  19233.023937        0.000065422714292
  19276.990718        0.000060818445689
  19320.957499        0.000056866369081
  19364.924279        0.000053480905140
  19408.891060        0.000050579262654
  19452.857841        0.000048087731108
  19496.824621        0.000045943777997
  19540.791402        0.000044096319953
  19584.758183        0.000042502489026
  19628.724963        0.000041126195223
  19672.691744        0.000039942824100
  19716.658525        0.000038925954914
  19760.625305        0.000038036613333
  19804.592086        0.000037235729064
  19848.558867        0.000036516660891
  19892.525647        0.000035882911460
  19936.492428        0.000035324870375
  19980.459209        0.000034835237190
  20024.425989        0.000034411751332
  20068.392770        0.000034046330769
  20112.359551        0.000033727870246
  20156.326331        0.000033447251652
  20200.293112        0.000033196351705
  20244.259893        0.000032973640943
  20288.226673        0.000032779464039
  20332.193454        0.000032629811379
  20376.160234        0.000032526608405
  20420.127015        0.000032445085157
  20464.093796        0.000032352841256
  20508.060576        0.000032248115192
  20552.027357        0.000032162215530
  20595.994138        0.000032113473921
  20639.960918        0.000032103618227
  20683.927699        0.000032144576669
  20727.894480        0.000032230643672
  20771.861260        0.000032314463255
  20815.828041        0.000032357330542
  20859.794822        0.000032397791569
  20903.761602        0.000032459198975
  20947.728383        0.000032540455800
  20991.695164        0.000032668264311
  21035.661944        0.000032856475386
  21079.628725        0.000033062256274
  21123.595506        0.000033247536463
  21167.562286        0.000033403011515
  21211.529067        0.000033557326622
  21255.495848        0.000033753502419
  21299.462628        0.000034008204610
  21343.429409        0.000034335688338
  21387.396190        0.000034750004176
  21431.362970        0.000035178194746
  21475.329751        0.000035484804770
  21519.296532        0.000035700808489
  21563.263312        0.000035933347684
  21607.230093        0.000036190277469
  21651.196873        0.000036495045449
  21695.163654        0.000036891524365
  21739.130435        0.000037350298209
  21783.097215        0.000037817798626
  21827.063996        0.000038265525271
  21871.030777        0.000038692816488
  21914.997557        0.000039132079245
  21958.964338        0.000039598898626
  22002.931119        0.000040185239692
  22046.897899        0.000040953135500
  22090.864680        0.000041774082670
  22134.831461        0.000042372929374
  22178.798241        0.000042742398136
  22222.765022        0.000043124380188
  22266.731803        0.000043594228636
  22310.698583        0.000044146127688
  22354.665364        0.000044832999273
  22398.632145        0.000045664304443
  22442.598925        0.000046587049687
  22486.565706        0.000047544900892
  22530.532487        0.000048473259242
  22574.499267        0.000049358698456
  22618.466048        0.000050225546874
  22662.432829        0.000051233776534
  22706.399609        0.000052524211420
  22750.366390        0.000053893419038
  22794.333170        0.000055013735535
  22838.299951        0.000055721389573
  22882.266732        0.000056312619460
  22926.233512        0.000057109505554
  22970.200293        0.000058183084644
  23014.167074        0.000059630130382
  23058.133854        0.000061504971748
  23102.100635        0.000063379931799
  23146.067416        0.000064572779524
  23190.034196        0.000065344477398
  23234.000977        0.000066212194994
  23277.967758        0.000067203189201
  23321.934538        0.000068481374232
  23365.901319        0.000070321987264
  23409.868100        0.000072393120515
  23453.834880        0.000074239863721
  23497.801661        0.000075693428154
  23541.768442        0.000076912441262
  23585.735222        0.000078334904440
  23629.702003        0.000080278551041
  23673.668784        0.000082831431300
  23717.635564        0.000086223114442
  23761.602345        0.000090027690831
  23805.569126        0.000092780236205
  23849.535906        0.000094002486178
  23893.502687        0.000095034756869
  23937.469468        0.000096318172365
  23981.436248        0.000097892807747
  24025.403029        0.000100210117118
  24069.369809        0.000103215925191
  24113.336590        0.000106416190319
  24157.303371        0.000109483305390
  24201.270151        0.000112239132715
  24245.236932        0.000114916310104
  24289.203713        0.000117617734082
  24333.170493        0.000121019495931
  24377.137274        0.000126119435259
  24421.104055        0.000132281142868
  24465.070835        0.000136867827118
  24509.037616        0.000138537350536
  24553.004397        0.000139564459151
  24596.971177        0.000141445073474
  24640.937958        0.000144116632518
  24684.904739        0.000147829724909
  24728.871519        0.000152854705830
  24772.838300        0.000158896533737
  24816.805081        0.000165438119921
  24860.771861        0.000171874338369
  24904.738642        0.000177664540182
  24948.705423        0.000183026467088
  24992.672203        0.000188912091163
  25036.638984        0.000197229313683
  25080.605765        0.000206766666388
  25124.572545        0.000214801223342
  25168.539326        0.000219013827528
  25212.506106        0.000220843262388
  25256.472887        0.000223751670983
  25300.439668        0.000229357324894
  25344.406448        0.000238130325989
  25388.373229        0.000251183957985
  25432.340010        0.000265820030636
  25476.306790        0.000274521175021
  25520.273571        0.000276065532197
  25564.240352        0.000277480543230
  25608.207132        0.000280519331551
  25652.173913        0.000285569225511
  25696.140694        0.000295241689818
  25740.107474        0.000308130348015
  25784.074255        0.000319861149033
  25828.041036        0.000328637188199
  25872.007816        0.000334776144806
  25915.974597        0.000341137074694
  25959.941378        0.000351414780113
  26003.908158        0.000366585674272
  26047.874939        0.000388363688706
  26091.841720        0.000415695820960
  26135.808500        0.000437943061443
  26179.775281        0.000444582093638
  26223.742062        0.000445267450038
  26267.708842        0.000448141165837
  26311.675623        0.000453211154411
  26355.642404        0.000463094722624
  26399.609184        0.000478927339363
  26443.575965        0.000497653742536
  26487.542745        0.000516492279051
  26531.509526        0.000533257508678
  26575.476307        0.000548224026725
  26619.443087        0.000562470714438
  26663.409868        0.000578620944828
  26707.376649        0.000606581947495
  26751.343429        0.000646289648486
  26795.310210        0.000680037316008
  26839.276991        0.000689004072034
  26883.243771        0.000685725355682
  26927.210552        0.000687947054244
  26971.177333        0.000697702042411
  27015.144113        0.000714625477475
  27059.110894        0.000740866921812
  27103.077675        0.000775886313381
  27147.044455        0.000816361821690
  27191.011236        0.000858148010067
  27234.978017        0.000894885978361
  27278.944797        0.000926627037612
  27322.911578        0.000958006050698
  27366.878359        0.001004249729201
  27410.845139        0.001062942445737
  27454.811920        0.001114952216244
  27498.778701        0.001143008114855
  27542.745481        0.001146662716359
  27586.712262        0.001149373876212
  27630.679043        0.001171865102161
  27674.645823        0.001217999645685
  27718.612604        0.001296827285868
  27762.579384        0.001398636490177
  27806.546165        0.001467915288855
  27850.512946        0.001460469574278
  27894.479726        0.001433363792572
  27938.446507        0.001422477202933
  27982.413288        0.001427479364098
  28026.380068        0.001461899511132
  28070.346849        0.001525908581849
  28114.313630        0.001589263078097
  28158.280410        0.001636368370803
  28202.247191        0.001665979028522
  28246.213972        0.001688812834046
  28290.180752        0.001730854281084
  28334.147533        0.001805387892953
  28378.114314        0.001919686655233
  28422.081094        0.002078775473327
  28466.047875        0.002231426528392
  28510.014656        0.002282446364956
  28553.981436        0.002257071474319
  28597.948217        0.002238266311682
  28641.914998        0.002237679698590
  28685.881778        0.002261727796974
  28729.848559        0.002322219862257
  28773.815340        0.002408067906692
  28817.782120        0.002503138652811
  28861.748901        0.002592639804781
  28905.715681        0.002666459653706
  28949.682462        0.002732375571143
  28993.649243        0.002790475766243
  29037.616023        0.002901963370518
  29081.582804        0.003097979144023
  29125.549585        0.003298031991457
  29169.516365        0.003357588207808
  29213.483146        0.003297222341971
  29257.449927        0.003250776199237
  29301.416707        0.003259943400934
  29345.383488        0.003314503788939
  29389.350269        0.003419350172486
  29433.317049        0.003578859636611
  29477.283830        0.003780177506081
  29521.250611        0.004001359512421
  29565.217391        0.004202855980433
  29609.184172        0.004363070322891
  29653.150953        0.004504980739396
  29697.117733        0.004706511290127
  29741.084514        0.004994379374632
  29785.051295        0.005259429580177
  29829.018075        0.005420258068652
  29872.984856        0.005432130381829
  29916.951637        0.005380762093184
  29960.918417        0.005419067137200
  30004.885198        0.005604090309016
  30048.851979        0.005977271097053
  30092.818759        0.006539156024537
  30136.785540        0.007012421744253
  30180.752320        0.006959306813212
  30224.719101        0.006597075090628
  30268.685882        0.006327165318325
  30312.652662        0.006186512182991
  30356.619443        0.006200336042743
  30400.586224        0.006397882208744
  30444.553004        0.006642868681123
  30488.519785        0.006825647611881
  30532.486566        0.006938312752904
  30576.453346        0.006996958460514
  30620.420127        0.007103553086095
  30664.386908        0.007365035329498
  30708.353688        0.007807470831024
  30752.320469        0.008481715255225
  30796.287250        0.009238956364925
  30840.254030        0.009600546099350
  30884.220811        0.009416826518703
  30928.187592        0.009161784400116
  30972.154372        0.009019123681630
  31016.121153        0.008985275953483
  31060.087934        0.009105083427480
  31104.054714        0.009361038851804
  31148.021495        0.009699782509637
  31191.988276        0.010059780789015
  31235.955056        0.010351833907449
  31279.921837        0.010590957941747
  31323.888617        0.010738849999482
  31367.855398        0.010997408763910
  31411.822179        0.011648669074699
  31455.788959        0.012478540049180
  31499.755740        0.012814990627573
  31543.722521        0.012452075183709
  31587.689301        0.012007557997562
  31631.656082        0.011835842049074
  31675.622863        0.011908439120403
  31719.589643        0.012188516581717
  31763.556424        0.012701909518655
  31807.523205        0.013430353077066
  31851.489985        0.014288826664888
  31895.456766        0.015136229494523
  31939.423547        0.015775796206252
  31983.390327        0.016277503478995
  32027.357108        0.016924764379160
  32071.323889        0.017960920387527
  32115.290669        0.018952718832855
  32159.257450        0.019593683946927
  32203.224231        0.019718562575131
  32247.191011        0.019393309879744
  32291.157792        0.019221592136299
  32335.124573        0.019700720508513
  32379.091353        0.020977625346677
  32423.058134        0.023239091444526
  32467.024915        0.025597933336889
  32510.991695        0.025756216325375
  32554.958476        0.023474093487425
  32598.925256        0.021265067150040
  32642.892037        0.019861089894630
  32686.858818        0.019177856623431
  32730.825598        0.019269709982534
  32774.792379        0.019757829974099
  32818.759160        0.020140458730399
  32862.725940        0.020373336526741
  32906.692721        0.020452565219727
  32950.659502        0.020546275265578
  32994.626282        0.021076053446599
  33038.593063        0.022178741089506
  33082.559844        0.024010922668515
  33126.526624        0.026380621044129
  33170.493405        0.027977837195979
  33214.460186        0.027504795401566
  33258.426966        0.026242898757544
  33302.393747        0.025340566960453
  33346.360528        0.024839716500966
  33390.327308        0.024766044639018
  33434.294089        0.025111058834281
  33478.260870        0.025808856725728
  33522.227650        0.026731725030433
  33566.194431        0.027549809953578
  33610.161212        0.028151691997128
  33654.127992        0.028432328684329
  33698.094773        0.028584253437056
  33742.061553        0.029756364389857
  33786.028334        0.031820998381863
  33829.995115        0.033000821111320
  33873.961895        0.031882381408773
  33917.928676        0.029992172003512
  33961.895457        0.028863364342234
  34005.862237        0.028630135150125
  34049.829018        0.029029329825924
  34093.795799        0.030053484896596
  34137.762579        0.031749305136422
  34181.729360        0.033913049405985
  34225.696141        0.036249645770275
  34269.662921        0.038076710001567
  34313.629702        0.039303807255080
  34357.596483        0.040716408146915
  34401.563263        0.043180264347616
  34445.530044        0.045699727186930
  34489.496825        0.047200370068658
  34533.463605        0.047828314317585
  34577.430386        0.047164659295453
  34621.397167        0.046080357622866
  34665.363947        0.046601468261432
  34709.330728        0.049399989627136
  34753.297509        0.055275118499139
  34797.264289        0.062719638562074
  34841.231070        0.065223949400194
  34885.197851        0.057789823361135
  34929.164631        0.048095212349604
  34973.131412        0.041319475231047
  35017.098192        0.037259958409837
  35061.064973        0.035396775642050
  35105.031754        0.034961265846447
  35148.998534        0.034806514373648
  35192.965315        0.034638244676833
  35236.932096        0.034448832969795
  35280.898876        0.034205071188814
  35324.865657        0.034493558058401
  35368.832438        0.035725280486323
  35412.799218        0.038075740843970
  35456.765999        0.041562953258689
  35500.732780        0.044658755832856
  35544.699560        0.044561029760764
  35588.666341        0.042094912120428
  35632.633122        0.039921722439801
  35676.599902        0.038563111075974
  35720.566683        0.037868678273985
  35764.533464        0.037758866293730
  35808.500244        0.038254143161277
  35852.467025        0.039335735699861
  35896.433806        0.040523859814666
  35940.400586        0.041346240099901
  35984.367367        0.041731324123272
  36028.334148        0.041341839326063
  36072.300928        0.041902250456482
  36116.267709        0.044104305844647
  36160.234489        0.045911039645885
  36204.201270        0.044454808420111
  36248.168051        0.041083553265016
  36292.134831        0.038588032535165
  36336.101612        0.037647477406131
  36380.068393        0.037789206818877
  36424.035173        0.038765672184139
  36468.001954        0.040717166745242
  36511.968735        0.043434035638798
  36555.935515        0.046566449241213
  36599.902296        0.049335854244282
  36643.869077        0.050977955057245
  36687.835857        0.052606237745684
  36731.802638        0.055652518677048
  36775.769419        0.059093176871070
  36819.736199        0.060757266558294
  36863.702980        0.061779708713641
  36907.669761        0.061887158022779
  36951.636541        0.060418810130032
  36995.603322        0.060186753375911
  37039.570103        0.063155625529874
  37083.536883        0.070582728755002
  37127.503664        0.081815129641288
  37171.470445        0.088881664856588
  37215.437225        0.079559788948580
  37259.404006        0.061025530557471
  37303.370787        0.046451725001341
  37347.337567        0.037376363134407
  37391.304348        0.031853633678532
  37435.271128        0.028382788567221
  37479.237909        0.026111740090639
  37523.204690        0.024569942542417
  37567.171470        0.023488543456058
  37611.138251        0.022706670831875
  37655.105032        0.022125041229071
  37699.071812        0.021681607949303
  37743.038593        0.021336123451635
  37787.005374        0.021060463603709
  37830.972154        0.020833673847730
  37874.938935        0.020639446854397
  37918.905716        0.020464859102206
  37962.872496        0.020300188709096
  38006.839277        0.020138937584361
  38050.806058        0.019977098077684
  38094.772838        0.019811763703159
  38138.739619        0.019640347068977
  38182.706400        0.019460796971995
  38226.673180        0.019270985553818
  38270.639961        0.019067580663302
  38314.606742        0.018846031398859
  38358.573522        0.018602196141022
  38402.540303        0.018336859111616
  38446.507084        0.018056630586578
  38490.473864        0.017766657300445
  38534.440645        0.017466268801139
  38578.407426        0.017148938469468
  38622.374206        0.016804465920226
  38666.340987        0.016427872209333
  38710.307767        0.016026372155606
  38754.274548        0.015611718399840
  38798.241329        0.015190557050945
  38842.208109        0.014764179592922
  38886.174890        0.014330898539383
  38930.141671        0.013887574858924
  38974.108451        0.013432600974890
  39018.075232        0.012968831423211
  39062.042013        0.012502579087286
  39106.008793        0.012040317920323
  39149.975574        0.011586699508007
  39193.942355        0.011144018015481
  39237.909135        0.010711995583547
  39281.875916        0.010288897746304
  39325.842697        0.009874685553009
  39369.809477        0.009473885445171
  39413.776258        0.009095126730762
  39457.743039        0.008747469018033
  39501.709819        0.008436114506205
  39545.676600        0.008158296013632
  39589.643381        0.007899119643482
  39633.610161        0.007632566034174
  39677.576942        0.007341256481976
  39721.543723        0.007042338871118
  39765.510503        0.006768803426065
  39809.477284        0.006534010616751
  39853.444064        0.006333572009632
  39897.410845        0.006157536271008
  39941.377626        0.005995392840731
  39985.344406        0.005839526321434
  40029.311187        0.005688255554219
  40073.277968        0.005546106239317
  40117.244748        0.005419907245713
  40161.211529        0.005312857148539
  40205.178310        0.005219878833881
  40249.145090        0.005127097462189
  40293.111871        0.005019619858618
  40337.078652        0.004894424317232
  40381.045432        0.004764564631354
  40425.012213        0.004650104545883
  40468.978994        0.004566940538758
  40512.945774        0.004518957811449
  40556.912555        0.004490515017169
  40600.879336        0.004447447720734
  40644.846116        0.004360369808015
  40688.812897        0.004235295406451
  40732.779678        0.004112343085659
  40776.746458        0.004031712317760
  40820.713239        0.004008037658309
  40864.680020        0.004027833815747
  40908.646800        0.004059034727317
  40952.613581        0.004071732374829
  40996.580362        0.004061388328712
  41040.547142        0.004051262403881
  41084.513923        0.004073082844539
  41128.480703        0.004149736284385
  41172.447484        0.004288288429250
  41216.414265        0.004473249983679
  41260.381045        0.004663070163497
  41304.347826        0.004809850529330
  41348.314607        0.004900456142370
  41392.281387        0.004972664091193
  41436.248168        0.005081725007629
  41480.214949        0.005263076145107
  41524.181729        0.005522709826175
  41568.148510        0.005835346909503
  41612.115291        0.006148967919940
  41656.082071        0.006414767690720
  41700.048852        0.006631681895702
  41744.015633        0.006860915368763
  41787.982413        0.007184524952128
  41831.949194        0.007639191883422
  41875.915975        0.008167954545265
  41919.882755        0.008621890759166
  41963.849536        0.008852243118431
  42007.816317        0.008844377562773
  42051.783097        0.008735462626660
  42095.749878        0.008686688325204
  42139.716659        0.008777533183927
  42183.683439        0.009007100349201
  42227.650220        0.009329663431929
  42271.617000        0.009680332045264
  42315.583781        0.010005237724582
  42359.550562        0.010295369793722
  42403.517342        0.010602471380132
  42447.484123        0.011014290184785
  42491.450904        0.011596818551481
  42535.417684        0.012340350248944
  42579.384465        0.013138518337247
  42623.351246        0.013839804943015
  42667.318026        0.014374198101293
  42711.284807        0.014837380195601
  42755.251588        0.015434102605822
  42799.218368        0.016353522980958
  42843.185149        0.017664547996764
  42887.151930        0.019213318844619
  42931.118710        0.020580292343538
  42975.085491        0.021296228236056
  43019.052272        0.021271479398742
  43063.019052        0.020929845062805
  43106.985833        0.020814334892145
  43150.952614        0.021180166430392
  43194.919394        0.021941275348358
  43238.886175        0.022796315871508
  43282.852956        0.023422018317687
  43326.819736        0.023703449751907
  43370.786517        0.023811982424667
  43414.753298        0.024048813976743
  43458.720078        0.024652574844249
  43502.686859        0.025720386798825
  43546.653639        0.027168588358826
  43590.620420        0.028686017905992
  43634.587201        0.029830859491442
  43678.553981        0.030371885572795
  43722.520762        0.030548686530214
  43766.487543        0.030867365685162
  43810.454323        0.031716011418922
  43854.421104        0.033242484810069
  43898.387885        0.035364673806668
  43942.354665        0.037750857551505
  43986.321446        0.039943194720455
  44030.288227        0.041722654228932
  44074.255007        0.043420769908409
  44118.221788        0.045741347958846
  44162.188569        0.049159163603532
  44206.155349        0.053378033378636
  44250.122130        0.057189881859464
  44294.088911        0.059096680571958
  44338.055691        0.058568712431573
  44382.022472        0.056596747378271
  44425.989253        0.054721774139307
  44469.956033        0.053830643105998
  44513.922814        0.053988992409314
  44557.889595        0.054862225205192
  44601.856375        0.056016378335263
  44645.823156        0.057078931960384
  44689.789936        0.057888419261552
  44733.756717        0.058609523194734
  44777.723498        0.059688983828230
  44821.690278        0.061590611670411
  44865.657059        0.064464098712716
  44909.623840        0.067945965767507
  44953.590620        0.071297333265548
  44997.557401        0.074008064635600
  45041.524182        0.076432423495379
  45085.490962        0.079770293594999
  45129.457743        0.085412200077225
  45173.424524        0.094110066918467
  45217.391304        0.105038260655558
  45261.358085        0.115070463400669
  45305.324866        0.119872303415339
  45349.291646        0.117479845859299
  45393.258427        0.110649643573855
  45437.225208        0.104242257753221
  45481.191988        0.101078345103858
  45525.158769        0.101078243304626
  45569.125550        0.102580722100294
  45613.092330        0.103654625223472
  45657.059111        0.103248301153027
  45701.025892        0.101751992822513
  45744.992672        0.100425118429363
  45788.959453        0.100389044784415
  45832.926234        0.102129937327159
  45876.893014        0.105396938595515
  45920.859795        0.109035100992198
  45964.826575        0.111132224035719
  46008.793356        0.110259979851841
  46052.760137        0.106980784701218
  46096.726917        0.103503605322827
  46140.693698        0.101873664984644
  46184.660479        0.103148646578893
  46228.627259        0.107592302815715
  46272.594040        0.114543465112470
  46316.560821        0.122319945477118
  46360.527601        0.129292995226760
  46404.494382        0.135771915690525
  46448.461163        0.144359010697235
  46492.427943        0.157641199104577
  46536.394724        0.175271400914483
  46580.361505        0.192623451847596
  46624.328285        0.202610529196680
  46668.295066        0.201117450870204
  46712.261847        0.191051570063815
  46756.228627        0.179342627481055
  46800.195408        0.170705182147367
  46844.162189        0.165664586539893
  46888.128969        0.162645564587655
  46932.095750        0.159974768967737
  46976.062531        0.156508454573548
  47020.029311        0.151642390211684
  47063.996092        0.145300487265726
  47107.962872        0.137990673218054
  47151.929653        0.130710266742930
  47195.896434        0.124508467774815
  47239.863214        0.119942193188751
  47283.829995        0.116954404280511
  47327.796776        0.115406037865487
  47371.763556        0.116018646237400
  47415.730337        0.121205391925145
  47459.697118        0.134843136995581
  47503.663898        0.160059289509721
  47547.630679        0.195036479501485
  47591.597460        0.228641265358374
  47635.564240        0.242113385193911
  47679.531021        0.222697016972851
  47723.497802        0.177852154330767
  47767.464582        0.128800018965731
  47811.431363        0.090581841029565
  47855.398144        0.065302036537576
  47899.364924        0.049241117716669
  47943.331705        0.038792308024047
  47987.298486        0.031704330138013
  48031.265266        0.026697215482683
  48075.232047        0.023036213535992
  48119.198828        0.020283418930255
  48163.165608        0.018167034292863
  48207.132389        0.016512226031063
  48251.099170        0.015203337452755
  48295.065950        0.014162386593957
  48339.032731        0.013336168576043
  48382.999511        0.012687812485557
  48426.966292        0.012190487138332
  48470.933073        0.011822147740525
  48514.899853        0.011561149440865
  48558.866634        0.011383232511872
  48602.833415        0.011260653159096
  48646.800195        0.011163959962715
  48690.766976        0.011066131518746
  48734.733757        0.010947778124720
  48778.700537        0.010801370576491
  48822.667318        0.010632516858067
  48866.634099        0.010457380165792
  48910.600879        0.010297056019532
  48954.567660        0.010171216819631
  48998.534441        0.010093677167471
  49042.501221        0.010071449870483
  49086.468002        0.010106987686699
  49130.434783        0.010201805416752
  49174.401563        0.010359423631812
  49218.368344        0.010586540579135
  49262.335125        0.010892671483449
  49306.301905        0.011289187681778
  49350.268686        0.011788304069042
  49394.235467        0.012401516333952
  49438.202247        0.013136243532296
  49482.169028        0.013989839090200
  49526.135809        0.014941821528856
  49570.102589        0.015947348105807
  49614.069370        0.016936241291846
  49658.036150        0.017821073992043
  49702.002931        0.018514632207453
  49745.969712        0.018952522865613
  49789.936492        0.019112921773503
  49833.903273        0.019024856648708
  49877.870054        0.018760248703531
  49921.836834        0.018412051488163
  49965.803615        0.018067647496863
  50009.770396        0.017789025560085
  50053.737176        0.017607329077480
  50097.703957        0.017531358916040
  50141.670738        0.017562559032796
  50185.637518        0.017707156740842
  50229.604299        0.017979936118414
  50273.571080        0.018400289304364
  50317.537860        0.018985451059593
  50361.504641        0.019746021063549
  50405.471422        0.020685985853562
  50449.438202        0.021806210216619
  50493.404983        0.023109014549365
  50537.371764        0.024602268521659
  50581.338544        0.026302912712236
  50625.305325        0.028240114392780
  50669.272106        0.030456703184859
  50713.238886        0.033005245355762
  50757.205667        0.035934348222203
  50801.172447        0.039263389482597
  50845.139228        0.042949869726302
  50889.106009        0.046860690955455
  50933.072789        0.050762982982677
  50977.039570        0.054347898442107
  51021.006351        0.057290610472816
  51064.973131        0.059334046846409
  51108.939912        0.060369287812927
  51152.906693        0.060480529105872
  51196.873473        0.059932730867773
  51240.840254        0.059103427844933
  51284.807035        0.058385615408995
  51328.773815        0.058101570756463
  51372.740596        0.058459562451699
  51416.707377        0.059561369685218
  51460.674157        0.061443676775724
  51504.640938        0.064125701233060
  51548.607719        0.067642775024472
  51592.574499        0.072061999606590
  51636.541280        0.077487444566111
  51680.508061        0.084060292202139
  51724.474841        0.091946862844599
  51768.441622        0.101296436465264
  51812.408403        0.112153737505418
  51856.375183        0.124332492981215
  51900.341964        0.137288986812174
  51944.308745        0.150060405606097
  51988.275525        0.161332608175634
  52032.242306        0.169665347173777
  52076.209086        0.173837098567177
  52120.175867        0.173203050094881
  52164.142648        0.167925891578511
  52208.109428        0.158969198294132
  52252.076209        0.147836395378812
  52296.042990        0.136153295921432
  52340.009770        0.125264946487400
  52383.976551        0.116002023049412
  52427.943332        0.108676320264756
  52471.910112        0.103249202142411
  52515.876893        0.099550824760261
  52559.843674        0.097440941938443
  52603.810454        0.096868408848657
  52647.777235        0.097853057441689
  52691.744016        0.100441972202557
  52735.710796        0.104679706311470
  52779.677577        0.110602508043384
  52823.644358        0.118246265876028
  52867.611138        0.127656747548167
  52911.577919        0.138900809355632
  52955.544700        0.152083094123084
  52999.511480        0.167364754231611
  53043.478261        0.184962610542562
  53087.445042        0.205093607806443
  53131.411822        0.227836824903787
  53175.378603        0.252920594741994
  53219.345383        0.279495887107290
  53263.312164        0.306003618842223
  53307.278945        0.330251539603227
  53351.245725        0.349764502355069
  53395.212506        0.362365456461043
  53439.179287        0.366822565682825
  53483.146067        0.363323376879514
  53527.112848        0.353565914741226
  53571.079629        0.340398142273416
  53615.046409        0.327132001604732
  53659.013190        0.316801185902196
  53702.979971        0.311637521634449
  53746.946751        0.312907542907846
  53790.913532        0.321067129562242
  53834.880313        0.336073193969426
  53878.847093        0.357694154382235
  53922.813874        0.385748146184727
  53966.780655        0.420278338702996
  54010.747435        0.461679119832783
  54054.714216        0.510718089256616
  54098.680997        0.568324750557686
  54142.647777        0.635021788157130
  54186.614558        0.710003628996115
  54230.581339        0.790090595734265
  54274.548119        0.869003584104360
  54318.514900        0.937477674767165
  54362.481681        0.984558603832823
  54406.448461        1.000000000000000
  54450.415242        0.977140044244690
  54494.382022        0.915239694275481
  54538.348803        0.820274891278383
  54582.315584        0.703695966586459
  54626.282364        0.579514054040733
  54670.249145        0.460815459242925
  54714.215926        0.357012006743178
  54758.182706        0.272687163290657
  54802.149487        0.208086167714776
  54846.116268        0.160618180689664
  54890.083048        0.126528134454673
  54934.049829        0.102136843312312
  54978.016610        0.084463308653344
  55021.983390        0.071355969793594
  55065.950171        0.061365403894464
  55109.916952        0.053545794374229
  55153.883732        0.047281244415338
  55197.850513        0.042163326933149
  55241.817294        0.037913447500668
  55285.784074        0.034335745361559
  55329.750855        0.031288623010057
  55373.717636        0.028667189118749
  55417.684416        0.026392103528026
  55461.651197        0.024402265497058
  55505.617978        0.022649881371587
  55549.584758        0.021097051849452
  55593.551539        0.019713357685253
  55637.518319        0.018474118140836
  55681.485100        0.017359112909994
  55725.451881        0.016351629683697
  55769.418661        0.015437744555728
  55813.385442        0.014605771550707
  55857.352223        0.013845836747727
  55901.319003        0.013149545385421
  55945.285784        0.012509719176080
  55989.252565        0.011920187208116
  56033.219345        0.011375618158693
  56077.186126        0.010871384645046
  56121.152907        0.010403452792878
  56165.119687        0.009968291748252
  56209.086468        0.009562799079206
  56253.053249        0.009184238925211
  56297.020029        0.008830190440334
  56340.986810        0.008498504599313
  56384.953591        0.008187267837021
  56428.920371        0.007894771301931
  56472.887152        0.007619484745471
  56516.853933        0.007360034258245
  56560.820713        0.007115183213127
  56604.787494        0.006883815893437
  56648.754275        0.006664923378701
  56692.721055        0.006457591336129
  56736.687836        0.006260989426845
  56780.654617        0.006074362085319
  56824.621397        0.005897020470613
  56868.588178        0.005728335420892
  56912.554958        0.005567731269639
  56956.521739        0.005414680404237
  57000.488520        0.005268698465978
  57044.455300        0.005129340105851
  57088.422081        0.004996195223203
  57132.388862        0.004868885624997
  57176.355642        0.004747062052366
  57220.322423        0.004630401528668
  57264.289204        0.004518604989614
  57308.255984        0.004411395161423
  57352.222765        0.004308514657562
  57396.189546        0.004209724268491
  57440.156326        0.004114801422221
  57484.123107        0.004023538796306
  57528.089888        0.003935743064377
  57572.056668        0.003851233762396
  57616.023449        0.003769842261663
  57659.990230        0.003691410837148
  57703.957010        0.003615791821089
  57747.923791        0.003542846832990
  57791.890572        0.003472446078161
  57835.857352        0.003404467707881
  57879.824133        0.003338797235009
  57923.790914        0.003275326999597
  57967.757694        0.003213955679642
  58011.724475        0.003154587842644
  58055.691255        0.003097133534109
  58099.658036        0.003041507899526
  58143.624817        0.002987630836725
  58187.591597        0.002935426675827
  58231.558378        0.002884823884288
  58275.525159        0.002835754794795
  58319.491939        0.002788155353993
  58363.458720        0.002741964890237
  58407.425501        0.002697125898727
  58451.392281        0.002653583842561
  58495.359062        0.002611286968353
  58539.325843        0.002570186135225
  58583.292623        0.002530234656035
  58627.259404        0.002491388149876
  58671.226185        0.002453604404892
  58715.192965        0.002416843250610
  58759.159746        0.002381066439012
  58803.126527        0.002346237533691
  58847.093307        0.002312321806446
  58891.060088        0.002279286140771
  58935.026869        0.002247098941706
  58978.993649        0.002215730051596
  59022.960430        0.002185150671283
  59066.927211        0.002155333286360
  59110.893991        0.002126251598085
  59154.860772        0.002097880458625
  59198.827553        0.002070195810317
  59242.794333        0.002043174628655
  59286.761114        0.002016794868758
  59330.727894        0.001991035415077
  59374.694675        0.001965876034121
  59418.661456        0.001941297330004
  59462.628236        0.001917280702615
  59506.595017        0.001893808308239
  59550.561798        0.001870863022450
  59594.528578        0.001848428405122
  59638.495359        0.001826488667423
  59682.462140        0.001805028640654
  59726.428920        0.001784033746822
  59770.395701        0.001763489970849
  59814.362482        0.001743383834308
  59858.329262        0.001723702370606
  59902.296043        0.001704433101514
  59946.262824        0.001685564014971
  59990.229604        0.001667083544061
  60034.196385        0.001648980547092
  60078.163166        0.001631244288719
  60122.129946        0.001613864422023
  60166.096727        0.001596830971510
  60210.063508        0.001580134316976
  60254.030288        0.001563765178204
  60297.997069        0.001547714600427
  60341.963850        0.001531973940540
  60385.930630        0.001516534854000
  60429.897411        0.001501389282376
  60473.864191        0.001486529441499
  60517.830972        0.001471947810179
  60561.797753        0.001457637119457
  60605.764533        0.001443590342357
  60649.731314        0.001429800684124
  60693.698095        0.001416261572924
  60737.664875        0.001402966650984
  60781.631656        0.001389909766163
  60825.598437        0.001377084963914
  60869.565217        0.001364486479623
  60913.531998        0.001352108731290
  60957.498779        0.001339946312543
  61001.465559        0.001327993985941
  61045.432340        0.001316246676577
  61089.399121        0.001304699465951
  61133.365901        0.001293347586118
  61177.332682        0.001282186414092
  61221.299463        0.001271211466511
  61265.266243        0.001260418394540
  61309.233024        0.001249802978997
  61353.199805        0.001239361125695
  61397.166585        0.001229088860964
  61441.133366        0.001218982327357
  61485.100147        0.001209037779522
  61529.066927        0.001199251580237
  61573.033708        0.001189620196609
  61617.000489        0.001180140196436
  61660.967269        0.001170808244719
  61704.934050        0.001161621100342
  61748.900830        0.001152575612877
  61792.867611        0.001143668719529
  61836.834392        0.001134897442198
  61880.801172        0.001126258884637
  61924.767953        0.001117750229730
  61968.734734        0.001109368736844
  62012.701514        0.001101111739303
  62056.668295        0.001092976641942
  62100.635076        0.001084960918778
  62144.601856        0.001077062110777
  62188.568637        0.001069277823718
  62232.535418        0.001061605726132
  62276.502198        0.001054043547329
  62320.468979        0.001046589075486
  62364.435760        0.001039240155786
  62408.402540        0.001031994688627
  62452.369321        0.001024850627888
  62496.336102        0.001017805979254
  62540.302882        0.001010858798616
  62584.269663        0.001004007190538
  62628.236444        0.000997249306784
  62672.203224        0.000990583344917
  62716.170005        0.000984007546933
  62760.136786        0.000977520197946
  62804.103566        0.000971119624905
  62848.070347        0.000964804195340
  62892.037128        0.000958572316156
  62936.003908        0.000952422432456
  62979.970689        0.000946353026418
  63023.937469        0.000940362616219
  63067.904250        0.000934449755003
  63111.871031        0.000928613029897
  63155.837811        0.000922851061059
  63199.804592        0.000917162500757
  63243.771373        0.000911546032461
  63287.738153        0.000906000369961
  63331.704934        0.000900524256507
  63375.671715        0.000895116463959
  63419.638495        0.000889775791993
  63463.605276        0.000884501067322
  63507.572057        0.000879291142959
  63551.538837        0.000874144897518
  63595.505618        0.000869061234536
  63639.472399        0.000864039081818
  63683.439179        0.000859077390791
  63727.405960        0.000854175135869
  63771.372741        0.000849331313825
  63815.339521        0.000844544943181
  63859.306302        0.000839815063615
  63903.273083        0.000835140735403
  63947.239863        0.000830521038874
  63991.206644        0.000825955073907
  64035.173425        0.000821441959444
  64079.140205        0.000816980833014
  64123.106986        0.000812570850270
  64167.073766        0.000808211184521
  64211.040547        0.000803901026280
  64255.007328        0.000799639582802
  64298.974108        0.000795426077652
  64342.940889        0.000791259750278
  64386.907670        0.000787139855617
  64430.874450        0.000783065663718
  64474.841231        0.000779036459386
  64518.808012        0.000775051541840
  64562.774792        0.000771110224374
  64606.741573        0.000767211834008
  64650.708354        0.000763355711158
  64694.675134        0.000759541209287
  64738.641915        0.000755767694577
  64782.608696        0.000752034545607
  64826.575476        0.000748341153050
  64870.542257        0.000744686919396
  64914.509038        0.000741071258684
  64958.475818        0.000737493596254
  65002.442599        0.000733953368493
  65046.409380        0.000730450022586
  65090.376160        0.000726983016259
  65134.342941        0.000723551817524
  65178.309722        0.000720155904415
  65222.276502        0.000716794764746
  65266.243283        0.000713467895879
  65310.210064        0.000710174804507
  65354.176844        0.000706915006457
  65398.143625        0.000703688026500
  65442.110405        0.000700493398170
  65486.077186        0.000697330663578
  65530.043967        0.000694199373218
  65574.010747        0.000691099085772
  65617.977528        0.000688029367903
  65661.944309        0.000684989794066
  65705.911089        0.000681979946326
  65749.877870        0.000678999414187
  65793.844651        0.000676047794441
  65837.811431        0.000673124691031
  65881.778212        0.000670229714910
  65925.744993        0.000667362483906
  65969.711773        0.000664522622578
  66013.678554        0.000661709762061
  66057.645335        0.000658923539911
  66101.612115        0.000656163599949
  66145.578896        0.000653429592113
  66189.545677        0.000650721172324
  66233.512457        0.000648038002375
  66277.479238        0.000645379749813
  66321.446019        0.000642746087848
  66365.412799        0.000640136695245
  66409.379580        0.000637551256218
  66453.346361        0.000634989460314
  66497.313141        0.000632451002288
  66541.279922        0.000629935581975
  66585.246702        0.000627442904174
  66629.213483        0.000624972678532
  66673.180264        0.000622524619458
  66717.147044        0.000620098446037
  66761.113825        0.000617693881956
  66805.080606        0.000615310655429
  66849.047386        0.000612948499119
  66893.014167        0.000610607150043
  66936.980948        0.000608286349480
  66980.947728        0.000605985842863
  67024.914509        0.000603705379680
  67068.881290        0.000601444713386
  67112.848070        0.000599203601322
  67156.814851        0.000596981804655
  67200.781632        0.000594779088320
  67244.748412        0.000592595220963
  67288.715193        0.000590429974890
  67332.681974        0.000588283125992
  67376.648754        0.000586154453670
  67420.615535        0.000584043740752
  67464.582316        0.000581950773406
  67508.549096        0.000579875341065
  67552.515877        0.000577817236358
  67596.482658        0.000575776255065
  67640.449438        0.000573752196068
  67684.416219        0.000571744861315
  67728.383000        0.000569754055774
  67772.349780        0.000567779587396
  67816.316561        0.000565821267040
  67860.283341        0.000563878908412
  67904.250122        0.000561952327993
  67948.216903        0.000560041344966
  67992.183683        0.000558145781163
  68036.150464        0.000556265461023
  68080.117245        0.000554400211556
  68124.084025        0.000552549862317
  68168.050806        0.000550714245378
  68212.017587        0.000548893195295
  68255.984367        0.000547086549058
  68299.951148        0.000545294146036
  68343.917929        0.000543515827916
  68387.884709        0.000541751438642
  68431.851490        0.000540000824364
  68475.818271        0.000538263833403
  68519.785051        0.000536540316224
  68563.751832        0.000534830125412
  68607.718613        0.000533133115666
  68651.685393        0.000531449143760
  68695.652174        0.000529778068518
  68739.618955        0.000528119750763
  68783.585735        0.000526474053274
  68827.552516        0.000524840840725
  68871.519297        0.000523219979644
  68915.486077        0.000521611338371
  68959.452858        0.000520014787038
  69003.419638        0.000518430197562
  69047.386419        0.000516857443626
  69091.353200        0.000515296400673
  69135.319980        0.000513746945876
  69179.286761        0.000512208958104
  69223.253542        0.000510682317878
  69267.220322        0.000509166907324
  69311.187103        0.000507662610131
  69355.153884        0.000506169311516
  69399.120664        0.000504686898204
  69443.087445        0.000503215258416
  69487.054226        0.000501754281869
  69531.021006        0.000500303859767
  69574.987787        0.000498863884789
  69618.954568        0.000497434251056
  69662.921348        0.000496014854098
  69706.888129        0.000494605590812
  69750.854910        0.000493206359417
  69794.821690        0.000491817059429
  69838.788471        0.000490437591637
  69882.755252        0.000489067858098
  69926.722032        0.000487707762134
  69970.688813        0.000486357208332
  70014.655594        0.000485016102530
  70058.622374        0.000483684351807
  70102.589155        0.000482361864449
  70146.555936        0.000481048549915
  70190.522716        0.000479744318796
  70234.489497        0.000478449082782
  70278.456277        0.000477162754647
  70322.423058        0.000475885248237
  70366.389839        0.000474616478468
  70410.356619        0.000473356361341
  70454.323400        0.000472104813929
  70498.290181        0.000470861754372
  70542.256961        0.000469627101855
  70586.223742        0.000468400776568
  70630.190523        0.000467182699672
  70674.157303        0.000465972793275
  70718.124084        0.000464770980406
  70762.090865        0.000463577185004
  70806.057645        0.000462391331923
  70850.024426        0.000461213346942
  70893.991207        0.000460043156765
  70937.957987        0.000458880689017
  70981.924768        0.000457725872224
  71025.891549        0.000456578635785
  71069.858329        0.000455438909941
  71113.825110        0.000454306625749
  71157.791891        0.000453181715052
  71201.758671        0.000452064110474
  71245.725452        0.000450953745425
  71289.692233        0.000449850554096
  71333.659013        0.000448754471479
  71377.625794        0.000447665433360
  71421.592574        0.000446583376312
  71465.559355        0.000445508237673
  71509.526136        0.000444439955515
  71553.492916        0.000443378468611
  71597.459697        0.000442323716416
  71641.426478        0.000441275639053
  71685.393258        0.000440234177317
  71729.360039        0.000439199272674
  71773.326820        0.000438170867276
  71817.293600        0.000437148903965
  71861.260381        0.000436133326277
  71905.227162        0.000435124078417
  71949.193942        0.000434121105233
  71993.160723        0.000433124352185
  72037.127504        0.000432133765322
  72081.094284        0.000431149291267
  72125.061065        0.000430170877214
  72169.027846        0.000429198470942
  72212.994626        0.000428232020822
  72256.961407        0.000427271475827
  72300.928188        0.000426316785531
  72344.894968        0.000425367900099
  72388.861749        0.000424424770260
  72432.828530        0.000423487347286
  72476.795310        0.000422555582963
  72520.762091        0.000421629429572
  72564.728872        0.000420708839884
  72608.695652        0.000419793767171
  72652.662433        0.000418884165218
  72696.629213        0.000417979988332
  72740.595994        0.000417081191352
  72784.562775        0.000416187729635
  72828.529555        0.000415299559046
  72872.496336        0.000414416635922
  72916.463117        0.000413538917054
  72960.429897        0.000412666359659
  73004.396678        0.000411798921386
  73048.363459        0.000410936560310
  73092.330239        0.000410079234946
  73136.297020        0.000409226904264
  73180.263801        0.000408379527702
  73224.230581        0.000407537065162
  73268.197362        0.000406699476991
  73312.164143        0.000405866723967
  73356.130923        0.000405038767259
  73400.097704        0.000404215568415
  73444.064485        0.000403397089350
  73488.031265        0.000402583292351
  73531.998046        0.000401774140085
  73575.964827        0.000400969595619
  73619.931607        0.000400169622421
  73663.898388        0.000399374184377
  73707.865169        0.000398583245766
  73751.831949        0.000397796771257
  73795.798730        0.000397014725870
  73839.765511        0.000396237074960
  73883.732291        0.000395463784198
  73927.699072        0.000394694819570
  73971.665852        0.000393930147400
  74015.632633        0.000393169734353
  74059.599414        0.000392413547449
  74103.566194        0.000391661554074
  74147.532975        0.000390913721975
  74191.499756        0.000390170019242
  74235.466536        0.000389430414287
  74279.433317        0.000388694875820
  74323.400098        0.000387963372824
  74367.366878        0.000387235874563
  74411.333659        0.000386512350577
  74455.300440        0.000385792770706
  74499.267220        0.000385077105108
  74543.234001        0.000384365324258
  74587.200782        0.000383657398960
  74631.167562        0.000382953300330
  74675.134343        0.000382252999774
  74719.101124        0.000381556468961
  74763.067904        0.000380863679811
  74807.034685        0.000380174604476
  74851.001466        0.000379489215354
  74894.968246        0.000378807485096
  74938.935027        0.000378129386628
  74982.901808        0.000377454893170
  75026.868588        0.000376783978225
  75070.835369        0.000376116615593
  75114.802149        0.000375452779327
  75158.768930        0.000374792443726
  75202.735711        0.000374135583305
  75246.702491        0.000373482172784
  75290.669272        0.000372832187092
  75334.636053        0.000372185601383
  75378.602833        0.000371542391049
  75422.569614        0.000370902531734
  75466.536395        0.000370265999347
  75510.503175        0.000369632770053
  75554.469956        0.000369002820266
  75598.436737        0.000368376126613
  75642.403517        0.000367752665922
  75686.370298        0.000367132415202
  75730.337079        0.000366515351635
  75774.303859        0.000365901452602
  75818.270640        0.000365290695683
  75862.237421        0.000364683058688
  75906.204201        0.000364078519659
  75950.170982        0.000363477056874
  75994.137763        0.000362878648838
  76038.104543        0.000362283274259
  76082.071324        0.000361690912021
  76126.038105        0.000361101541172
  76170.004885        0.000360515140908
  76213.971666        0.000359931690594
  76257.938447        0.000359351169771
  76301.905227        0.000358773558176
  76345.872008        0.000358198835761
  76389.838788        0.000357626982688
  76433.805569        0.000357057979325
  76477.772350        0.000356491806233
  76521.739130        0.000355928444136
  76565.705911        0.000355367873903
  76609.672692        0.000354810076539
  76653.639472        0.000354255033185
  76697.606253        0.000353702725136
  76741.573034        0.000353153133848
  76785.539814        0.000352606240978
  76829.506595        0.000352062028371
  76873.473376        0.000351520478069
  76917.440156        0.000350981572285
  76961.406937        0.000350445293387
  77005.373718        0.000349911623883
  77049.340498        0.000349380546386
  77093.307279        0.000348852043640
  77137.274060        0.000348326098505
  77181.240840        0.000347802693998
  77225.207621        0.000347281813290
  77269.174402        0.000346763439741
  77313.141182        0.000346247556880
  77357.107963        0.000345734148416
  77401.074744        0.000345223198191
  77445.041524        0.000344714690173
  77489.008305        0.000344208608435
  77532.975085        0.000343704937150
  77576.941866        0.000343203660594
  77620.908647        0.000342704763168
  77664.875427        0.000342208229426
  77708.842208        0.000341714044083
  77752.808989        0.000341222192015
  77796.775769        0.000340732658255
  77840.742550        0.000340245427968
  77884.709331        0.000339760486440
  77928.676111        0.000339277819050
  77972.642892        0.000338797411269
  78016.609673        0.000338319248649
  78060.576453        0.000337843316854
  78104.543234        0.000337369601669
  78148.510015        0.000336898089028
  78192.476795        0.000336428765014
  78236.443576        0.000335961615855
  78280.410357        0.000335496627912
  78324.377137        0.000335033787653
  78368.343918        0.000334573081638
  78412.310699        0.000334114496506
  78456.277479        0.000333658018968
  78500.244260        0.000333203635821
  78544.211041        0.000332751333962
  78588.177821        0.000332301100430
  78632.144602        0.000331852922392
  78676.111383        0.000331406787153
  78720.078163        0.000330962682151
  78764.044944        0.000330520594925
  78808.011724        0.000330080513101
  78851.978505        0.000329642424372
  78895.945286        0.000329206316497
  78939.912066        0.000328772177299
  78983.878847        0.000328339994695
  79027.845628        0.000327909756714
  79071.812408        0.000327481451504
  79115.779189        0.000327055067346
  79159.745970        0.000326630592650
  79203.712750        0.000326208015925
  79247.679531        0.000325787325759
  79291.646312        0.000325368510800
  79335.613092        0.000324951559743
  79379.579873        0.000324536461363
  79423.546654        0.000324123204487
  79467.513434        0.000323711778043
  79511.480215        0.000323302171067
  79555.446996        0.000322894372728
  79599.413776        0.000322488372306
  79643.380557        0.000322084159190
  79687.347338        0.000321681722840
  79731.314118        0.000321281052772
  79775.280899        0.000320882138548
  79819.247680        0.000320484969776
  79863.214460        0.000320089536128
  79907.181241        0.000319695827353
  79951.148021        0.000319303833299
  79995.114802        0.000318913543929
  80039.081583        0.000318524949319
  80083.048363        0.000318138039647
  80127.015144        0.000317752805159
  80170.981925        0.000317369236166
  80214.948705        0.000316987323014
  80258.915486        0.000316607056091
  80302.882267        0.000316228425825
  80346.849047        0.000315851422715
  80390.815828        0.000315476037339
  80434.782609        0.000315102260389
  80478.749389        0.000314730082665
  80522.716170        0.000314359495049
  80566.682951        0.000313990488518
  80610.649731        0.000313623054095
  80654.616512        0.000313257182845
  80698.583293        0.000312892865854
  80742.550073        0.000312530094258
  80786.516854        0.000312168859226
  80830.483635        0.000311809152019
  80874.450415        0.000311450963986
  80918.417196        0.000311094286570
  80962.383977        0.000310739111311
  81006.350757        0.000310385429838
  81050.317538        0.000310033233826
  81094.284319        0.000309682514995
  81138.251099        0.000309333265077
  81182.217880        0.000308985475837
  81226.184660        0.000308639139083
  81270.151441        0.000308294246684
  81314.118222        0.000307950790587
  81358.085002        0.000307608762828
  81402.051783        0.000307268155539
  81446.018564        0.000306928960945
  81489.985344        0.000306591171314
  81533.952125        0.000306254778962
  81577.918906        0.000305919776222
  81621.885686        0.000305586155441
  81665.852467        0.000305253908992
  81709.819248        0.000304923029308
  81753.786028        0.000304593508885
  81797.752809        0.000304265340305
  81841.719590        0.000303938516242
  81885.686370        0.000303613029453
  81929.653151        0.000303288872755
  81973.619932        0.000302966039006
  82017.586712        0.000302644521077
  82061.553493        0.000302324311854
  82105.520274        0.000302005404246
  82149.487054        0.000301687791185
  82193.453835        0.000301371465680
  82237.420616        0.000301056420807
  82281.387396        0.000300742649737
  82325.354177        0.000300430145714
  82369.320957        0.000300118902050
  82413.287738        0.000299808912097
  82457.254519        0.000299500169222
  82501.221299        0.000299192666804
  82545.188080        0.000298886398244
  82589.154861        0.000298581356953
  82633.121641        0.000298277536397
  82677.088422        0.000297974930109
  82721.055203        0.000297673531702
  82765.021983        0.000297373334873
  82808.988764        0.000297074333386
  82852.955545        0.000296776521048
  82896.922325        0.000296479891688
  82940.889106        0.000296184439145
  82984.855887        0.000295890157254
  83028.822667        0.000295597039864
  83072.789448        0.000295305080858
  83116.756229        0.000295014274197
  83160.723009        0.000294724613906
  83204.689790        0.000294436094097
  83248.656571        0.000294148708941
  83292.623351        0.000293862452662
  83336.590132        0.000293577319502
  83380.556913        0.000293293303716
  83424.523693        0.000293010399552
  83468.490474        0.000292728601273
  83512.457255        0.000292447903161
  83556.424035        0.000292168299560
  83600.390816        0.000291889784871
  83644.357596        0.000291612353576
  83688.324377        0.000291336000219
  83732.291158        0.000291060719399
  83776.257938        0.000290786505746
  83820.224719        0.000290513353898
  83864.191500        0.000290241258500
  83908.158280        0.000289970214184
  83952.125061        0.000289700215601
  83996.091842        0.000289431257443
  84040.058622        0.000289163334456
  84084.025403        0.000288896441463
  84127.992184        0.000288630573361
  84171.958964        0.000288365725092
  84215.925745        0.000288101891648
  84259.892526        0.000287839068018
  84303.859306        0.000287577249196
  84347.826087        0.000287316430159
  84391.792868        0.000287056605902
  84435.759648        0.000286797771441
  84479.726429        0.000286539921844
  84523.693210        0.000286283052255
  84567.659990        0.000286027157879
  84611.626771        0.000285772233989
  84655.593552        0.000285518275884
  84699.560332        0.000285265278887
  84743.527113        0.000285013238306
  84787.493894        0.000284762149451
  84831.460674        0.000284512007628
  84875.427455        0.000284262808179
  84919.394235        0.000284014546463
  84963.361016        0.000283767217904
  85007.327797        0.000283520817998
  85051.294577        0.000283275342290
  85095.261358        0.000283030786393
  85139.228139        0.000282787145931
  85183.194919        0.000282544416520
  85227.161700        0.000282302593772
  85271.128481        0.000282061673289
  85315.095261        0.000281821650685
  85359.062042        0.000281582521585
  85403.028823        0.000281344281686
  85446.995603        0.000281106926747
  85490.962384        0.000280870452600
  85534.929165        0.000280634855123
  85578.895945        0.000280400130215
  85622.862726        0.000280166273770
  85666.829507        0.000279933281677
  85710.796287        0.000279701149805
  85754.763068        0.000279469874030
  85798.729849        0.000279239450253
  85842.696629        0.000279009874416
  85886.663410        0.000278781142526
  85930.630191        0.000278553250659
  85974.596971        0.000278326194924
  86018.563752        0.000278099971477
  86062.530532        0.000277874576467
  86106.497313        0.000277650006051
  86150.464094        0.000277426256360
  86194.430874        0.000277203323520
  86238.397655        0.000276981203670
  86282.364436        0.000276759892977
  86326.331216        0.000276539387678
  86370.297997        0.000276319684055
  86414.264778        0.000276100778464
  86458.231558        0.000275882667279
  86502.198339        0.000275665346907
  86546.165120        0.000275448813735
  86590.131900        0.000275233064139
  86634.098681        0.000275018094481
  86678.065462        0.000274803901110
  86722.032242        0.000274590480414
  86765.999023        0.000274377828829
  86809.965804        0.000274165942861
  86853.932584        0.000273954819062
  86897.899365        0.000273744454034
  86941.866146        0.000273534844398
  86985.832926        0.000273325986761
  87029.799707        0.000273117877728
  87073.766488        0.000272910513860
  87117.733268        0.000272703891727
  87161.700049        0.000272498007933
  87205.666830        0.000272292859108
  87249.633610        0.000272088441938
  87293.600391        0.000271884753173
  87337.567171        0.000271681789602
  87381.533952        0.000271479548045
  87425.500733        0.000271278025327
  87469.467513        0.000271077218250
  87513.434294        0.000270877123598
  87557.401075        0.000270677738135
  87601.367855        0.000270479058643
  87645.334636        0.000270281081933
  87689.301417        0.000270083804869
  87733.268197        0.000269887224375
  87777.234978        0.000269691337424
  87821.201759        0.000269496141021
  87865.168539        0.000269301632186
  87909.135320        0.000269107807911
  87953.102101        0.000268914665175
  87997.068881        0.000268722200932
  88041.035662        0.000268530412139
  88085.002443        0.000268339295777
  88128.969223        0.000268148848869
  88172.936004        0.000267959068500
  88216.902785        0.000267769951826
  88260.869565        0.000267581496015
  88304.836346        0.000267393698260
  88348.803127        0.000267206555736
  88392.769907        0.000267020065600
  88436.736688        0.000266834224978
  88480.703468        0.000266649031009
  88524.670249        0.000266464480822
  88568.637030        0.000266280571609
  88612.603810        0.000266097300601
  88656.570591        0.000265914665081
  88700.537372        0.000265732662389
  88744.504152        0.000265551289863
  88788.470933        0.000265370544862
  88832.437714        0.000265190424705
  88876.404494        0.000265010926701
  88920.371275        0.000264832048135
  88964.338056        0.000264653786302
  89008.304836        0.000264476138513
  89052.271617        0.000264299102148
  89096.238398        0.000264122674629
  89140.205178        0.000263946853433
  89184.171959        0.000263771636067
  89228.138740        0.000263597020035
  89272.105520        0.000263423002829
  89316.072301        0.000263249581903
  89360.039082        0.000263076754690
  89404.005862        0.000262904518623
  89447.972643        0.000262732871163
  89491.939424        0.000262561809808
  89535.906204        0.000262391332111
  89579.872985        0.000262221435689
  89623.839766        0.000262052118180
  89667.806546        0.000261883377226
  89711.773327        0.000261715210462
  89755.740107        0.000261547615499
  89799.706888        0.000261380589917
  89843.673669        0.000261214131292
  89887.640449        0.000261048237199
  89931.607230        0.000260882905264
  89975.574011        0.000260718133155
  90019.540791        0.000260553918602
  90063.507572        0.000260390259365
  90107.474353        0.000260227153228
  90151.441133        0.000260064597969
  90195.407914        0.000259902591336
  90239.374695        0.000259741131044
  90283.341475        0.000259580214789
  90327.308256        0.000259419840280
  90371.275037        0.000259260005246
  90415.241817        0.000259100707470
  90459.208598        0.000258941944792
  90503.175379        0.000258783715089
  90547.142159        0.000258626016273
  90591.108940        0.000258468846250
  90635.075721        0.000258312202889
  90679.042501        0.000258156084038
  90723.009282        0.000258000487519
  90766.976063        0.000257845411153
  90810.942843        0.000257690852785
  90854.909624        0.000257536810301
  90898.876404        0.000257383281640
  90942.843185        0.000257230264784
  90986.809966        0.000257077757750
  91030.776746        0.000256925758548
  91074.743527        0.000256774265183
  91118.710308        0.000256623275631
  91162.677088        0.000256472787837
  91206.643869        0.000256322799732
  91250.610650        0.000256173309254
  91294.577430        0.000256024314386
  91338.544211        0.000255875813149
  91382.510992        0.000255727803631
  91426.477772        0.000255580283947
  91470.444553        0.000255433252233
  91514.411334        0.000255286706604
  91558.378114        0.000255140645149
  91602.344895        0.000254995065920
  91646.311676        0.000254849966965
  91690.278456        0.000254705346322
  91734.245237        0.000254561202049
  91778.212018        0.000254417532266
  91822.178798        0.000254274335147
  91866.145579        0.000254131608899
  91910.112360        0.000253989351751
  91954.079140        0.000253847561940
  91998.045921        0.000253706237660
  92042.012702        0.000253565377073
  92085.979482        0.000253424978312
  92129.946263        0.000253285039518
  92173.913043        0.000253145558846
  92217.879824        0.000253006534501
  92261.846605        0.000252867964717
  92305.813385        0.000252729847778
  92349.780166        0.000252592182019
  92393.746947        0.000252454965761
  92437.713727        0.000252318197311
  92481.680508        0.000252181874938
  92525.647289        0.000252045996880
  92569.614069        0.000251910561370
  92613.580850        0.000251775566646
  92657.547631        0.000251641010968
  92701.514411        0.000251506892661
  92745.481192        0.000251373210091
  92789.447973        0.000251239961666
  92833.414753        0.000251107145801
  92877.381534        0.000250974760900
  92921.348315        0.000250842805329
  92965.315095        0.000250711277436
  93009.281876        0.000250580175515
  93053.248657        0.000250449497887
  93097.215437        0.000250319242891
  93141.182218        0.000250189408916
  93185.148999        0.000250059994408
  93229.115779        0.000249930997858
  93273.082560        0.000249802417758
  93317.049340        0.000249674252599
  93361.016121        0.000249546500839
  93404.982902        0.000249419160908
  93448.949682        0.000249292231200
  93492.916463        0.000249165710114
  93536.883244        0.000249039596050
  93580.850024        0.000248913887473
  93624.816805        0.000248788582866
  93668.783586        0.000248663680801
  93712.750366        0.000248539179840
  93756.717147        0.000248415078567
  93800.683928        0.000248291375517
  93844.650708        0.000248168069218
  93888.617489        0.000248045158144
  93932.584270        0.000247922640775
  93976.551050        0.000247800515580
  94020.517831        0.000247678781070
  94064.484612        0.000247557435804
  94108.451392        0.000247436478395
  94152.418173        0.000247315907486
  94196.384954        0.000247195721728
  94240.351734        0.000247075919763
  94284.318515        0.000246956500186
  94328.285296        0.000246837461553
  94372.252076        0.000246718802412
  94416.218857        0.000246600521303
  94460.185638        0.000246482616796
  94504.152418        0.000246365087506
  94548.119199        0.000246247932106
  94592.085979        0.000246131149288
  94636.052760        0.000246014737767
  94680.019541        0.000245898696251
  94723.986321        0.000245783023424
  94767.953102        0.000245667717927
  94811.919883        0.000245552778379
  94855.886663        0.000245438203377
  94899.853444        0.000245323991558
  94943.820225        0.000245210141591
  94987.787005        0.000245096652181
  95031.753786        0.000244983522097
  95075.720567        0.000244870750129
  95119.687347        0.000244758335053
  95163.654128        0.000244646275622
  95207.620909        0.000244534570547
  95251.587689        0.000244423218499
  95295.554470        0.000244312218159
  95339.521251        0.000244201568206
  95383.488031        0.000244091267349
  95427.454812        0.000243981314351
  95471.421593        0.000243871708006
  95515.388373        0.000243762447165
  95559.355154        0.000243653530686
  95603.321935        0.000243544957402
  95647.288715        0.000243436726087
  95691.255496        0.000243328835504
  95735.222277        0.000243221284365
  95779.189057        0.000243114071418
  95823.155838        0.000243007195420
  95867.122618        0.000242900655166
  95911.089399        0.000242794449520
  95955.056180        0.000242688577367
  95999.022960        0.000242583037611
  96042.989741        0.000242477829142
  96086.956522        0.000242372950818
  96130.923302        0.000242268401451
  96174.890083        0.000242164179843
  96218.856864        0.000242060284782
  96262.823644        0.000241956715063
  96306.790425        0.000241853469521
  96350.757206        0.000241750547047
  96394.723986        0.000241647946575
  96438.690767        0.000241545667069
  96482.657548        0.000241443707484
  96526.624328        0.000241342066729
  96570.591109        0.000241240743709
  96614.557890        0.000241139737289
  96658.524670        0.000241039046306
  96702.491451        0.000240938669602
  96746.458232        0.000240838606074
  96790.425012        0.000240738854653
  96834.391793        0.000240639414304
  96878.358574        0.000240540284036
  96922.325354        0.000240441462830
  96966.292135        0.000240342949681
  97010.258915        0.000240244743511
  97054.225696        0.000240146843227
  97098.192477        0.000240049247699
  97142.159257        0.000239951955811
  97186.126038        0.000239854966489
  97230.092819        0.000239758278711
  97274.059599        0.000239661891503
  97318.026380        0.000239565803955
  97361.993161        0.000239470015118
  97405.959941        0.000239374524056
  97449.926722        0.000239279329781
  97493.893503        0.000239184431266
  97537.860283        0.000239089827439
  97581.827064        0.000238995517226
  97625.793845        0.000238901499554
  97669.760625        0.000238807773396
  97713.727406        0.000238714337758
  97757.694187        0.000238621191731
  97801.660967        0.000238528334402
  97845.627748        0.000238435764880
  97889.594529        0.000238343482227
  97933.561309        0.000238251485498
  97977.528090        0.000238159773690
  98021.494871        0.000238068345742
  98065.461651        0.000237977200694
  98109.428432        0.000237886337598
  98153.395213        0.000237795755559
  98197.361993        0.000237705453678
  98241.328774        0.000237615431085
  98285.295554        0.000237525686924
  98329.262335        0.000237436220358
  98373.229116        0.000237347030447
  98417.195896        0.000237258116209
  98461.162677        0.000237169476650
  98505.129458        0.000237081110761
  98549.096238        0.000236993017562
  98593.063019        0.000236905196119
  98637.029800        0.000236817645562
  98680.996580        0.000236730365077
  98724.963361        0.000236643353841
  98768.930142        0.000236556611002
  98812.896922        0.000236470135709
  98856.863703        0.000236383927073
  98900.830484        0.000236297984233
  98944.797264        0.000236212306332
  98988.764045        0.000236126892492
  99032.730826        0.000236041741874
  99076.697606        0.000235956853713
  99120.664387        0.000235872227235
  99164.631168        0.000235787861611
  99208.597948        0.000235703756036
  99252.564729        0.000235619909654
  99296.531510        0.000235536321480
  99340.498290        0.000235452990429
  99384.465071        0.000235369915461
  99428.431851        0.000235287095662
  99472.398632        0.000235204530177
  99516.365413        0.000235122218131
  99560.332193        0.000235040158864
  99604.298974        0.000234958351906
  99648.265755        0.000234876796649
  99692.232535        0.000234795492336
  99736.199316        0.000234714438277
  99780.166097        0.000234633633826
  99824.132877        0.000234553078353
  99868.099658        0.000234472771063
  99912.066439        0.000234392710815
  99956.033219        0.000234312896466
 100000.000000        0.000234233327173
