  10000.000000        2.724973382045361
  10043.966781        2.745673870152630
  10087.933561        2.766494146128443
  10131.900342        2.787435551184805
  10175.867123        2.808499187329541
  10219.833903        2.829685459263983
  10263.800684        2.850995098623784
  10307.767465        2.872429527436550
  10351.734245        2.893989787974919
  10395.701026        2.915676278873729
  10439.667807        2.937489863394777
  10483.634587        2.959432028041657
  10527.601368        2.981503747872695
  10571.568149        3.003705436140225
  10615.534929        3.026038096597787
  10659.501710        3.048503262361857
  10703.468490        3.071101837401799
  10747.435271        3.093834271275906
  10791.402052        3.116701713240922
  10835.368832        3.139705723454365
  10879.335613        3.162847135541572
  10923.302394        3.186126458473028
  10967.269174        3.209544987748969
  11011.235955        3.233104291083873
  11055.202736        3.256805135947489
  11099.169516        3.280648114224488
  11143.136297        3.304634664780164
  11187.103078        3.328766343608586
  11231.069858        3.353043861639978
  11275.036639        3.377467915653736
  11319.003420        3.402040080247002
  11362.970200        3.426761881304908
  11406.936981        3.451633986478813
  11450.903762        3.476657218914457
  11494.870542        3.501833277843799
  11538.837323        3.527163644027881
  11582.804104        3.552648958816145
  11626.770884        3.578290190088862
  11670.737665        3.604089146571172
  11714.704446        3.630047250708719
  11758.671226        3.656165138669385
  11802.638007        3.682443939171078
  11846.604787        3.708885552811954
  11890.571568        3.735491334356975
  11934.538349        3.762261938632155
  11978.505129        3.789198666782259
  12022.471910        3.816303491194870
  12066.438691        3.843577694056511
  12110.405471        3.871021974943302
  12154.372252        3.898637814886104
  12198.339033        3.926427236510056
  12242.305813        3.954391449262169
  12286.272594        3.982531224544805
  12330.239375        4.010848226788312
  12374.206155        4.039344506387662
  12418.172936        4.068021204898602
  12462.139717        4.096879193867052
  12506.106497        4.125920319504246
  12550.073278        4.155146637514272
  12594.040059        4.184559231492372
  12638.006839        4.214159100325752
  12681.973620        4.243948265442373
  12725.940401        4.273928767792907
  12769.907181        4.304101648011178
  12813.873962        4.334468058178822
  12857.840743        4.365030183990575
  12901.807523        4.395790033197671
  12945.774304        4.426748622917322
  12989.741085        4.457907282357177
  13033.707865        4.489268346387584
  13077.674646        4.520833773940026
  13121.641426        4.552604582896204
  13165.608207        4.584582299839448
  13209.574988        4.616769389886514
  13253.541768        4.649167752603952
  13297.508549        4.681778434790874
  13341.475330        4.714603176435313
  13385.442110        4.747644551077625
  13429.408891        4.780904392921709
  13473.375672        4.814383807677522
  13517.342452        4.848084760182632
  13561.309233        4.882009909423614
  13605.276014        4.916161023357734
  13649.242794        4.950539299714365
  13693.209575        4.985146934825279
  13737.176356        5.019986648250371
  13781.143136        5.055060146391904
  13825.109917        5.090368752453412
  13869.076698        5.125914895649618
  13913.043478        5.161701331630230
  13957.010259        5.197729716683599
  14000.977040        5.234001532891712
  14044.943820        5.270519437339258
  14088.910601        5.307286199404396
  14132.877382        5.344303441895101
  14176.844162        5.381572837873281
  14220.810943        5.419097263655498
  14264.777723        5.456879480893408
  14308.744504        5.494921102244007
  14352.711285        5.533224021833388
  14396.678065        5.571791320565716
  14440.644846        5.610625735604053
  14484.611627        5.649728897135435
  14528.578407        5.689102946407326
  14572.545188        5.728751150002831
  14616.511969        5.768676208530024
  14660.478749        5.808879802236940
  14704.445530        5.849364342228311
  14748.412311        5.890133259024419
  14792.379091        5.931189209410960
  14836.345872        5.972533960557613
  14880.312653        6.014170209814388
  14924.279433        6.056101527358980
  14968.246214        6.098330526239794
  15012.212995        6.140859099602816
  15056.179775        6.183690243392503
  15100.146556        6.226827640942450
  15144.113337        6.270273866699498
  15188.080117        6.314030980162740
  15232.046898        6.358102281794711
  15276.013679        6.402491543663453
  15319.980459        6.447201315060997
  15363.947240        6.492233863318669
  15407.914021        6.537592792460789
  15451.880801        6.583281938205424
  15495.847582        6.629303844702694
  15539.814362        6.675661027658185
  15583.781143        6.722357389067946
  15627.747924        6.769396807066823
  15671.714704        6.816781848294329
  15715.681485        6.864515314534544
  15759.648266        6.912601393765595
  15803.615046        6.961043988737201
  15847.581827        7.009845721246849
  15891.548608        7.059009715089871
  15935.515388        7.108540427959558
  15979.482169        7.158441775070832
  16023.448950        7.208716473319077
  16067.415730        7.259367998812414
  16111.382511        7.310401058963541
  16155.349292        7.361819574889430
  16199.316072        7.413626402558377
  16243.282853        7.465825395742733
  16287.249634        7.518421488660303
  16331.216414        7.571418609701313
  16375.183195        7.624819802186827
  16419.149976        7.678629317604030
  16463.116756        7.732852292060476
  16507.083537        7.787492669908680
  16551.050318        7.842553732870861
  16595.017098        7.898040144117470
  16638.983879        7.953957217457802
  16682.950660        8.010308930658898
  16726.917440        8.067098855880937
  16770.884221        8.124332074680131
  16814.851001        8.182014055418062
  16858.817782        8.240148834917274
  16902.784563        8.298740327457431
  16946.751343        8.357794033794429
  16990.718124        8.417315557385233
  17034.684905        8.477309028436187
  17078.651685        8.537778754612043
  17122.618466        8.598730651486031
  17166.585247        8.660170442184528
  17210.552027        8.722102392124206
  17254.518808        8.784531249509500
  17298.485589        8.847463334783534
  17342.452369        8.910904481685497
  17386.419150        8.974859141528801
  17430.385931        9.039332547911629
  17474.352711        9.104331411301247
  17518.319492        9.169861673794978
  17562.286273        9.235928028713046
  17606.253053        9.302536234008606
  17650.219834        9.369693374317480
  17694.186615        9.437405506959252
  17738.153395        9.505677629758386
  17782.120176        9.574516058723550
  17826.086957        9.643928233643864
  17870.053737        9.713920343461499
  17914.020518        9.784497756622411
  17957.987298        9.855667375140301
  18001.954079        9.927436976316740
  18045.920860        9.999812907221028
  18089.887640       10.072800975993939
  18133.854421       10.146408692067055
  18177.821202       10.220644154590095
  18221.787982       10.295513906549806
  18265.754763       10.371024266900490
  18309.721544       10.447183367815327
  18353.688324       10.523999618646053
  18397.655105       10.601479805696211
  18441.621886       10.679630829853194
  18485.588666       10.758461455665525
  18529.555447       10.837980396007881
  18573.522228       10.918194739894348
  18617.489008       10.999112039550745
  18661.455789       11.080741697307911
  18705.422570       11.163092732377285
  18749.389350       11.246172604989875
  18793.356131       11.329989586092914
  18837.322912       11.414553716978972
  18881.289692       11.499874334593049
  18925.256473       11.585959349356704
  18969.223254       11.672817815119990
  19013.190034       11.760460411741636
  19057.156815       11.848896815737838
  19101.123596       11.938135474223118
  19145.090376       12.028186283294673
  19189.057157       12.119060561024588
  19233.023937       12.210768358934789
  19276.990718       12.303318755496946
  19320.957499       12.396722543798496
  19364.924279       12.490991681925896
  19408.891060       12.586136645218531
  19452.857841       12.682167243789303
  19496.824621       12.779095218541176
  19540.791402       12.876933172582135
  19584.758183       12.975692067575666
  19628.724963       13.075382550733844
  19672.691744       13.176017357070425
  19716.658525       13.277609746765858
  19760.625305       13.380171246225043
  19804.592086       13.483713449010299
  19848.558867       13.588250127020258
  19892.525647       13.693795218936200
  19936.492428       13.800360909026672
  19980.459209       13.907959848973787
  20024.425989       14.016606887766459
  20068.392770       14.126316675361364
  20112.359551       14.237102162789567
  20156.326331       14.348977172611029
  20200.293112       14.461957670827132
  20244.259893       14.576059065787939
  20288.226673       14.691295199364813
  20332.193454       14.807681178264250
  20376.160234       14.925234127306435
  20420.127015       15.043970276295147
  20464.093796       15.163904496986007
  20508.060576       15.285053294993928
  20552.027357       15.407435000214772
  20595.994138       15.531066746234465
  20639.960918       15.655964587034326
  20683.927699       15.782146541466320
  20727.894480       15.909632196187522
  20771.861260       16.038439692232064
  20815.828041       16.168586433133711
  20859.794822       16.300092067359831
  20903.761602       16.432977502225910
  20947.728383       16.567262011362562
  20991.695164       16.702964526756393
  21035.661944       16.840106444873435
  21079.628725       16.978710071093936
  21123.595506       17.118795963050594
  21167.562286       17.260384773961949
  21211.529067       17.403499770136936
  21255.495848       17.548164750146775
  21299.462628       17.694401732025465
  21343.429409       17.842233295980371
  21387.396190       17.991684707438242
  21431.362970       18.142781375663731
  21475.329751       18.295546983491484
  21519.296532       18.450006254605945
  21563.263312       18.606186593225615
  21607.230093       18.764115163972495
  21651.196873       18.923817548893727
  21695.163654       19.085320846958549
  21739.130435       19.248654753361976
  21783.097215       19.413848362420396
  21827.063996       19.580929420084473
  21871.030777       19.749927647479353
  21914.997557       19.920875202919976
  21958.964338       20.093803321809347
  22002.931119       20.268742211051507
  22046.897899       20.445724477507454
  22090.864680       20.624784937816770
  22134.831461       20.805957220029480
  22178.798241       20.989274323486981
  22222.765022       21.174772026704773
  22266.731803       21.362488032486340
  22310.698583       21.552458659963818
  22354.665364       21.744720069351690
  22398.632145       21.939311519538531
  22442.598925       22.136273864187764
  22486.565706       22.335646464031324
  22530.532487       22.537469049863294
  22574.499267       22.741784702034067
  22618.466048       22.948637737373137
  22662.432829       23.158070966360000
  22706.399609       23.370128143807872
  22750.366390       23.584856550912260
  22794.333170       23.802304335770188
  22838.299951       24.022518232832056
  22882.266732       24.245546526087217
  22926.233512       24.471441124367857
  22970.200293       24.700254442898942
  23014.167074       24.932037686278473
  23058.133854       25.166844229275441
  23102.100635       25.404731093692039
  23146.067416       25.645755478227262
  23190.034196       25.889973688632846
  23234.000977       26.137444820339319
  23277.967758       26.388231565746242
  23321.934538       26.642396517079426
  23365.901319       26.900001804999640
  23409.868100       27.161112954862457
  23453.834880       27.425798976812295
  23497.801661       27.694128577044225
  23541.768442       27.966170543257256
  23585.735222       28.241997634904781
  23629.702003       28.521685934993219
  23673.668784       28.805311115601491
  23717.635564       29.092949579074393
  23761.602345       29.384682238857806
  23805.569126       29.680593139377844
  23849.535906       29.980765922791882
  23893.502687       30.285285709281567
  23937.469468       30.594242625830358
  23981.436248       30.907729728931173
  24025.403029       31.225839817496510
  24069.369809       31.548668006396582
  24113.336590       31.876314865213544
  24157.303371       32.208883709667802
  24201.270151       32.546477896911895
  24245.236932       32.889204020300816
  24289.203713       33.237174534094983
  24333.170493       33.590504502145954
  24377.137274       33.949309499477870
  24421.104055       34.313709331219115
  24465.070835       34.683830035987746
  24509.037616       35.059800208339652
  24553.004397       35.441749611510446
  24596.971177       35.829813302081966
  24640.937958       36.224132926030620
  24684.904739       36.624852751766760
  24728.871519       37.032119077910387
  24772.838300       37.446084628637905
  24816.805081       37.866909083455191
  24860.771861       38.294754974522625
  24904.738642       38.729787945898778
  24948.705423       39.172181274723691
  24992.672203       39.622115605049622
  25036.638984       40.079774875984171
  25080.605765       40.545347463212920
  25124.572545       41.019030671385416
  25168.539326       41.501029677484674
  25212.506106       41.991553664468640
  25256.472887       42.490817845400997
  25300.439668       42.999047776686659
  25344.406448       43.516477550011992
  25388.373229       44.043346306563102
  25432.340010       44.579901118294373
  25476.306790       45.126400979726611
  25520.273571       45.683114321605153
  25564.240352       46.250316081552569
  25608.207132       46.828291389552760
  25652.173913       47.417339111194529
  25696.140694       48.017768797254952
  25740.107474       48.629898476318971
  25784.074255       49.254059071428145
  25828.041036       49.890597393148873
  25872.007816       50.539872673951990
  25915.974597       51.202255243879485
  25959.941378       51.878131588580708
  26003.908158       52.567906725961599
  26047.874939       53.272000513439096
  26091.841720       53.990847354907913
  26135.808500       54.724901808292401
  26179.775281       55.474640324712041
  26223.742062       56.240557558865056
  26267.708842       57.023167252622166
  26311.675623       57.823008307727413
  26355.642404       58.640645928301495
  26399.609184       59.476668210980272
  26443.575965       60.331688357065580
  26487.542745       61.206351158841848
  26531.509526       62.101333666381343
  26575.476307       63.017342398704642
  26619.443087       63.955117062355683
  26663.409868       64.915437464756650
  26707.376649       65.899123942674265
  26751.343429       66.907035626727946
  26795.310210       67.940075914707833
  26839.276991       68.999199946922019
  26883.243771       70.085415207146468
  26927.210552       71.199781424992423
  26971.177333       72.343418198352566
  27015.144113       73.517513389232050
  27059.110894       74.723324588018571
  27103.077675       75.962181512671862
  27147.044455       77.235496476055872
  27191.011236       78.544774465546226
  27234.978017       79.891616657181928
  27278.944797       81.277726695662793
  27322.911578       82.704925313678032
  27366.878359       84.175163647627031
  27410.845139       85.690530924605341
  27454.811920       87.253267070053312
  27498.778701       88.865784066966512
  27542.745481       90.530685661422396
  27586.712262       92.250783277638618
  27630.679043       94.029119687375243
  27674.645823       95.869002502300887
  27718.612604       97.774036923336283
  27762.579384       99.748158230264437
  27806.546165      101.795676503788016
  27850.512946      103.921334218758801
  27894.479726      106.130366974566755
  27938.446507      108.428571296454109
  27982.413288      110.822393503023591
  28026.380068      113.319040101967332
  28070.346849      115.926602945557505
  28114.313630      118.654208800674255
  28158.280410      121.512211458940769
  28202.247191      124.512430863977571
  28246.213972      127.668441554552672
  28290.180752      130.995933553492733
  28334.147533      134.513178464334231
  28378.114314      138.241624823906477
  28422.081094      142.206656504895733
  28466.047875      146.438582383473033
  28510.014656      150.973950791358789
  28553.981436      155.857301627789269
  28597.948217      161.143525838409829
  28641.914998      166.901104635898292
  28685.881778      173.216630723737637
  28729.848559      180.201208073605102
  28773.815340      187.999676185130738
  28817.782120      196.804196672286565
  28861.748901      206.874717735526076
  28905.715681      218.570548608801545
  28949.682462      232.400431479212131
  28993.649243      249.104421958112397
  29037.616023      269.792361151970226
  29081.582804      296.186818950097233
  29125.549585      331.066411466798627
  29169.516365      379.106931042660563
  29213.483146      448.526598530148249
  29257.449927      554.291450376616126
  29301.416707      723.537143485852994
  29345.383488      997.611006070985468
  29389.350269     1384.533019769784914
  29433.317049     1678.413999218194476
  29477.283830     1601.151854629193394
  29521.250611     1343.709015232293041
  29565.217391     1114.796747281380249
  29609.184172      959.061775232020636
  29653.150953      874.340764391712241
  29697.117733      809.647231999729456
  29741.084514      742.632125810490948
  29785.051295      687.096554141338402
  29829.018075      651.316252579517482
  29872.984856      629.285605330984708
  29916.951637      614.946838103146206
  29960.918417      607.853520980492021
  30004.885198      609.837955391574155
  30048.851979      613.993525916114095
  30092.818759      613.596606401830286
  30136.785540      614.719818001018552
  30180.752320      626.633106535341312
  30224.719101      650.806515845250942
  30268.685882      689.562696379219005
  30312.652662      736.556802568024750
  30356.619443      777.669967476534566
  30400.586224      824.530549309199046
  30444.553004      878.690742092994014
  30488.519785      916.800946633429930
  30532.486566      942.960907636592992
  30576.453346      975.183320757481283
  30620.420127     1017.092809684183749
  30664.386908     1054.517005487010010
  30708.353688     1087.454931082485018
  30752.320469     1130.536139002966593
  30796.287250     1190.390914699082032
  30840.254030     1270.396926320785269
  30884.220811     1371.884976339919831
  30928.187592     1496.985837128801677
  30972.154372     1648.023528309330459
  31016.121153     1830.156462773304838
  31060.087934     2053.152776139508660
  31104.054714     2306.125061294726947
  31148.021495     2581.262426052314822
  31191.988276     2918.099256789117135
  31235.955056     3356.344738947671431
  31279.921837     3935.714111565423082
  31323.888617     4711.673153162933886
  31367.855398     5767.093870393987345
  31411.822179     7244.587585845748436
  31455.788959     9390.881886301991472
  31499.755740    12640.290355251147048
  31543.722521    17788.716744382272736
  31587.689301    26288.055166522481159
  31631.656082    40326.204191082608304
  31675.622863    60027.945221025940555
  31719.589643    72958.118136589473579
  31763.556424    63205.695947000727756
  31807.523205    44239.518693055782933
  31851.489985    29758.320398036801635
  31895.456766    20787.899189807012590
  31939.423547    15460.213475259093684
  31983.390327    12308.706323596717993
  32027.357108    10464.947645585090868
  32071.323889     9347.821055010934288
  32115.290669     8584.663479214843392
  32159.257450     7744.870202442873961
  32203.224231     6676.697829807803828
  32247.191011     5778.856695450052030
  32291.157792     5214.694665492052991
  32335.124573     4830.510874052072722
  32379.091353     4502.981320264840178
  32423.058134     4278.084741868814490
  32467.024915     4271.640100549437193
  32510.991695     4557.681734824449450
  32554.958476     5196.330799382611076
  32598.925256     6151.224263641571270
  32642.892037     7383.458827619773729
  32686.858818     9239.752514793253795
  32730.825598    11513.038976180538157
  32774.792379    12705.806299073208720
  32818.759160    12114.468395330675776
  32862.725940    10974.401483986937819
  32906.692721    10322.011717853707523
  32950.659502     9366.241057285862553
  32994.626282     7931.412351545932324
  33038.593063     6820.226974621546105
  33082.559844     6260.527336716852005
  33126.526624     6177.794103794335570
  33170.493405     6637.873491945972091
  33214.460186     7691.406669220696131
  33258.426966     9119.496631114381671
  33302.393747    10750.392330056067294
  33346.360528    12854.277091683587059
  33390.327308    13809.658486170610558
  33434.294089    11918.255311177579642
  33478.260870     9374.666754057407161
  33522.227650     7698.492012759392310
  33566.194431     6877.660610801295661
  33610.161212     6681.909851726035413
  33654.127992     6960.469996743611773
  33698.094773     7662.710061135147953
  33742.061553     8843.291863651083986
  33786.028334    10630.797596253545635
  33829.995115    13231.672668523286120
  33873.961895    17222.458837828256947
  33917.928676    23748.723126161803521
  33961.895457    34173.100253138363769
  34005.862237    49353.761901920166565
  34049.829018    66438.326430482382420
  34093.795799    69899.089063067003735
  34137.762579    54399.119363486890506
  34181.729360    37241.615615955481189
  34225.696141    25738.863474462068552
  34269.662921    18927.365197869134136
  34313.629702    14973.634573024031852
  34357.596483    12750.946837054059870
  34401.563263    11538.270674340254118
  34445.530044    10688.911888904529405
  34489.496825     9795.241607743117129
  34533.463605     8669.896304742827851
  34577.430386     7527.216099349628166
  34621.397167     6605.525392267868483
  34665.363947     5914.190330720715792
  34709.330728     5403.089330972064090
  34753.297509     5030.098125824079034
  34797.264289     4871.523437850160008
  34841.231070     5018.280533620021743
  34885.197851     5521.919536910028000
  34929.164631     6382.811854315927121
  34973.131412     7511.600782408173473
  35017.098192     8984.934674362257283
  35061.064973    10921.545779166441207
  35105.031754    12568.251618351709112
  35148.998534    12753.876768963134964
  35192.965315    11617.339130485614078
  35236.932096    10545.410962208714409
  35280.898876     9817.826008178402844
  35324.865657     8605.212216819551031
  35368.832438     7265.509801246637835
  35412.799218     6426.231714887581802
  35456.765999     6106.279220471003100
  35500.732780     6260.976937303188606
  35544.699560     6960.981794002100287
  35588.666341     8209.302684496346046
  35632.633122     9646.228578667243710
  35676.599902    11170.401402316190797
  35720.566683    12743.481710129824933
  35764.533464    12346.750342466533766
  35808.500244     9844.733076037213323
  35852.467025     7554.174268566821411
  35896.433806     6141.306740170810372
  35940.400586     5414.386474874088890
  35984.367367     5163.368892804874122
  36028.334148     5260.465363772568708
  36072.300928     5654.537202457153398
  36116.267709     6359.639049620283004
  36160.234489     7420.277416861774327
  36204.201270     8968.493750971720146
  36248.168051    11426.377081074288071
  36292.134831    15425.382553947745691
  36336.101612    21283.155640893037344
  36380.068393    28712.933802567989915
  36424.035173    34791.947977985924808
  36468.001954    32083.136123488497105
  36511.968735    23463.347952752468700
  36555.935515    16279.984480151928437
  36599.902296    11833.717355099939596
  36643.869077     9285.991681143130336
  36687.835857     7853.128496417729366
  36731.802638     7103.745448427962401
  36775.769419     6668.606751483189328
  36819.736199     6217.730181249708039
  36863.702980     5621.163314251363772
  36907.669761     4955.504177478396741
  36951.636541     4364.070264931317070
  36995.603322     3855.755523749744498
  37039.570103     3455.278022467261053
  37083.536883     3173.969449046372119
  37127.503664     3006.646003227147048
  37171.470445     2993.162343614612382
  37215.437225     3165.161413611960597
  37259.404006     3534.043649148993609
  37303.370787     4058.488133766064948
  37347.337567     4697.596243654048521
  37391.304348     5506.901615626915373
  37435.271128     6348.618936420722093
  37479.237909     6759.852892074142801
  37523.204690     6452.867885614671650
  37567.171470     5777.530657195676213
  37611.138251     5304.237893361553688
  37655.105032     4861.359604201612456
  37699.071812     4206.141645649451675
  37743.038593     3650.486200785405345
  37787.005374     3372.650413263109385
  37830.972154     3338.416961714908666
  37874.938935     3547.241913746971932
  37918.905716     4032.038536503527212
  37962.872496     4743.093425341572583
  38006.839277     5419.027089332445939
  38050.806058     6077.646267424074722
  38094.772838     6481.568911398129785
  38138.739619     5742.878497040172988
  38182.706400     4465.185647695263469
  38226.673180     3502.020990386213271
  38270.639961     2925.712632712461073
  38314.606742     2630.312310673792581
  38358.573522     2529.091939892688060
  38402.540303     2569.995213698907719
  38446.507084     2729.105739337886462
  38490.473864     3005.086219722021269
  38534.440645     3412.262716812674626
  38578.407426     4025.109321092146729
  38622.374206     5017.365763556882484
  38666.340987     6557.113905804407295
  38710.307767     8553.731027013414860
  38754.274548    10740.732159241621048
  38798.241329    11645.527777495171904
  38842.208109     9692.680345807615595
  38886.174890     6985.789632410231206
  38930.141671     5077.524307605629474
  38974.108451     3964.483541184356909
  39018.075232     3348.028483013785717
  39062.042013     3019.493011944641239
  39106.008793     2854.086655460991551
  39149.975574     2721.546389609708058
  39193.942355     2530.029440633879858
  39237.909135     2278.403294559897859
  39281.875916     2036.218317088078265
  39325.842697     1825.083462526132735
  39369.809477     1636.919687072986335
  39413.776258     1496.395333658336995
  39457.743039     1407.415984896735154
  39501.709819     1371.103861327873119
  39545.676600     1397.014365103834962
  39589.643381     1492.180187505447975
  39633.610161     1652.507153287403071
  39677.576942     1849.003447223271905
  39721.543723     2079.020359061328236
  39765.510503     2340.446528590799062
  39809.477284     2531.384274714197090
  39853.444064     2533.727000065142420
  39897.410845     2343.601231124937385
  39941.377626     2123.390767773560128
  39985.344406     1980.697662113367642
  40029.311187     1808.169192143111331
  40073.277968     1604.310059815644308
  40117.244748     1470.619897379788426
  40161.211529     1427.981230608646001
  40205.178310     1465.069600140636339
  40249.145090     1584.969394712772100
  40293.111871     1795.108886787698111
  40337.078652     2044.866309708876088
  40381.045432     2231.387708954262962
  40425.012213     2389.162364282388353
  40468.978994     2361.287799127047037
  40512.945774     2004.364382712650240
  40556.912555     1624.445117569234299
  40600.879336     1370.596521765816078
  40644.846116     1223.107268354379357
  40688.812897     1152.065567942927146
  40732.779678     1134.400208965274715
  40776.746458     1155.468198184634957
  40820.713239     1208.179535672827114
  40864.680020     1291.584815402197819
  40908.646800     1412.884229464233840
  40952.613581     1599.528181348257021
  40996.580362     1894.770795137011874
  41040.547142     2312.495643971451955
  41084.513923     2784.373891526970965
  41128.480703     3208.702574422861744
  41172.447484     3139.298434589140470
  41216.414265     2537.195053436739272
  41260.381045     1965.934117266212070
  41304.347826     1607.975319915312411
  41348.314607     1413.842586457666584
  41392.281387     1314.621692261044473
  41436.248168     1267.930457977658079
  41480.214949     1242.668123074686491
  41524.181729     1209.441870924281375
  41568.148510     1156.113946267154233
  41612.115291     1096.067808735656172
  41656.082071     1046.362358255603112
  41700.048852     1001.915629641632108
  41744.015633      965.625567794721405
  41787.982413      945.921736277056880
  41831.949194      942.466776697826731
  41875.915975      956.050699496111633
  41919.882755      988.129945307607841
  41963.849536     1039.639300256953902
  42007.816317     1105.072587591899037
  42051.783097     1175.088798243868951
  42095.749878     1252.720108477606573
  42139.716659     1326.578670164564528
  42183.683439     1368.164597014483661
  42227.650220     1364.931637958483634
  42271.617000     1331.789044356515205
  42315.583781     1309.750824414136559
  42359.550562     1302.949156550442694
  42403.517342     1287.340472792809123
  42447.484123     1277.770941837903365
  42491.450904     1292.308391508088789
  42535.417684     1330.891925145758023
  42579.384465     1392.762396948872038
  42623.351246     1479.152668670846197
  42667.318026     1589.277714676215510
  42711.284807     1696.445170646960833
  42755.251588     1779.983479770306531
  42799.218368     1853.634052385539235
  42843.185149     1868.999436125276588
  42887.151930     1839.423801629022137
  42931.118710     1833.926718483185141
  42975.085491     1863.687311784116673
  43019.052272     1922.561523189418040
  43063.019052     2005.934599965201642
  43106.985833     2110.056988723649283
  43150.952614     2233.068321551008012
  43194.919394     2375.045856997834107
  43238.886175     2537.983716672730225
  43282.852956     2727.002974150258524
  43326.819736     2950.882458965027581
  43370.786517     3219.857785360914477
  43414.753298     3532.003982436981914
  43458.720078     3875.606486026882976
  43502.686859     4224.987215590589585
  43546.653639     4508.089349373828554
  43590.620420     4791.815644917151076
  43634.587201     5175.134285900576288
  43678.553981     5685.529166221878768
  43722.520762     6333.470232353340180
  43766.487543     7139.538350649032509
  43810.454323     8141.998508984685941
  43854.421104     9401.435980416727034
  43898.387885    11012.727177397973719
  43942.354665    13128.823747903850744
  43986.321446    15999.224068485231328
  44030.288227    20019.691962689797947
  44074.255007    25746.282498120152013
  44118.221788    33587.377827521500876
  44162.188569    43748.920074950176058
  44206.155349    58773.144618330428784
  44250.122130    83742.748884595726850
  44294.088911   123036.855160990220611
  44338.055691   175307.688113368116319
  44382.022472   216364.124020461662440
  44425.989253   198431.553398764517624
  44469.956033   145379.285219418263296
  44513.922814   104165.683542746308376
  44557.889595    82165.367152545732097
  44601.856375    72733.378974960607593
  44645.823156    64792.525443120473938
  44689.789936    53372.383563154049625
  44733.756717    42329.877870473021176
  44777.723498    34199.501359580535791
  44821.690278    29141.317884658208641
  44865.657059    26276.811819277263567
  44909.623840    24725.633166217172402
  44953.590620    24383.528871098758827
  44997.557401    25253.769929458456318
  45041.524182    26464.751794742933271
  45085.490962    28108.189855271932174
  45129.457743    31154.750747300608055
  45173.424524    33692.689508153191127
  45217.391304    35225.110182212090876
  45261.358085    37939.107555175760353
  45305.324866    41322.772621210599027
  45349.291646    45565.718580568631296
  45393.258427    50383.844404551346088
  45437.225208    50980.766947900832747
  45481.191988    45986.845510379214829
  45525.158769    40738.823993976060592
  45569.125550    37677.869712582949433
  45613.092330    34828.998143728953437
  45657.059111    31063.102586043336487
  45701.025892    27722.509939995012246
  45744.992672    25681.884456135670916
  45788.959453    24942.123934489034582
  45832.926234    24812.294178175448906
  45876.893014    25511.281803675377887
  45920.859795    28223.829361936448549
  45964.826575    33518.271943919229670
  46008.793356    40669.264185485342750
  46052.760137    45340.594287462139619
  46096.726917    41372.747388650335779
  46140.693698    33837.267196828273882
  46184.660479    28622.368262901964044
  46228.627259    26152.494028728662670
  46272.594040    25562.679597620066488
  46316.560821    25416.527694621887349
  46360.527601    25141.104328318764601
  46404.494382    25343.865488356699643
  46448.461163    26471.252843169488187
  46492.427943    28555.338558582705446
  46536.394724    32003.690099384275527
  46580.361505    38266.866824896307662
  46624.328285    49049.306563579710200
  46668.295066    65274.068492302263621
  46712.261847    84631.020836219293415
  46756.228627    92882.668203399996855
  46800.195408    78635.019982586600236
  46844.162189    59304.684651756302628
  46888.128969    46599.132130267338653
  46932.095750    40618.257185445581854
  46976.062531    38045.730492105169105
  47020.029311    34900.255799175938591
  47063.996092    30813.694009122998978
  47107.962872    26682.454132733884762
  47151.929653    23117.366374467150308
  47195.896434    20700.551225093026005
  47239.863214    19244.181480311075575
  47283.829995    18219.017497958939202
  47327.796776    17578.760046174993477
  47371.763556    17395.271653579849954
  47415.730337    17427.970997526434076
  47459.697118    17957.492487262927170
  47503.663898    18879.747433008873486
  47547.630679    19393.400281945028837
  47591.597460    20057.996734566077066
  47635.564240    21361.826091786831967
  47679.531021    22899.906038381850522
  47723.497802    24678.512997907793761
  47767.464582    25617.251095337785955
  47811.431363    24239.858043067859398
  47855.398144    21583.506242009341804
  47899.364924    19595.736081287090201
  47943.331705    18414.505544936240767
  47987.298486    17028.540644960448844
  48031.265266    15434.004970163370672
  48075.232047    14135.437217232618423
  48119.198828    13339.384042708237757
  48163.165608    12941.559370308712460
  48207.132389    12779.824051492456420
  48251.099170    13117.222710889098380
  48295.065950    14307.513568796877735
  48339.032731    16415.680710688655381
  48382.999511    18888.095510830891726
  48426.966292    19394.469289818782272
  48470.933073    16903.145065391690878
  48514.899853    14165.514458840010775
  48558.866634    12463.074765111769011
  48602.833415    11679.289911737827424
  48646.800195    11396.045894193339336
  48690.766976    11070.372223123153162
  48734.733757    10680.742166071991960
  48778.700537    10409.108217962015260
  48822.667318    10327.678081057934833
  48866.634099    10472.551966073171570
  48910.600879    11037.568866555902787
  48954.567660    12314.619447940198370
  48998.534441    14533.517769526590200
  49042.501221    17706.448151238819264
  49086.468002    20840.215290182652097
  49130.434783    20627.952512954609119
  49174.401563    17087.645238530389179
  49218.368344    13770.900708462038892
  49262.335125    11849.813150725163723
  49306.301905    11043.607823175994781
  49350.268686    10586.606226098920160
  49394.235467     9931.864388873857024
  49438.202247     9118.610014019915980
  49482.169028     8181.503665004415780
  49526.135809     7341.849060978712259
  49570.102589     6779.844780590799019
  49614.069370     6405.583123941501071
  49658.036150     6078.884603064797375
  49702.002931     5832.019137690381285
  49745.969712     5675.358720826179706
  49789.936492     5596.577494681965618
  49833.903273     5648.991496055045900
  49877.870054     5720.518341199732276
  49921.836834     5742.134225850942130
  49965.803615     5892.251027020271977
  50009.770396     6160.093084611634367
  50053.737176     6478.789170831859337
  50097.703957     6731.766225360376666
  50141.670738     6617.400641318080488
  50185.637518     6082.329553980732271
  50229.604299     5500.208991617876563
  50273.571080     5128.983536406857638
  50317.537860     4860.733546315656895
  50361.504641     4521.329853640640977
  50405.471422     4178.829788249622652
  50449.438202     3910.653718477024995
  50493.404983     3732.556705840286668
  50537.371764     3616.053321636267356
  50581.338544     3563.429932007845309
  50625.305325     3637.417232628094553
  50669.272106     3879.523902076779450
  50713.238886     4275.373708137249196
  50757.205667     4626.802998225146439
  50801.172447     4446.963005372118459
  50845.139228     3875.163816116154976
  50889.106009     3398.609998591683052
  50933.072789     3118.551450131215915
  50977.039570     2988.947942867343954
  51021.006351     2910.778837499050496
  51064.973131     2808.280509442381572
  51108.939912     2699.412719405706412
  51152.906693     2604.321482466689758
  51196.873473     2534.275513588548165
  51240.840254     2508.146002561309615
  51284.807035     2560.872788105462860
  51328.773815     2720.748689982633550
  51372.740596     3001.615780793743852
  51416.707377     3380.218100604853134
  51460.674157     3628.974086676212664
  51504.640938     3374.098814463917734
  51548.607719     2880.307227562373100
  51592.574499     2505.343509260515930
  51636.541280     2308.345821277899631
  51680.508061     2222.900702071657633
  51724.474841     2149.483062380329557
  51768.441622     2049.264808867568718
  51812.408403     1916.383349983198741
  51856.375183     1758.279735410210378
  51900.341964     1625.096019094962458
  51944.308745     1535.624769542756212
  51988.275525     1465.010543228275992
  52032.242306     1397.315810638393259
  52076.209086     1342.771847043330808
  52120.175867     1301.099760349684630
  52164.142648     1275.633211188598125
  52208.109428     1266.471598321228839
  52252.076209     1254.471341008969603
  52296.042990     1247.556669847071817
  52340.009770     1264.701316049390016
  52383.976551     1295.013784328919201
  52427.943332     1328.170011017034312
  52471.910112     1327.953178008020814
  52515.876893     1266.711367159457041
  52559.843674     1170.080846131454791
  52603.810454     1089.162535664587040
  52647.777235     1038.046690089905269
  52691.744016      990.486796990517064
  52735.710796      934.457561454715460
  52779.677577      882.532064530094203
  52823.644358      841.219047935846902
  52867.611138      810.012960845755401
  52911.577919      786.490544826072664
  52955.544700      775.039264771737749
  52999.511480      782.491364607064270
  53043.478261      810.770895281733601
  53087.445042      853.834307675931768
  53131.411822      870.406887560609448
  53175.378603      814.241095110877836
  53219.345383      736.057196673393605
  53263.312164      679.071952609681830
  53307.278945      645.615299071531354
  53351.245725      627.412083574274902
  53395.212506      610.905984616490400
  53439.179287      591.442435907601521
  53483.146067      571.221432735361759
  53527.112848      551.808534418941917
  53571.079629      535.664665141263981
  53615.046409      526.258204007476365
  53659.013190      526.596372458815722
  53702.979971      538.003492387985489
  53746.946751      560.302160099890330
  53790.913532      587.694175412677851
  53834.880313      588.533296176912927
  53878.847093      545.179913656897725
  53922.813874      495.685153458033994
  53966.780655      462.041592983763508
  54010.747435      444.340087727093305
  54054.714216      433.889751943429303
  54098.680997      422.679618744012998
  54142.647777      408.280992353518116
  54186.614558      388.850344371262736
  54230.581339      367.764804998684156
  54274.548119      351.009693360241045
  54318.514900      338.775082657278972
  54362.481681      327.443190570626996
  54406.448461      316.578550290779674
  54450.415242      307.342061100305500
  54494.382022      299.671023058400294
  54538.348803      294.075425274057807
  54582.315584      289.656793686371543
  54626.282364      285.122645480467497
  54670.249145      282.460192953902663
  54714.215926      282.259469067426664
  54758.182706      283.208767782883456
  54802.149487      283.014602953453220
  54846.116268      277.255901492852161
  54890.083048      265.999123643370126
  54934.049829      253.767793337383580
  54978.016610      244.483187386075258
  55021.983390      237.677315177528811
  55065.950171      230.431883706241308
  55109.916952      222.804384301249229
  55153.883732      215.898220300949561
  55197.850513      210.017203742860005
  55241.817294      205.012671095186874
  55285.784074      200.954151532843042
  55329.750855      198.456351426849693
  55373.717636      197.895834353050248
  55417.684416      199.181374743127378
  55461.651197      201.051767002829337
  55505.617978      198.297686794974993
  55549.584758      189.811120330020628
  55593.551539      181.440150608732068
  55637.518319      175.419577936834202
  55681.485100      171.458530802808639
  55725.451881      168.520863364368608
  55769.418661      165.477103559407624
  55813.385442      162.225358374181042
  55857.352223      158.835812705259031
  55901.319003      155.519208289669052
  55945.285784      152.639327683389865
  55989.252565      150.519511521254543
  56033.219345      149.265816829077608
  56077.186126      148.874007195026053
  56121.152907      149.230006381145614
  56165.119687      149.423636135839928
  56209.086468      146.729084661905034
  56253.053249      141.678304222200552
  56297.020029      137.096424558579514
  56340.986810      133.902064761631664
  56384.953591      131.768774206773912
  56428.920371      129.958313034141383
  56472.887152      128.007173662880177
  56516.853933      125.679416742792213
  56560.820713      122.895692752757682
  56604.787494      120.186368903470168
  56648.754275      117.962424948650806
  56692.721055      116.055765204715868
  56736.687836      114.166113034100562
  56780.654617      112.371250915337868
  56824.621397      110.737670229369726
  56868.588178      109.270156560288981
  56912.554958      107.986666631776657
  56956.521739      106.772157639035328
  57000.488520      105.627663081156271
  57044.455300      104.717322848121242
  57088.422081      103.986597361312931
  57132.388862      103.322252005403513
  57176.355642      102.385742258903250
  57220.322423      100.939974255333780
  57264.289204       99.213740730882364
  57308.255984       97.598265827890515
  57352.222765       96.271242973070656
  57396.189546       95.073512116938716
  57440.156326       93.825066427004188
  57484.123107       92.594341552220527
  57528.089888       91.437675520122824
  57572.056668       90.361211126835727
  57616.023449       89.360956673710916
  57659.990230       88.467752449650732
  57703.957010       87.723472514371522
  57747.923791       87.131734887253415
  57791.890572       86.668288919038687
  57835.857352       86.149574509699008
  57879.824133       85.180948083752554
  57923.790914       83.955887568360936
  57967.757694       82.852481954602993
  58011.724475       81.938399933362433
  58055.691255       81.166935494384546
  58099.658036       80.445152650340290
  58143.624817       79.713673193912030
  58187.591597       78.970430574330720
  58231.558378       78.215540160260957
  58275.525159       77.478665993380986
  58319.491939       76.792860824081444
  58363.458720       76.173444895262264
  58407.425501       75.617366958622924
  58451.392281       75.118553579104898
  58495.359062       74.663069651295828
  58539.325843       74.150390156542755
  58583.292623       73.443561984111426
  58627.259404       72.672204292837975
  58671.226185       71.973251515735441
  58715.192965       71.370013177496489
  58759.159746       70.824148212659139
  58803.126527       70.291591057493193
  58847.093307       69.746776282059940
  58891.060088       69.170513418615613
  58935.026869       68.574915785814696
  58978.993649       68.005385821287646
  59022.960430       67.476887392859823
  59066.927211       66.966432470692027
  59110.893991       66.460675510899904
  59154.860772       65.969127485640797
  59198.827553       65.493601053415929
  59242.794333       65.034925224494884
  59286.761114       64.591372735382151
  59330.727894       64.156124402609066
  59374.694675       63.735855586780275
  59418.661456       63.336231916992517
  59462.628236       62.950169887719063
  59506.595017       62.565515336542845
  59550.561798       62.154041014506554
  59594.528578       61.716092024688052
  59638.495359       61.275658462231576
  59682.462140       60.854521401992372
  59726.428920       60.455164776889511
  59770.395701       60.062203616407515
  59814.362482       59.670168059727068
  59858.329262       59.284276895950541
  59902.296043       58.906179743994414
  59946.262824       58.536019776710958
  59990.229604       58.174758389332268
  60034.196385       57.825246155310076
  60078.163166       57.488817532784935
  60122.129946       57.164279845487748
  60166.096727       56.848626869057227
  60210.063508       56.523322072391913
  60254.030288       56.172663147802297
  60297.997069       55.820127232728517
  60341.963850       55.481471148757706
  60385.930630       55.157114360104153
  60429.897411       54.842697087479976
  60473.864191       54.532204158106914
  60517.830972       54.223487982788541
  60561.797753       53.915861208904261
  60605.764533       53.609892903839487
  60649.731314       53.308347378516032
  60693.698095       53.013102819626880
  60737.664875       52.724234618170740
  60781.631656       52.441152483579849
  60825.598437       52.163263947796217
  60869.565217       51.889091077226396
  60913.531998       51.610983201791349
  60957.498779       51.326362892962578
  61001.465559       51.044295330452719
  61045.432340       50.769616290103926
  61089.399121       50.501997977307674
  61133.365901       50.238763949210096
  61177.332682       49.977776803420035
  61221.299463       49.717483644281877
  61265.266243       49.457121942217171
  61309.233024       49.198625143415320
  61353.199805       48.944436909517442
  61397.166585       48.694448817976507
  61441.133366       48.446960292390585
  61485.100147       48.201820581291351
  61529.066927       47.959518914575945
  61573.033708       47.720023701791682
  61617.000489       47.483350591828177
  61660.967269       47.249246040214061
  61704.934050       47.017540805959094
  61748.900830       46.788750703989777
  61792.867611       46.562763612603383
  61836.834392       46.339111053860307
  61880.801172       46.116544725464216
  61924.767953       45.893792976689390
  61968.734734       45.671765061301642
  62012.701514       45.451897574415497
  62056.668295       45.234994722432617
  62100.635076       45.020701693606078
  62144.601856       44.808122611581794
  62188.568637       44.597258601057234
  62232.535418       44.388287377377601
  62276.502198       44.181232240259320
  62320.468979       43.976125007006182
  62364.435760       43.773069199305041
  62408.402540       43.572193494971295
  62452.369321       43.373467359864215
  62496.336102       43.176762951963575
  62540.302882       42.981732287909793
  62584.269663       42.787110909490082
  62628.236444       42.592894782968820
  62672.203224       42.400427917795660
  62716.170005       42.210134819570271
  62760.136786       42.021901135929014
  62804.103566       41.835416264913036
  62848.070347       41.650376100902704
  62892.037128       41.466686838853342
  62936.003908       41.284278769709921
  62979.970689       41.103252519027762
  63023.937469       40.923762301796522
  63067.904250       40.745852506896099
  63111.871031       40.569480956194681
  63155.837811       40.394598880850076
  63199.804592       40.221153555785278
  63243.771373       40.048989731847392
  63287.738153       39.877721223946949
  63331.704934       39.707487262550487
  63375.671715       39.538660413669959
  63419.638495       39.371353967848577
  63463.605276       39.205481534745594
  63507.572057       39.040901930561596
  63551.538837       38.877495717278094
  63595.505618       38.715173595065231
  63639.472399       38.553946406561941
  63683.439179       38.393944214760573
  63727.405960       38.235233612070267
  63771.372741       38.077751572516611
  63815.339521       37.921418267775302
  63859.306302       37.766239940581265
  63903.273083       37.612211984893356
  63947.239863       37.459322058596022
  63991.206644       37.307566635698741
  64035.173425       37.156918557067520
  64079.140205       37.007368252502772
  64123.106986       36.858928360968989
  64167.073766       36.711575259548944
  64211.040547       36.565265202155693
  64255.007328       36.419897390846089
  64298.974108       36.275453265735713
  64342.940889       36.132000330397446
  64386.907670       35.989584531278993
  64430.874450       35.848209062200958
  64474.841231       35.707835511603768
  64518.808012       35.568426834423519
  64562.774792       35.429974933712494
  64606.741573       35.292470270888948
  64650.708354       35.155914428606934
  64694.675134       35.020306748709764
  64738.641915       34.885638219533348
  64782.608696       34.751902171178145
  64826.575476       34.619092937024313
  64870.542257       34.487196860125131
  64914.509038       34.356168073132203
  64958.475818       34.225944960124885
  65002.442599       34.096566237377488
  65046.409380       33.968073882745941
  65090.376160       33.840459220246188
  65134.342941       33.713706502865932
  65178.309722       33.587799513146813
  65222.276502       33.462717710866357
  65266.243283       33.338441626614113
  65310.210064       33.214965308497362
  65354.176844       33.092298342808128
  65398.143625       32.970436891098004
  65442.110405       32.849366925055897
  65486.077186       32.729083269976122
  65530.043967       32.609583381378741
  65574.010747       32.490853514071311
  65617.977528       32.372870466447814
  65661.944309       32.255622323504056
  65705.911089       32.139121997296868
  65749.877870       32.023368868333300
  65793.844651       31.908352991410354
  65837.811431       31.794069085096108
  65881.778212       31.680509712517221
  65925.744993       31.567656662630426
  65969.711773       31.455497873051243
  66013.678554       31.344038236701600
  66057.645335       31.233280937845400
  66101.612115       31.123213611377420
  66145.578896       31.013824248246159
  66189.545677       30.905112730358301
  66233.512457       30.797075596868762
  66277.479238       30.689699057274201
  66321.446019       30.582976656776683
  66365.412799       30.476910693798782
  66409.379580       30.371494850338429
  66453.346361       30.266716489112270
  66497.313141       30.162571212207851
  66541.279922       30.059060260640216
  66585.246702       29.956174251006356
  66629.213483       29.853896766872186
  66673.180264       29.752226917094809
  66717.147044       29.651170074225135
  66761.113825       29.550719692026828
  66805.080606       29.450863542773558
  66849.047386       29.351598554299073
  66893.014167       29.252925569223596
  66936.980948       29.154835332120395
  66980.947728       29.057316931061468
  67024.914509       28.960371045614192
  67068.881290       28.863998760666149
  67112.848070       28.768189982789611
  67156.814851       28.672935095281453
  67200.781632       28.578235284642531
  67244.748412       28.484089959282045
  67288.715193       28.390486167856519
  67332.681974       28.297414701072704
  67376.648754       28.204880455888603
  67420.615535       28.112883365392406
  67464.582316       28.021411917962784
  67508.549096       27.930458999988709
  67552.515877       27.840026974078000
  67596.482658       27.750112874950393
  67640.449438       27.660704866961886
  67684.416219       27.571798157034181
  67728.383000       27.483396718579083
  67772.349780       27.395496825143447
  67816.316561       27.308086927411733
  67860.283341       27.221163609226402
  67904.250122       27.134730295115634
  67948.216903       27.048781686271457
  67992.183683       26.963306205154421
  68036.150464       26.878302090524787
  68080.117245       26.793773243432302
  68124.084025       26.709713552627900
  68168.050806       26.626112536695064
  68212.017587       26.542969698000203
  68255.984367       26.460287639869950
  68299.951148       26.378058669235372
  68343.917929       26.296273300399882
  68387.884709       26.214932830809513
  68431.851490       26.134039549389179
  68475.818271       26.053584952201604
  68519.785051       25.973560470082248
  68563.751832       25.893968263835372
  68607.718613       25.814809524206645
  68651.685393       25.736075017970755
  68695.652174       25.657757623335677
  68739.618955       25.579860432066482
  68783.585735       25.502383526322127
  68827.552516       25.425317211387345
  68871.519297       25.348655730527973
  68915.486077       25.272402768932483
  68959.452858       25.196557083178494
  69003.419638       25.121108605219458
  69047.386419       25.046053210941643
  69091.353200       24.971395119984752
  69135.319980       24.897132006229764
  69179.286761       24.823253810539736
  69223.253542       24.749757692563527
  69267.220322       24.676647869250399
  69311.187103       24.603920711547911
  69355.153884       24.531566454150813
  69399.120664       24.459583821784296
  69443.087445       24.387976893800559
  69487.054226       24.316740833356288
  69531.021006       24.245866356714078
  69574.987787       24.175353540949438
  69618.954568       24.105206013092676
  69662.921348       24.035417717618046
  69706.888129       23.965980130713472
  69750.854910       23.896894695001823
  69794.821690       23.828164444279693
  69838.788471       23.759782401841203
  69882.755252       23.691740939418700
  69926.722032       23.624042481850690
  69970.688813       23.556689182240149
  70014.655594       23.489673246184879
  70058.622374       23.422988204868453
  70102.589155       23.356637429968494
  70146.555936       23.290622078124528
  70190.522716       23.224933748661698
  70234.489497       23.159567199235980
  70278.456277       23.094526451353563
  70322.423058       23.029811522213492
  70366.389839       22.965413616998244
  70410.356619       22.901328851448778
  70454.323400       22.837561694947965
  70498.290181       22.774110972098640
  70542.256961       22.710967757354265
  70586.223742       22.648129530985955
  70630.190523       22.585600910254520
  70674.157303       22.523379477785529
  70718.124084       22.461456428886617
  70762.090865       22.399830639427247
  70806.057645       22.338506653782183
  70850.024426       22.277480847600447
  70893.991207       22.216744762772638
  70937.957987       22.156298591635228
  70981.924768       22.096146545979966
  71025.891549       22.036283864388910
  71069.858329       21.976702682936072
  71113.825110       21.917404418635428
  71157.791891       21.858392725996314
  71201.758671       21.799661822949826
  71245.725452       21.741204642621774
  71289.692233       21.683023684025432
  71333.659013       21.625121833638097
  71377.625794       21.567492439600581
  71421.592574       21.510129421226420
  71465.559355       21.453036192742104
  71509.526136       21.396214713744492
  71553.492916       21.339657645224349
  71597.459697       21.283360024619078
  71641.426478       21.227325965401992
  71685.393258       21.171556365799756
  71729.360039       21.116043418732890
  71773.326820       21.060783396434633
  71817.293600       21.005780889031922
  71861.260381       20.951035642955770
  71905.227162       20.896539607209114
  71949.193942       20.842290343028278
  71993.160723       20.788292676493057
  72037.127504       20.734545160970018
  72081.094284       20.681039744085776
  72125.061065       20.627775292707348
  72169.027846       20.574756626493752
  72212.994626       20.521981114942481
  72256.961407       20.469440936282020
  72300.928188       20.417136227829577
  72344.894968       20.365071559916434
  72388.861749       20.313243163356645
  72432.828530       20.261643682622683
  72476.795310       20.210274451647880
  72520.762091       20.159139571799809
  72564.728872       20.108234233250084
  72608.695652       20.057551752875181
  72652.662433       20.007094538907673
  72696.629213       19.956866014790108
  72740.595994       19.906860463900905
  72784.562775       19.857072064825150
  72828.529555       19.807504148022947
  72872.496336       19.758159286559081
  72916.463117       19.709031021496600
  72960.429897       19.660114545264847
  73004.396678       19.611413924220400
  73048.363459       19.562930741911199
  73092.330239       19.514657993543391
  73136.297020       19.466592003012742
  73180.263801       19.418737360778735
  73224.230581       19.371094562711569
  73268.197362       19.323656273588004
  73312.164143       19.276420023210264
  73356.130923       19.229390702443034
  73400.097704       19.182567660203301
  73444.064485       19.135943458811226
  73488.031265       19.089516865093739
  73531.998046       19.043292836887353
  73575.964827       18.997269567698471
  73619.931607       18.951439745163817
  73663.898388       18.905803359998163
  73707.865169       18.860365203919208
  73751.831949       18.815122341741706
  73795.798730       18.770067815575615
  73839.765511       18.725202786624752
  73883.732291       18.680531663074053
  73927.699072       18.636050457286856
  73971.665852       18.591752769040266
  74015.632633       18.547640824646042
  74059.599414       18.503718445557627
  74103.566194       18.459980712474746
  74147.532975       18.416421976282088
  74191.499756       18.373045397059045
  74235.466536       18.329854025497106
  74279.433317       18.286842154537741
  74323.400098       18.244005050070225
  74367.366878       18.201346639266855
  74411.333659       18.158869058888278
  74455.300440       18.116565992971051
  74499.267220       18.074433746540283
  74543.234001       18.032476818207940
  74587.200782       17.990696319574266
  74631.167562       17.949085528379651
  74675.134343       17.907641874258850
  74719.101124       17.866370217575462
  74763.067904       17.825270573604378
  74807.034685       17.784336029083274
  74851.001466       17.743565191766216
  74894.968246       17.702963063032033
  74938.935027       17.662528535512067
  74982.901808       17.622254723710324
  75026.868588       17.582141411518069
  75070.835369       17.542193515002367
  75114.802149       17.502408819180566
  75158.768930       17.462780691030900
  75202.735711       17.423310054968368
  75246.702491       17.384001525556297
  75290.669272       17.344851834626713
  75334.636053       17.305854806207737
  75378.602833       17.267012426824895
  75422.569614       17.228328808071385
  75466.536395       17.189799727046129
  75510.503175       17.151419658397788
  75554.469956       17.113191531663734
  75598.436737       17.075118771799279
  75642.403517       17.037196332756476
  75686.370298       16.999419505865514
  75730.337079       16.961792015378734
  75774.303859       16.924316448748868
  75818.270640       16.886987099316155
  75862.237421       16.849800209162055
  75906.204201       16.812760120693095
  75950.170982       16.775868462145450
  75994.137763       16.739119054145053
  76038.104543       16.702509190671535
  76082.071324       16.666043632674665
  76126.038105       16.629722962855325
  76170.004885       16.593540732852972
  76213.971666       16.557495352155737
  76257.938447       16.521591791928589
  76301.905227       16.485829550520808
  76345.872008       16.450202118542947
  76389.838788       16.414709040736284
  76433.805569       16.379355281938608
  76477.772350       16.344139255924777
  76521.739130       16.309054607764168
  76565.705911       16.274101993941482
  76609.672692       16.239286160820260
  76653.639472       16.204604475676792
  76697.606253       16.170050948182297
  76741.573034       16.135627286824679
  76785.539814       16.101337818373345
  76829.506595       16.067178943322045
  76873.473376       16.033145224360279
  76917.440156       15.999239320226314
  76961.406937       15.965464953202014
  77005.373718       15.931817671522641
  77049.340498       15.898292763708827
  77093.307279       15.864893709703528
  77137.274060       15.831623467089660
  77181.240840       15.798476879805815
  77225.207621       15.765450106068561
  77269.174402       15.732547286394544
  77313.141182       15.699770485290683
  77357.107963       15.667114013733951
  77401.074744       15.634575007671033
  77445.041524       15.602158079879047
  77489.008305       15.569864309204910
  77532.975085       15.537687665224752
  77576.941866       15.505626340009552
  77620.908647       15.473685222574948
  77664.875427       15.441864347291240
  77708.842208       15.410157546495730
  77752.808989       15.378564100799199
  77796.775769       15.347088965163504
  77840.742550       15.315731115280752
  77884.709331       15.284484450082399
  77928.676111       15.253349336244890
  77972.642892       15.222330590420366
  78016.609673       15.191426154014817
  78060.576453       15.160630198411475
  78104.543234       15.129944129846342
  78148.510015       15.099372425305539
  78192.476795       15.068912053179581
  78236.443576       15.038557649061826
  78280.410357       15.008311576777725
  78324.377137       14.978177788910184
  78368.343918       14.948152378841577
  78412.310699       14.918230620776280
  78456.277479       14.888415722498371
  78500.244260       14.858710946785765
  78544.211041       14.829111643892750
  78588.177821       14.799613878588744
  78632.144602       14.770221551305992
  78676.111383       14.740937101504704
  78720.078163       14.711755296012658
  78764.044944       14.682673107529087
  78808.011724       14.653694962933214
  78851.978505       14.624822370802599
  78895.945286       14.596049689434144
  78939.912066       14.567374886773351
  78983.878847       14.538802726342491
  79027.845628       14.510333721240139
  79071.812408       14.481962016427367
  79115.779189       14.453686624201596
  79159.745970       14.425512448215521
  79203.712750       14.397438973057083
  79247.679531       14.369460331021738
  79291.646312       14.341576587561612
  79335.613092       14.313792583073152
  79379.579873       14.286106781764699
  79423.546654       14.258513501916960
  79467.513434       14.231013834014300
  79511.480215       14.203612359271887
  79555.446996       14.176306569863398
  79599.413776       14.149091164962073
  79643.380557       14.121968195441340
  79687.347338       14.094941794880999
  79731.314118       14.068008562042564
  79775.280899       14.041163751225588
  79819.247680       14.014410273273143
  79863.214460       13.987751648209379
  79907.181241       13.961183701234940
  79951.148021       13.934702398058205
  79995.114802       13.908311380309055
  80039.081583       13.882013408698310
  80083.048363       13.855803677360459
  80127.015144       13.829678991227757
  80170.981925       13.803643561367247
  80214.948705       13.777699279710165
  80258.915486       13.751840875389915
  80302.882267       13.726066089051898
  80346.849047       13.700379525884923
  80390.815828       13.674782128387241
  80434.782609       13.649268347274926
  80478.749389       13.623836920799477
  80522.716170       13.598492662351413
  80566.682951       13.573235517458404
  80610.649731       13.548059844262266
  80654.616512       13.522965403903999
  80698.583293       13.497957016500052
  80742.550073       13.473033629661760
  80786.516854       13.448189711293690
  80830.483635       13.423426031268187
  80874.450415       13.398747225557324
  80918.417196       13.374151270500555
  80962.383977       13.349632930212078
  81006.350757       13.325193936840355
  81050.317538       13.300838559393906
  81094.284319       13.276563870964051
  81138.251099       13.252365107890940
  81182.217880       13.228244873956891
  81226.184660       13.204206898904109
  81270.151441       13.180247454236776
  81314.118222       13.156362413658442
  81358.085002       13.132555139589552
  81402.051783       13.108828670285694
  81446.018564       13.085178606543591
  81489.985344       13.061601593151066
  81533.952125       13.038101605051063
  81577.918906       13.014680871116720
  81621.885686       12.991334474476263
  81665.852467       12.968059937226025
  81709.819248       12.944861684097543
  81753.786028       12.921741043496990
  81797.752809       12.898692752483774
  81841.719590       12.875715278974495
  81885.686370       12.852813317743534
  81929.653151       12.829987241216950
  81973.619932       12.807231630003782
  82017.586712       12.784545942058289
  82061.553493       12.761934950132204
  82105.520274       12.739398047825979
  82149.487054       12.716929846729627
  82193.453835       12.694530795610580
  82237.420616       12.672205556643165
  82281.387396       12.649952558256794
  82325.354177       12.627766631960094
  82369.320957       12.605649180068641
  82413.287738       12.583604571022384
  82457.254519       12.561630325966124
  82501.221299       12.539721670602107
  82545.188080       12.517880893125337
  82589.154861       12.496111894844738
  82633.121641       12.474411375319907
  82677.088422       12.452775121389806
  82721.055203       12.431206201942352
  82765.021983       12.409707896671726
  82808.988764       12.388276202262098
  82852.955545       12.366907607795268
  82896.922325       12.345605835296457
  82940.889106       12.324373413222752
  82984.855887       12.303205772595685
  83028.822667       12.282100218686621
  83072.789448       12.261060966048843
  83116.756229       12.240089696485194
  83160.723009       12.219181440573292
  83204.689790       12.198334405703514
  83248.656571       12.177553135760551
  83292.623351       12.156838392517924
  83336.590132       12.136184983882046
  83380.556913       12.115592074995805
  83424.523693       12.095064353285927
  83468.490474       12.074601624858955
  83512.457255       12.054198651050276
  83556.424035       12.033855560881163
  83600.390816       12.013577006998153
  83644.357596       11.993361850796584
  83688.324377       11.973205000146491
  83732.291158       11.953107529390005
  83776.257938       11.933073866801015
  83820.224719       11.913101963551329
  83864.191500       11.893187049188590
  83908.158280       11.873331086339414
  83952.125061       11.853538108115817
  83996.091842       11.833805226385635
  84040.058622       11.814128160662206
  84084.025403       11.794509676565651
  84127.992184       11.774953253260218
  84171.958964       11.755455266554510
  84215.925745       11.736012064797873
  84259.892526       11.716627101961086
  84303.859306       11.697303172616007
  84347.826087       11.678036046570861
  84391.792868       11.658822832826278
  84435.759648       11.639667526701615
  84479.726429       11.620572123915299
  84523.693210       11.601531938185978
  84567.659990       11.582544928394432
  84611.626771       11.563615473095638
  84655.593552       11.544744692782018
  84699.560332       11.525927615051003
  84743.527113       11.507163113097572
  84787.493894       11.488455771124201
  84831.460674       11.469805789815018
  84875.427455       11.451208087972056
  84919.394235       11.432662478545399
  84963.361016       11.414173576065139
  85007.327797       11.395740647097698
  85051.294577       11.377358683680944
  85095.261358       11.359028433969257
  85139.228139       11.340754361169751
  85183.194919       11.322534823350844
  85227.161700       11.304365059838272
  85271.128481       11.286246712493014
  85315.095261       11.268183920921972
  85359.062042       11.250174194169171
  85403.028823       11.232213186145071
  85446.995603       11.214303353769848
  85490.962384       11.196448349090470
  85534.929165       11.178644923844008
  85578.895945       11.160889300832428
  85622.862726       11.143184651494158
  85666.829507       11.125534002884837
  85710.796287       11.107933464475952
  85754.763068       11.090379956962501
  85798.729849       11.072877233625867
  85842.696629       11.055427576198003
  85886.663410       11.038026586734583
  85930.630191       11.020671986202835
  85974.596971       11.003367963701260
  86018.563752       10.986115971735275
  86062.530532       10.968911272872758
  86106.497313       10.951752458583737
  86150.464094       10.934643986282543
  86194.430874       10.917586418407275
  86238.397655       10.900574843327554
  86282.364436       10.883608765923142
  86326.331216       10.866692737454997
  86370.297997       10.849826410372820
  86414.264778       10.833004872978011
  86458.231558       10.816228547053697
  86502.198339       10.799501899929476
  86546.165120       10.782823682601309
  86590.131900       10.766189161259557
  86634.098681       10.749599651778579
  86678.065462       10.733059367211972
  86722.032242       10.716566203523644
  86765.999023       10.700115775497855
  86809.965804       10.683710225176625
  86853.932584       10.667353343813206
  86897.899365       10.651042247134994
  86941.866146       10.634773048604782
  86985.832926       10.618548631025783
  87029.799707       10.602372225662648
  87073.766488       10.586240270286702
  87117.733268       10.570149515798716
  87161.700049       10.554103467071073
  87205.666830       10.538104666634673
  87249.633610       10.522149002516967
  87293.600391       10.506233970412680
  87337.567171       10.490363558288038
  87381.533952       10.474539525819473
  87425.500733       10.458757366189978
  87469.467513       10.443015406111847
  87513.434294       10.427317955593061
  87557.401075       10.411665918363740
  87601.367855       10.396054551690241
  87645.334636       10.380483063153282
  87689.301417       10.364955921013538
  87733.268197       10.349473143351375
  87777.234978       10.334029927851386
  87821.201759       10.318626377349833
  87865.168539       10.303266939593618
  87909.135320       10.287950744865428
  87953.102101       10.272673101929321
  87997.068881       10.257434999456365
  88041.035662       10.242240696740431
  88085.002443       10.227088464763668
  88128.969223       10.211973886924429
  88172.936004       10.196898789702473
  88216.902785       10.181867080410651
  88260.869565       10.166876235773351
  88304.836346       10.151922271080377
  88348.803127       10.137007775278942
  88392.769907       10.122136156641311
  88436.736688       10.107304187135005
  88480.703468       10.092508457682024
  88524.670249       10.077752209750233
  88568.637030       10.063038221118628
  88612.603810       10.048362675730727
  88656.570591       10.033722859710586
  88700.537372       10.019122538639902
  88744.504152       10.004563752075114
  88788.470933        9.990042235987875
  88832.437714        9.975556061126920
  88876.404494        9.961109368052606
  88920.371275        9.946703381511160
  88964.338056        9.932333547548458
  89008.304836        9.917998786885414
  89052.271617        9.903703459737105
  89096.238398        9.889447933488366
  89140.205178        9.875227523362145
  89184.171959        9.861042024481915
  89228.138740        9.846895838979401
  89272.105520        9.832788455409267
  89316.072301        9.818715237401683
  89360.039082        9.804676858052263
  89404.005862        9.790677599542773
  89447.972643        9.776716094917273
  89491.939424        9.762787916399095
  89535.906204        9.748894577192697
  89579.872985        9.735040073852266
  89623.839766        9.721222229163779
  89667.806546        9.707436984957607
  89711.773327        9.693686629467596
  89755.740107        9.679974720426518
  89799.706888        9.666298356291517
  89843.673669        9.652653994527153
  89887.640449        9.639044606275887
  89931.607230        9.625473174886329
  89975.574011        9.611936173185924
  90019.540791        9.598430694885568
  90063.507572        9.584960278855702
  90107.474353        9.571527222143008
  90151.441133        9.558127510841286
  90195.407914        9.544758972273314
  90239.374695        9.531425564768250
  90283.341475        9.518128815934496
  90327.308256        9.504864367854006
  90371.275037        9.491630861140868
  90415.241817        9.478432524173112
  90459.208598        9.465270050553425
  90503.175379        9.452138894835588
  90547.142159        9.439038548074768
  90591.108940        9.425973351422414
  90635.075721        9.412943145159748
  90679.042501        9.399943360506043
  90723.009282        9.386974354037378
  90766.976063        9.374040408666914
  90810.942843        9.361140508658197
  90854.909624        9.348270230324623
  90898.876404        9.335430770442661
  90942.843185        9.322626190228680
  90986.809966        9.309854659612348
  91030.776746        9.297112061864805
  91074.743527        9.284400383746734
  91118.710308        9.271723311255082
  91162.677088        9.259078265814413
  91206.643869        9.246461582202794
  91250.610650        9.233875953377336
  91294.577430        9.221324545132127
  91338.544211        9.208804132154475
  91382.510992        9.196311631334398
  91426.477772        9.183850336795023
  91470.444553        9.171422781868333
  91514.411334        9.159025202746747
  91558.378114        9.146655204028827
  91602.344895        9.134316551122817
  91646.311676        9.122011047508348
  91690.278456        9.109734535706323
  91734.245237        9.097485393078653
  91778.212018        9.085267702512017
  91822.178798        9.073082474022153
  91866.145579        9.060925308841425
  91910.112360        9.048795408696559
  91954.079140        9.036697029910359
  91998.045921        9.024630340812791
  92042.012702        9.012590860068762
  92085.979482        9.000578632897271
  92129.946263        8.988597917590370
  92173.913043        8.976648044007163
  92217.879824        8.964724614493276
  92261.846605        8.952828517082775
  92305.813385        8.940963847605014
  92349.780166        8.929129112753246
  92393.746947        8.917320154558935
  92437.713727        8.905538658911551
  92481.680508        8.893788412181861
  92525.647289        8.882067158506883
  92569.614069        8.870371127896396
  92613.580850        8.858702732125101
  92657.547631        8.847065304640912
  92701.514411        8.835455915690707
  92745.481192        8.823871319186628
  92789.447973        8.812314555192463
  92833.414753        8.800788370697862
  92877.381534        8.789289265938169
  92921.348315        8.777814633750959
  92965.315095        8.766368029523619
  93009.281876        8.754951516575437
  93053.248657        8.743561150744547
  93097.215437        8.732195062300498
  93141.182218        8.720857177098758
  93185.148999        8.709548791602000
  93229.115779        8.698265667218569
  93273.082560        8.687006726279472
  93317.049340        8.675776119733554
  93361.016121        8.664574332222875
  93404.982902        8.653396986419068
  93448.949682        8.642243829604192
  93492.916463        8.631119076883680
  93536.883244        8.620022386342114
  93580.850024        8.608949396942913
  93624.816805        8.597900684168819
  93668.783586        8.586880364025150
  93712.750366        8.575887281463592
  93756.717147        8.564917257635736
  93800.683928        8.553971675274878
  93844.650708        8.543054395010994
  93888.617489        8.532163482712299
  93932.584270        8.521295084196639
  93976.551050        8.510451324293005
  94020.517831        8.499635672322663
  94064.484612        8.488845499533463
  94108.451392        8.478077420029020
  94152.418173        8.467334211825657
  94196.384954        8.456618812447847
  94240.351734        8.445927987309402
  94284.318515        8.435258943515704
  94328.285296        8.424615012988674
  94372.252076        8.413998497669560
  94416.218857        8.403405675556938
  94460.185638        8.392834437310478
  94504.152418        8.382288531224434
  94548.119199        8.371769533819151
  94592.085979        8.361273380183896
  94636.052760        8.350798724939684
  94680.019541        8.340349591373574
  94723.986321        8.329926771924761
  94767.953102        8.319526005897419
  94811.919883        8.309146749339785
  94855.886663        8.298793151026517
  94899.853444        8.288465188746821
  94943.820225        8.278158557520410
  94987.787005        8.267873529969076
  95031.753786        8.257614225085613
  95075.720567        8.247379809778284
  95119.687347        8.237166101208480
  95163.654128        8.226974173090458
  95207.620909        8.216807944605296
  95251.587689        8.206665801097490
  95295.554470        8.196543824434540
  95339.521251        8.186443850007516
  95383.488031        8.176369462296210
  95427.454812        8.166318331488188
  95471.421593        8.156286952947404
  95515.388373        8.146277835908732
  95559.355154        8.136294086476527
  95603.321935        8.126332736947244
  95647.288715        8.116390823408604
  95691.255496        8.106471444277096
  95735.222277        8.096577119341454
  95779.189057        8.086704359319748
  95823.155838        8.076850836885004
  95867.122618        8.067020113044068
  95911.089399        8.057214022935517
  95955.056180        8.047428684143190
  95999.022960        8.037662491482758
  96042.989741        8.027919329444476
  96086.956522        8.018200280553643
  96130.923302        8.008501216010712
  96174.890083        7.998821315472815
  96218.856864        7.989164637466571
  96262.823644        7.979531467624254
  96306.790425        7.969917575155154
  96350.757206        7.960322943752003
  96394.723986        7.950751661065802
  96438.690767        7.941203214127470
  96482.657548        7.931673426576318
  96526.624328        7.922163072089806
  96570.591109        7.912676108784874
  96614.557890        7.903211242788552
  96658.524670        7.893764511013280
  96702.491451        7.884337452074815
  96746.458232        7.874933743034592
  96790.425012        7.865551354722087
  96834.391793        7.856186673755159
  96878.358574        7.846841943336273
  96922.325354        7.837520415277202
  96966.292135        7.828219404575975
  97010.258915        7.818935784821321
  97054.225696        7.809672411543342
  97098.192477        7.800432004234390
  97142.159257        7.791211316094501
  97186.126038        7.782007813232418
  97230.092819        7.772824850664387
  97274.059599        7.763664502724716
  97318.026380        7.754523085193235
  97361.993161        7.745398755685835
  97405.959941        7.736295246771245
  97449.926722        7.727213912581711
  97493.893503        7.718150764622944
  97537.860283        7.709104708911907
  97581.827064        7.700079706266659
  97625.793845        7.691076345344107
  97669.760625        7.682090485175253
  97713.727406        7.673121810647114
  97757.694187        7.664174365510563
  97801.660967        7.655247951688418
  97845.627748        7.646338428234177
  97889.594529        7.637446270285288
  97933.561309        7.628575443811982
  97977.528090        7.619724964283750
  98021.494871        7.610890843271329
  98065.461651        7.602074330145065
  98109.428432        7.593279173065011
  98153.395213        7.584503642558829
  98197.361993        7.575744039860876
  98241.328774        7.567002335763053
  98285.295554        7.558281912672288
  98329.262335        7.549580360885986
  98373.229116        7.540894410936341
  98417.195896        7.532226665645078
  98461.162677        7.523580025376361
  98505.129458        7.514951491622099
  98549.096238        7.506338346612798
  98593.063019        7.497743732565907
  98637.029800        7.489169941860299
  98680.996580        7.480613499470278
  98724.963361        7.472072333626724
  98768.930142        7.463550006427480
  98812.896922        7.455048134128474
  98856.863703        7.446562887556246
  98900.830484        7.438092911481515
  98944.797264        7.429642047224389
  98988.764045        7.421211167590247
  99032.730826        7.412796239477983
  99076.697606        7.404396669731534
  99120.664387        7.396016437224330
  99164.631168        7.387655639069879
  99208.597948        7.379310184371609
  99252.564729        7.370980257181055
  99296.531510        7.362669819377455
  99340.498290        7.354378195320038
  99384.465071        7.346101384513978
  99428.431851        7.337840344618800
  99472.398632        7.329598873997231
  99516.365413        7.321375543128240
  99560.332193        7.313166584313443
  99604.298974        7.304973688295185
  99648.265755        7.296800346481790
  99692.232535        7.288644432963101
  99736.199316        7.280502559896208
  99780.166097        7.272377075721656
  99824.132877        7.264271031750694
  99868.099658        7.256181682479025
  99912.066439        7.248106143355565
  99956.033219        7.240047336701863
 100000.000000        7.232007763275107
