  10000.000000        0.000000971222736
  10043.966781        0.000000988904807
  10087.933561        0.000001006937468
  10131.900342        0.000001025277720
  10175.867123        0.000001043927914
  10219.833903        0.000001062917832
  10263.800684        0.000001082314103
  10307.767465        0.000001102176206
  10351.734245        0.000001122599720
  10395.701026        0.000001143922129
  10439.667807        0.000001166804066
  10483.634587        0.000001191098556
  10527.601368        0.000001215314489
  10571.568149        0.000001237397184
  10615.534929        0.000001255684132
  10659.501710        0.000001272691853
  10703.468490        0.000001290380024
  10747.435271        0.000001309225354
  10791.402052        0.000001329456665
  10835.368832        0.000001350788023
  10879.335613        0.000001372969003
  10923.302394        0.000001395947152
  10967.269174        0.000001419775430
  11011.235955        0.000001444423874
  11055.202736        0.000001469993687
  11099.169516        0.000001497041526
  11143.136297        0.000001526102905
  11187.103078        0.000001556213444
  11231.069858        0.000001585307915
  11275.036639        0.000001612400594
  11319.003420        0.000001637133486
  11362.970200        0.000001661500243
  11406.936981        0.000001686652344
  11450.903762        0.000001712799452
  11494.870542        0.000001740419287
  11538.837323        0.000001769684913
  11582.804104        0.000001800950581
  11626.770884        0.000001834268410
  11670.737665        0.000001868914006
  11714.704446        0.000001904288043
  11758.671226        0.000001939901753
  11802.638007        0.000001975922762
  11846.604787        0.000002012122426
  11890.571568        0.000002046992002
  11934.538349        0.000002079035628
  11978.505129        0.000002109691747
  12022.471910        0.000002140643048
  12066.438691        0.000002170954272
  12110.405471        0.000002201233984
  12154.372252        0.000002233730465
  12198.339033        0.000002269049764
  12242.305813        0.000002307700950
  12286.272594        0.000002349765149
  12330.239375        0.000002393905791
  12374.206155        0.000002439162321
  12418.172936        0.000002486253404
  12462.139717        0.000002535054769
  12506.106497        0.000002584560197
  12550.073278        0.000002634740000
  12594.040059        0.000002686560518
  12638.006839        0.000002741432477
  12681.973620        0.000002800504314
  12725.940401        0.000002866303051
  12769.907181        0.000002946191038
  12813.873962        0.000003046788181
  12857.840743        0.000003153494622
  12901.807523        0.000003238385177
  12945.774304        0.000003278593086
  12989.741085        0.000003274870070
  13033.707865        0.000003266960872
  13077.674646        0.000003269943837
  13121.641426        0.000003287588960
  13165.608207        0.000003318538087
  13209.574988        0.000003358337655
  13253.541768        0.000003404722564
  13297.508549        0.000003457949854
  13341.475330        0.000003518616298
  13385.442110        0.000003586893839
  13429.408891        0.000003666669328
  13473.375672        0.000003766610349
  13517.342452        0.000003887277241
  13561.309233        0.000004001424098
  13605.276014        0.000004085135985
  13649.242794        0.000004138573704
  13693.209575        0.000004168583795
  13737.176356        0.000004198989688
  13781.143136        0.000004238122936
  13825.109917        0.000004288823149
  13869.076698        0.000004354799892
  13913.043478        0.000004438396477
  13957.010259        0.000004543884613
  14000.977040        0.000004666038229
  14044.943820        0.000004793428346
  14088.910601        0.000004924231167
  14132.877382        0.000005056463599
  14176.844162        0.000005186102302
  14220.810943        0.000005301418224
  14264.777723        0.000005383871359
  14308.744504        0.000005432039023
  14352.711285        0.000005473796924
  14396.678065        0.000005514853380
  14440.644846        0.000005545632855
  14484.611627        0.000005585054997
  14528.578407        0.000005650431288
  14572.545188        0.000005745015503
  14616.511969        0.000005873307124
  14660.478749        0.000006030592852
  14704.445530        0.000006199682065
  14748.412311        0.000006376557290
  14792.379091        0.000006572264671
  14836.345872        0.000006776215677
  14880.312653        0.000006974557983
  14924.279433        0.000007172074284
  14968.246214        0.000007389951086
  15012.212995        0.000007648668310
  15056.179775        0.000007967973452
  15100.146556        0.000008401634022
  15144.113337        0.000009052585157
  15188.080117        0.000009905755626
  15232.046898        0.000010613102621
  15276.013679        0.000010886080508
  15319.980459        0.000010633011209
  15363.947240        0.000010087342374
  15407.914021        0.000009619137916
  15451.880801        0.000009305114757
  15495.847582        0.000009148609139
  15539.814362        0.000009104576353
  15583.781143        0.000009132554645
  15627.747924        0.000009221448665
  15671.714704        0.000009380612610
  15715.681485        0.000009616188367
  15759.648266        0.000009946358848
  15803.615046        0.000010440768985
  15847.581827        0.000011182398032
  15891.548608        0.000012049724534
  15935.515388        0.000012612527073
  15979.482169        0.000012795184796
  16023.448950        0.000012713697973
  16067.415730        0.000012493890078
  16111.382511        0.000012337138849
  16155.349292        0.000012291600833
  16199.316072        0.000012381267107
  16243.282853        0.000012628655844
  16287.249634        0.000013070541223
  16331.216414        0.000013723059941
  16375.183195        0.000014461202552
  16419.149976        0.000015198633169
  16463.116756        0.000015994265367
  16507.083537        0.000016795219146
  16551.050318        0.000017457617845
  16595.017098        0.000017832947427
  16638.983879        0.000017819871398
  16682.950660        0.000017599902729
  16726.917440        0.000017404333957
  16770.884221        0.000017177976890
  16814.851001        0.000016922535705
  16858.817782        0.000016844467065
  16902.784563        0.000017023031499
  16946.751343        0.000017476673466
  16990.718124        0.000018223740892
  17034.684905        0.000019175485561
  17078.651685        0.000020181207527
  17122.618466        0.000021286834278
  17166.585247        0.000022554970060
  17210.552027        0.000023790424465
  17254.518808        0.000024894855990
  17298.485589        0.000026018226934
  17342.452369        0.000027454943673
  17386.419150        0.000029425731131
  17430.385931        0.000032258360251
  17474.352711        0.000036758113373
  17518.319492        0.000043762136869
  17562.286273        0.000051462391179
  17606.253053        0.000055124587000
  17650.219834        0.000053857702069
  17694.186615        0.000048628540156
  17738.153395        0.000042611528568
  17782.120176        0.000038054525155
  17826.086957        0.000035078817394
  17870.053737        0.000033361168263
  17914.020518        0.000032427388609
  17957.987298        0.000032043647365
  18001.954079        0.000032209836515
  18045.920860        0.000033030139653
  18089.887640        0.000034600765583
  18133.854421        0.000037291349154
  18177.821202        0.000041885328741
  18221.787982        0.000048687934155
  18265.754763        0.000054903357914
  18309.721544        0.000056661418174
  18353.688324        0.000055613098160
  18397.655105        0.000053026361752
  18441.621886        0.000050063723727
  18485.588666        0.000048053361820
  18529.555447        0.000047182729537
  18573.522228        0.000047577648935
  18617.489008        0.000049408904075
  18661.455789        0.000053062922114
  18705.422570        0.000058149149232
  18749.389350        0.000063148280692
  18793.356131        0.000068204922254
  18837.322912        0.000074075001387
  18881.289692        0.000079301205955
  18925.256473        0.000082114685111
  18969.223254        0.000081684348404
  19013.190034        0.000078583926316
  19057.156815        0.000075141086024
  19101.123596        0.000072152498307
  19145.090376        0.000068981417607
  19189.057157        0.000066411532309
  19233.023937        0.000065681801566
  19276.990718        0.000066977580966
  19320.957499        0.000070357840410
  19364.924279        0.000075761744027
  19408.891060        0.000082261757801
  19452.857841        0.000089049045982
  19496.824621        0.000096977684142
  19540.791402        0.000105608777752
  19584.758183        0.000113093007309
  19628.724963        0.000119434746457
  19672.691744        0.000126915827518
  19716.658525        0.000138264468833
  19760.625305        0.000155602584588
  19804.592086        0.000183444603973
  19848.558867        0.000229988098460
  19892.525647        0.000296068002905
  19936.492428        0.000347294623660
  19980.459209        0.000347899277951
  20024.425989        0.000313507072816
  20068.392770        0.000261538755920
  20112.359551        0.000215668634656
  20156.326331        0.000184105306736
  20200.293112        0.000164313242788
  20244.259893        0.000152142025109
  20288.226673        0.000144735862769
  20332.193454        0.000141268486632
  20376.160234        0.000142169220553
  20420.127015        0.000148231389861
  20464.093796        0.000160935007946
  20508.060576        0.000184512506346
  20552.027357        0.000224706579695
  20595.994138        0.000276721718206
  20639.960918        0.000306559061275
  20683.927699        0.000300042836202
  20727.894480        0.000281550498231
  20771.861260        0.000257242280643
  20815.828041        0.000235116908045
  20859.794822        0.000221805449255
  20903.761602        0.000217475407549
  20947.728383        0.000222564316391
  20991.695164        0.000238823628275
  21035.661944        0.000268161019544
  21079.628725        0.000302445499264
  21123.595506        0.000331821140963
  21167.562286        0.000365527559253
  21211.529067        0.000404050088623
  21255.495848        0.000428761413501
  21299.462628        0.000428770995251
  21343.429409        0.000406574300675
  21387.396190        0.000375849167907
  21431.362970        0.000349289939247
  21475.329751        0.000325807688887
  21519.296532        0.000303769799177
  21563.263312        0.000290294429965
  21607.230093        0.000289645471116
  21651.196873        0.000301454183624
  21695.163654        0.000325418355698
  21739.130435        0.000360079601004
  21783.097215        0.000399204123219
  21827.063996        0.000441592388496
  21871.030777        0.000491665430810
  21914.997557        0.000539958466262
  21958.964338        0.000577605584664
  22002.931119        0.000612119835297
  22046.897899        0.000664548870939
  22090.864680        0.000752875252943
  22134.831461        0.000897489058708
  22178.798241        0.001143402646491
  22222.765022        0.001543535704430
  22266.731803        0.002015154515953
  22310.698583        0.002194921136334
  22354.665364        0.002002451247008
  22398.632145        0.001663594479954
  22442.598925        0.001307960075639
  22486.565706        0.001042814481967
  22530.532487        0.000872883888847
  22574.499267        0.000766584981987
  22618.466048        0.000697188815679
  22662.432829        0.000654199075666
  22706.399609        0.000635965958590
  22750.366390        0.000645756935650
  22794.333170        0.000689177597139
  22838.299951        0.000781387046210
  22882.266732        0.000953325124856
  22926.233512        0.001227740913503
  22970.200293        0.001506953460351
  23014.167074        0.001556736107824
  23058.133854        0.001437650720313
  23102.100635        0.001297540246377
  23146.067416        0.001148218417710
  23190.034196        0.001033257664414
  23234.000977        0.000974743106264
  23277.967758        0.000969801162542
  23321.934538        0.001020237079765
  23365.901319        0.001140174589044
  23409.868100        0.001323380443236
  23453.834880        0.001494951232504
  23497.801661        0.001638045837397
  23541.768442        0.001830959779198
  23585.735222        0.002013277857356
  23629.702003        0.002057048105017
  23673.668784        0.001944871373962
  23717.635564        0.001754307537170
  23761.602345        0.001575010548377
  23805.569126        0.001431091096911
  23849.535906        0.001305234368744
  23893.502687        0.001205896407764
  23937.469468        0.001164030493995
  23981.436248        0.001185947329136
  24025.403029        0.001264009311499
  24069.369809        0.001394447305441
  24113.336590        0.001567035998706
  24157.303371        0.001758287164155
  24201.270151        0.001978451387890
  24245.236932        0.002218817070100
  24289.203713        0.002420505111234
  24333.170493        0.002576681288303
  24377.137274        0.002766655397498
  24421.104055        0.003112350880400
  24465.070835        0.003710697482449
  24509.037616        0.004730039309054
  24553.004397        0.006474964357924
  24596.971177        0.009084050135484
  24640.937958        0.011320434009504
  24684.904739        0.011033401604223
  24728.871519        0.009157810530046
  24772.838300        0.007077317388718
  24816.805081        0.005339679541144
  24860.771861        0.004184026075214
  24904.738642        0.003469269680081
  24948.705423        0.003005208990387
  24992.672203        0.002692596839543
  25036.638984        0.002505705550599
  25080.605765        0.002440347246629
  25124.572545        0.002509988340227
  25168.539326        0.002751227242456
  25212.506106        0.003259070932961
  25256.472887        0.004176316808380
  25300.439668        0.005478743731964
  25344.406448        0.006352135212990
  25388.373229        0.006021335136762
  25432.340010        0.005310287960721
  25476.306790        0.004651124306949
  25520.273571        0.004034974126829
  25564.240352        0.003629895062213
  25608.207132        0.003475420758706
  25652.173913        0.003552006560546
  25696.140694        0.003875574075223
  25740.107474        0.004507304128956
  25784.074255        0.005294717272358
  25828.041036        0.005879850919974
  25872.007816        0.006455053357694
  25915.974597        0.007262217431231
  25959.941378        0.007741404637517
  26003.908158        0.007436096788656
  26047.874939        0.006590248175765
  26091.841720        0.005717299313328
  26135.808500        0.005035615283640
  26179.775281        0.004493377863466
  26223.742062        0.004048754130980
  26267.708842        0.003765795118587
  26311.675623        0.003715140994076
  26355.642404        0.003880791054788
  26399.609184        0.004214139172793
  26443.575965        0.004703842042753
  26487.542745        0.005324213193844
  26531.509526        0.006047832860171
  26575.476307        0.006883332660251
  26619.443087        0.007666058325080
  26663.409868        0.008280995862349
  26707.376649        0.008875246290703
  26751.343429        0.009859373604558
  26795.310210        0.011686210291015
  26839.276991        0.014837327575349
  26883.243771        0.020279597099081
  26927.210552        0.029304578901651
  26971.177333        0.040945456836151
  27015.144113        0.046305262811533
  27059.110894        0.039916694719798
  27103.077675        0.030324814101787
  27147.044455        0.022063535470792
  27191.011236        0.016202969750938
  27234.978017        0.012560734700141
  27278.944797        0.010288963406668
  27322.911578        0.008749468368178
  27366.878359        0.007718707804598
  27410.845139        0.007126790245207
  27454.811920        0.006941795840999
  27498.778701        0.007202187710875
  27542.745481        0.008067170013082
  27586.712262        0.009873502681946
  27630.679043        0.012973283365118
  27674.645823        0.016607040800217
  27718.612604        0.017529517780500
  27762.579384        0.015374324934480
  27806.546165        0.013148405969179
  27850.512946        0.011277268269288
  27894.479726        0.009720485358578
  27938.446507        0.008861284288327
  27982.413288        0.008715313519979
  28026.380068        0.009217400331717
  28070.346849        0.010464503267575
  28114.313630        0.012515544788470
  28158.280410        0.014517503856662
  28202.247191        0.015775057633354
  28246.213972        0.017462527759038
  28290.180752        0.019425345652144
  28334.147533        0.019546095693069
  28378.114314        0.017325750379851
  28422.081094        0.014470459116233
  28466.047875        0.012292032892698
  28510.014656        0.010699700664693
  28553.981436        0.009443968192735
  28597.948217        0.008515928943972
  28641.914998        0.008068034419680
  28685.881778        0.008169220016231
  28729.848559        0.008698389560307
  28773.815340        0.009503251823741
  28817.782120        0.010610925188038
  28861.748901        0.012094807745721
  28905.715681        0.013967542190117
  28949.682462        0.015879840549915
  28993.649243        0.017420778901558
  29037.616023        0.018861339615038
  29081.582804        0.020882245041852
  29125.549585        0.024553795068569
  29169.516365        0.031035079977446
  29213.483146        0.042166771968631
  29257.449927        0.061220490452119
  29301.416707        0.090853762331540
  29345.383488        0.120624181602304
  29389.350269        0.119456924288884
  29433.317049        0.091279090942968
  29477.283830        0.063949837293701
  29521.250611        0.044468547802205
  29565.217391        0.032090463669789
  29609.184172        0.024528344333671
  29653.150953        0.019637114826373
  29697.117733        0.016272770790018
  29741.084514        0.014036833996355
  29785.051295        0.012695856425238
  29829.018075        0.012118023703828
  29872.984856        0.012351316159649
  29916.951637        0.013690218764348
  29960.918417        0.016651744762358
  30004.885198        0.021435951635437
  30048.851979        0.025451751915833
  30092.818759        0.024092488209011
  30136.785540        0.020024312164529
  30180.752320        0.016907035890182
  30224.719101        0.014392649246842
  30268.685882        0.012535750555516
  30312.652662        0.011722275123975
  30356.619443        0.011899829574987
  30400.586224        0.012981063587778
  30444.553004        0.015173045931809
  30488.519785        0.018172031644480
  30532.486566        0.020350638029843
  30576.453346        0.021776899368273
  30620.420127        0.024241545481706
  30664.386908        0.025947730679212
  30708.353688        0.024018708093629
  30752.320469        0.019524277159409
  30796.287250        0.015767909789810
  30840.254030        0.013447234539885
  30884.220811        0.011729075607863
  30928.187592        0.010396797928208
  30972.154372        0.009474219765402
  31016.121153        0.009143660268265
  31060.087934        0.009404080602764
  31104.054714        0.009997513419186
  31148.021495        0.010748104517149
  31191.988276        0.011881057321199
  31235.955056        0.013753757498564
  31279.921837        0.016077039231385
  31323.888617        0.017916833176969
  31367.855398        0.019485262313623
  31411.822179        0.021802196702178
  31455.788959        0.025714026793721
  31499.755740        0.032403469827465
  31543.722521        0.043756032135498
  31587.689301        0.063180705509355
  31631.656082        0.095543242419436
  31675.622863        0.140750282045973
  31719.589643        0.169367281629749
  31763.556424        0.144211926865647
  31807.523205        0.098246856698848
  31851.489985        0.064234874297748
  31895.456766        0.043468144725603
  31939.423547        0.030886730758046
  31983.390327        0.022957859451851
  32027.357108        0.017723341038583
  32071.323889        0.014120519185034
  32115.290669        0.011553121605892
  32159.257450        0.009670015810562
  32203.224231        0.008241232605550
  32247.191011        0.007111921896718
  32291.157792        0.006203400226149
  32335.124573        0.005472738063540
  32379.091353        0.004883256694563
  32423.058134        0.004400785149679
  32467.024915        0.004000344053425
  32510.991695        0.003667835583705
  32554.958476        0.003394808617794
  32598.925256        0.003171228733771
  32642.892037        0.002978766848533
  32686.858818        0.002800072201397
  32730.825598        0.002633231164214
  32774.792379        0.002489782366142
  32818.759160        0.002373024740731
  32862.725940        0.002278978298814
  32906.692721        0.002208354007370
  32950.659502        0.002166624793051
  32994.626282        0.002156811262219
  33038.593063        0.002144976309604
  33082.559844        0.002098893006160
  33126.526624        0.002080063407165
  33170.493405        0.002151431987931
  33214.460186        0.002318484472789
  33258.426966        0.002464585218909
  33302.393747        0.002334903872471
  33346.360528        0.002010418927759
  33390.327308        0.001734178203247
  33434.294089        0.001549747405252
  33478.260870        0.001427687454866
  33522.227650        0.001343276989918
  33566.194431        0.001281956144414
  33610.161212        0.001236020740736
  33654.127992        0.001201504426208
  33698.094773        0.001175402656194
  33742.061553        0.001154030823270
  33786.028334        0.001134019761246
  33829.995115        0.001118167418980
  33873.961895        0.001109887144069
  33917.928676        0.001105358800719
  33961.895457        0.001096343086190
  34005.862237        0.001078868440332
  34049.829018        0.001057429943891
  34093.795799        0.001038613798596
  34137.762579        0.001024206008185
  34181.729360        0.001015097222372
  34225.696141        0.001008031337351
  34269.662921        0.001003580444633
  34313.629702        0.001004940419844
  34357.596483        0.001010460148768
  34401.563263        0.001018320277554
  34445.530044        0.001027383244120
  34489.496825        0.001036450393128
  34533.463605        0.001051093787382
  34577.430386        0.001074872954290
  34621.397167        0.001101331649796
  34665.363947        0.001120865397325
  34709.330728        0.001134826681122
  34753.297509        0.001146408280269
  34797.264289        0.001163510300649
  34841.231070        0.001203027557852
  34885.197851        0.001273655014010
  34929.164631        0.001358569098577
  34973.131412        0.001393083352839
  35017.098192        0.001348352939087
  35061.064973        0.001293073063703
  35105.031754        0.001256642290180
  35148.998534        0.001240613251039
  35192.965315        0.001243861398662
  35236.932096        0.001262634336818
  35280.898876        0.001291068584905
  35324.865657        0.001326347810108
  35368.832438        0.001366656471081
  35412.799218        0.001405572397770
  35456.765999        0.001439216957270
  35500.732780        0.001489724793550
  35544.699560        0.001579028716409
  35588.666341        0.001711316987677
  35632.633122        0.001852127885005
  35676.599902        0.001882965170065
  35720.566683        0.001802108686056
  35764.533464        0.001731861665550
  35808.500244        0.001701613117810
  35852.467025        0.001704314826754
  35896.433806        0.001734504245603
  35940.400586        0.001787844685064
  35984.367367        0.001869914838689
  36028.334148        0.001983525406475
  36072.300928        0.002114639243839
  36116.267709        0.002229650956680
  36160.234489        0.002319541493915
  36204.201270        0.002449707253986
  36248.168051        0.002635877234827
  36292.134831        0.002793893709548
  36336.101612        0.002832218041018
  36380.068393        0.002766641541017
  36424.035173        0.002688214646920
  36468.001954        0.002638211235824
  36511.968735        0.002634866663275
  36555.935515        0.002669399392223
  36599.902296        0.002702464356561
  36643.869077        0.002772034360244
  36687.835857        0.002895644034354
  36731.802638        0.003039770830060
  36775.769419        0.003196796793406
  36819.736199        0.003358353308523
  36863.702980        0.003534557183847
  36907.669761        0.003790578093026
  36951.636541        0.004130248626690
  36995.603322        0.004460607892315
  37039.570103        0.004720037353276
  37083.536883        0.004936155825017
  37127.503664        0.005127571606563
  37171.470445        0.005459967428476
  37215.437225        0.006148052522510
  37259.404006        0.007210771992118
  37303.370787        0.008199164680659
  37347.337567        0.008114254624570
  37391.304348        0.007214157294034
  37435.271128        0.006426907599694
  37479.237909        0.005937805448128
  37523.204690        0.005719157537441
  37567.171470        0.005713674525379
  37611.138251        0.005847152310836
  37655.105032        0.006068678545874
  37699.071812        0.006378426267221
  37743.038593        0.006742475285740
  37787.005374        0.007047390766580
  37830.972154        0.007344727228432
  37874.938935        0.007919581068507
  37918.905716        0.008914967180451
  37962.872496        0.010270023511939
  38006.839277        0.011297353267009
  38050.806058        0.010871132820453
  38094.772838        0.009792913506032
  38138.739619        0.009082687855851
  38182.706400        0.008776319641490
  38226.673180        0.008761072744306
  38270.639961        0.008980634132142
  38314.606742        0.009448335166807
  38358.573522        0.010213254885975
  38402.540303        0.011224635430672
  38446.507084        0.012296980181183
  38490.473864        0.013139036945280
  38534.440645        0.013931144330610
  38578.407426        0.015221019998046
  38622.374206        0.016735577450428
  38666.340987        0.017430195768248
  38710.307767        0.016912286801584
  38754.274548        0.015943527213856
  38798.241329        0.015181096597751
  38842.208109        0.014671291759033
  38886.174890        0.014600817100382
  38930.141671        0.014651869899241
  38974.108451        0.014678711969534
  39018.075232        0.015134809852792
  39062.042013        0.015888580059677
  39106.008793        0.016669433793626
  39149.975574        0.017570142185571
  39193.942355        0.018606212427482
  39237.909135        0.019992860038617
  39281.875916        0.022093731033003
  39325.842697        0.024748351669194
  39369.809477        0.027282359223749
  39413.776258        0.029480036276849
  39457.743039        0.031230436728143
  39501.709819        0.033177954742623
  39545.676600        0.037529422964595
  39589.643381        0.045688057133682
  39633.610161        0.056527363344672
  39677.576942        0.062651279648864
  39721.543723        0.056215007749188
  39765.510503        0.045600600347301
  39809.477284        0.037774265975799
  39853.444064        0.033061567935380
  39897.410845        0.030728650592054
  39941.377626        0.029975893521385
  39985.344406        0.030158330284528
  40029.311187        0.031107852543750
  40073.277968        0.032899512094340
  40117.244748        0.034921254424780
  40161.211529        0.036318265428539
  40205.178310        0.038339053610128
  40249.145090        0.042803108671311
  40293.111871        0.049986643512793
  40337.078652        0.058392463689509
  40381.045432        0.061004451789572
  40425.012213        0.054067005852259
  40468.978994        0.046239248766861
  40512.945774        0.041794142790640
  40556.912555        0.040134620698916
  40600.879336        0.040258352546321
  40644.846116        0.041715718949630
  40688.812897        0.044907100284689
  40732.779678        0.049911492521579
  40776.746458        0.055889402732521
  40820.713239        0.061531778000073
  40864.680020        0.065650007933639
  40908.646800        0.070764357813475
  40952.613581        0.078602788517889
  40996.580362        0.084888325792936
  41040.547142        0.083420082995326
  41084.513923        0.076663356540086
  41128.480703        0.070839227263744
  41172.447484        0.066587339590358
  41216.414265        0.063764551166931
  41260.381045        0.063077324630187
  41304.347826        0.061813693757354
  41348.314607        0.061064624667340
  41392.281387        0.062629513117165
  41436.248168        0.064564395393644
  41480.214949        0.066598086041058
  41524.181729        0.069880554767275
  41568.148510        0.074711944362480
  41612.115291        0.082235434624879
  41656.082071        0.093800680389664
  41700.048852        0.108755988657284
  41744.015633        0.124947033680215
  41787.982413        0.139914162875346
  41831.949194        0.150864096986859
  41875.915975        0.167688769275503
  41919.882755        0.204936622470881
  41963.849536        0.266056398493299
  42007.816317        0.332166270380205
  42051.783097        0.337363985983094
  42095.749878        0.268336369699231
  42139.716659        0.197400908310998
  42183.683439        0.150368182828981
  42227.650220        0.122451310423533
  42271.617000        0.106850529257698
  42315.583781        0.098591737725966
  42359.550562        0.094981320686276
  42403.517342        0.095725756409257
  42447.484123        0.100216084681361
  42491.450904        0.104476920625732
  42535.417684        0.107160271199291
  42579.384465        0.115008738027471
  42623.351246        0.132176716958769
  42667.318026        0.156867463617990
  42711.284807        0.178628939484473
  42755.251588        0.170845984109758
  42799.218368        0.140473607705840
  42843.185149        0.116422809690110
  42887.151930        0.104264329336526
  42931.118710        0.100007005450599
  42975.085491        0.100455615468583
  43019.052272        0.105469544459188
  43063.019052        0.116659810360602
  43106.985833        0.132259267138628
  43150.952614        0.148648769992798
  43194.919394        0.162648667724230
  43238.886175        0.173871754327051
  43282.852956        0.190478093659552
  43326.819736        0.210287722686016
  43370.786517        0.214591619601158
  43414.753298        0.193988191019727
  43458.720078        0.171152653887114
  43502.686859        0.157814862377799
  43546.653639        0.146342855049888
  43590.620420        0.139179861901959
  43634.587201        0.134884813285348
  43678.553981        0.126886300361581
  43722.520762        0.122233661062437
  43766.487543        0.120761203787361
  43810.454323        0.118041084346789
  43854.421104        0.117981595963316
  43898.387885        0.123399488100276
  43942.354665        0.134667133978461
  43986.321446        0.154910692941264
  44030.288227        0.189445177001403
  44074.255007        0.240525393977691
  44118.221788        0.301474444208650
  44162.188569        0.351219636370985
  44206.155349        0.389458485417827
  44250.122130        0.467420590643533
  44294.088911        0.620422766844042
  44338.055691        0.836911597334979
  44382.022472        1.000000000000000
  44425.989253        0.890819967922989
  44469.956033        0.623321844451622
  44513.922814        0.410191181876220
  44557.889595        0.277809013019370
  44601.856375        0.197522235648454
  44645.823156        0.146876088085166
  44689.789936        0.113273667984566
  44733.756717        0.090063189582035
  44777.723498        0.073462482868583
  44821.690278        0.061200898640754
  44865.657059        0.051891135148217
  44909.623840        0.044661518350681
  44953.590620        0.038938836619928
  44997.557401        0.034331868841957
  45041.524182        0.030563653322131
  45085.490962        0.027428089798987
  45129.457743        0.024777049711130
  45173.424524        0.022517986133869
  45217.391304        0.020591113452765
  45261.358085        0.018943351665860
  45305.324866        0.017522660321846
  45349.291646        0.016277817142968
  45393.258427        0.015158341430068
  45437.225208        0.014135422736660
  45481.191988        0.013214801821361
  45525.158769        0.012406684639436
  45569.125550        0.011703062021523
  45613.092330        0.011082116707888
  45657.059111        0.010512235949180
  45701.025892        0.009959284905927
  45744.992672        0.009418753369670
  45788.959453        0.008920886957847
  45832.926234        0.008486683284239
  45876.893014        0.008112509157820
  45920.859795        0.007779676442699
  45964.826575        0.007459364106903
  46008.793356        0.007124077494911
  46052.760137        0.006784363842497
  46096.726917        0.006474731173569
  46140.693698        0.006208873853376
  46184.660479        0.005978412596895
  46228.627259        0.005769141412953
  46272.594040        0.005561957358019
  46316.560821        0.005337543243904
  46360.527601        0.005108947743080
  46404.494382        0.004893343386152
  46448.461163        0.004696303846022
  46492.427943        0.004521173418233
  46536.394724        0.004363547083058
  46580.361505        0.004214243586820
  46624.328285        0.004066861328603
  46668.295066        0.003928031961120
  46712.261847        0.003802028561526
  46756.228627        0.003687074992872
  46800.195408        0.003580821323956
  46844.162189        0.003481459959239
  46888.128969        0.003387674213767
  46932.095750        0.003299106134233
  46976.062531        0.003215370523927
  47020.029311        0.003135469909148
  47063.996092        0.003058557034006
  47107.962872        0.002983454424633
  47151.929653        0.002910905226197
  47195.896434        0.002842652039749
  47239.863214        0.002778828333778
  47283.829995        0.002718736561776
  47327.796776        0.002661717101399
  47371.763556        0.002607530579433
  47415.730337        0.002556230117927
  47459.697118        0.002507186794140
  47503.663898        0.002459397438518
  47547.630679        0.002412052686751
  47591.597460        0.002365381076659
  47635.564240        0.002320528116704
  47679.531021        0.002277480435777
  47723.497802        0.002235314499629
  47767.464582        0.002193297017887
  47811.431363        0.002153170085084
  47855.398144        0.002116150909375
  47899.364924        0.002081353517975
  47943.331705        0.002048658667202
  47987.298486        0.002018544157598
  48031.265266        0.001991017914731
  48075.232047        0.001965720642936
  48119.198828        0.001941527298758
  48163.165608        0.001917351337283
  48207.132389        0.001893934689246
  48251.099170        0.001873616031732
  48295.065950        0.001857082446147
  48339.032731        0.001843954719842
  48382.999511        0.001833674396328
  48426.966292        0.001824947744515
  48470.933073        0.001816033963431
  48514.899853        0.001803875113399
  48558.866634        0.001786901882872
  48602.833415        0.001771004160507
  48646.800195        0.001755986573392
  48690.766976        0.001732844370812
  48734.733757        0.001693124926090
  48778.700537        0.001627528536104
  48822.667318        0.001554156441165
  48866.634099        0.001494943313768
  48910.600879        0.001450632358443
  48954.567660        0.001415987772597
  48998.534441        0.001387203064487
  49042.501221        0.001362100722907
  49086.468002        0.001339455345979
  49130.434783        0.001318552348466
  49174.401563        0.001298955023779
  49218.368344        0.001280383728734
  49262.335125        0.001262651457762
  49306.301905        0.001245628115573
  49350.268686        0.001229219891637
  49394.235467        0.001213356894090
  49438.202247        0.001197985477489
  49482.169028        0.001183063336442
  49526.135809        0.001168556283572
  49570.102589        0.001154436082818
  49614.069370        0.001140678959518
  49658.036150        0.001127264552512
  49702.002931        0.001114175159713
  49745.969712        0.001101395182310
  49789.936492        0.001088910707251
  49833.903273        0.001076709189650
  49877.870054        0.001064779210273
  49921.836834        0.001053110290732
  49965.803615        0.001041692752856
  50009.770396        0.001030517610607
  50053.737176        0.001019576484521
  50097.703957        0.001008861530715
  50141.670738        0.000998365379212
  50185.637518        0.000988081079115
  50229.604299        0.000978002050457
  50273.571080        0.000968122043654
  50317.537860        0.000958435107304
  50361.504641        0.000948935563953
  50405.471422        0.000939617992000
  50449.438202        0.000930477211037
  50493.404983        0.000921508267841
  50537.371764        0.000912706421281
  50581.338544        0.000904067125839
  50625.305325        0.000895586014904
  50669.272106        0.000887258885711
  50713.238886        0.000879081687555
  50757.205667        0.000871050513898
  50801.172447        0.000863161597663
  50845.139228        0.000855411307979
  50889.106009        0.000847796146385
  50933.072789        0.000840312741093
  50977.039570        0.000832957839066
  51021.006351        0.000825728296856
  51064.973131        0.000818621071884
  51108.939912        0.000811633215728
  51152.906693        0.000804761870231
  51196.873473        0.000798004266078
  51240.840254        0.000791357722547
  51284.807035        0.000784819646758
  51328.773815        0.000778387531102
  51372.740596        0.000772058948538
  51416.707377        0.000765831546428
  51460.674157        0.000759703040337
  51504.640938        0.000753671209262
  51548.607719        0.000747733893147
  51592.574499        0.000741888992558
  51636.541280        0.000736134469496
  51680.508061        0.000730468347892
  51724.474841        0.000724888712572
  51768.441622        0.000719393706207
  51812.408403        0.000713981524781
  51856.375183        0.000708650412738
  51900.341964        0.000703398659173
  51944.308745        0.000698224595963
  51988.275525        0.000693126597835
  52032.242306        0.000688103083625
  52076.209086        0.000683152517383
  52120.175867        0.000678273408210
  52164.142648        0.000673464308256
  52208.109428        0.000668723809222
  52252.076209        0.000664050538367
  52296.042990        0.000659443155267
  52340.009770        0.000654900350219
  52383.976551        0.000650420844473
  52427.943332        0.000646003391624
  52471.910112        0.000641646779054
  52515.876893        0.000637349828320
  52559.843674        0.000633111393882
  52603.810454        0.000628930360326
  52647.777235        0.000624805638986
  52691.744016        0.000620736165072
  52735.710796        0.000616720896205
  52779.677577        0.000612758812638
  52823.644358        0.000608848918679
  52867.611138        0.000604990244315
  52911.577919        0.000601181845965
  52955.544700        0.000597422805746
  52999.511480        0.000593712229271
  53043.478261        0.000590049242712
  53087.445042        0.000586432990169
  53131.411822        0.000582862632268
  53175.378603        0.000579337346316
  53219.345383        0.000575856327672
  53263.312164        0.000572418791445
  53307.278945        0.000569023973522
  53351.245725        0.000565671130233
  53395.212506        0.000562359536605
  53439.179287        0.000559088483780
  53483.146067        0.000555857276600
  53527.112848        0.000552665232188
  53571.079629        0.000549511680003
  53615.046409        0.000546395963113
  53659.013190        0.000543317439917
  53702.979971        0.000540275485355
  53746.946751        0.000537269490901
  53790.913532        0.000534298863188
  53834.880313        0.000531363021740
  53878.847093        0.000528461396692
  53922.813874        0.000525593427372
  53966.780655        0.000522758562228
  54010.747435        0.000519956259960
  54054.714216        0.000517185991245
  54098.680997        0.000514447240077
  54142.647777        0.000511739504026
  54186.614558        0.000509062293165
  54230.581339        0.000506415128082
  54274.548119        0.000503797537718
  54318.514900        0.000501209057920
  54362.481681        0.000498649231245
  54406.448461        0.000496117607966
  54450.415242        0.000493613747718
  54494.382022        0.000491137220937
  54538.348803        0.000488687609344
  54582.315584        0.000486264505162
  54626.282364        0.000483867509358
  54670.249145        0.000481496229584
  54714.215926        0.000479150278721
  54758.182706        0.000476829274534
  54802.149487        0.000474532840533
  54846.116268        0.000472260607543
  54890.083048        0.000470012215211
  54934.049829        0.000467787312659
  54978.016610        0.000465585557953
  55021.983390        0.000463406616568
  55065.950171        0.000461250159449
  55109.916952        0.000459115861517
  55153.883732        0.000457003401202
  55197.850513        0.000454912461135
  55241.817294        0.000452842729636
  55285.784074        0.000450793902239
  55329.750855        0.000448765682527
  55373.717636        0.000446757781818
  55417.684416        0.000444769917816
  55461.651197        0.000442801812787
  55505.617978        0.000440853192042
  55549.584758        0.000438923783348
  55593.551539        0.000437013317464
  55637.518319        0.000435121529535
  55681.485100        0.000433248160615
  55725.451881        0.000431392958633
  55769.418661        0.000429555678285
  55813.385442        0.000427736079880
  55857.352223        0.000425933927626
  55901.319003        0.000424148988100
  55945.285784        0.000422381029526
  55989.252565        0.000420629822163
  56033.219345        0.000418895139582
  56077.186126        0.000417176760191
  56121.152907        0.000415474468295
  56165.119687        0.000413788054186
  56209.086468        0.000412117313166
  56253.053249        0.000410462043956
  56297.020029        0.000408822047152
  56340.986810        0.000407197124397
  56384.953591        0.000405587078606
  56428.920371        0.000403991715128
  56472.887152        0.000402410843241
  56516.853933        0.000400844277308
  56560.820713        0.000399291837023
  56604.787494        0.000397753346630
  56648.754275        0.000396228633429
  56692.721055        0.000394717526241
  56736.687836        0.000393219854491
  56780.654617        0.000391735448283
  56824.621397        0.000390264139418
  56868.588178        0.000388805762857
  56912.554958        0.000387360157952
  56956.521739        0.000385927168837
  57000.488520        0.000384506643827
  57044.455300        0.000383098434040
  57088.422081        0.000381702391869
  57132.388862        0.000380318369989
  57176.355642        0.000378946221279
  57220.322423        0.000377585799706
  57264.289204        0.000376236961739
  57308.255984        0.000374899567621
  57352.222765        0.000373573481911
  57396.189546        0.000372258573043
  57440.156326        0.000370954712092
  57484.123107        0.000369661771261
  57528.089888        0.000368379622797
  57572.056668        0.000367108138773
  57616.023449        0.000365847191845
  57659.990230        0.000364596656595
  57703.957010        0.000363356410840
  57747.923791        0.000362126336314
  57791.890572        0.000360906318372
  57835.857352        0.000359696244876
  57879.824133        0.000358496004733
  57923.790914        0.000357305486742
  57967.757694        0.000356124579258
  58011.724475        0.000354953170797
  58055.691255        0.000353791151293
  58099.658036        0.000352638413425
  58143.624817        0.000351494853418
  58187.591597        0.000350360370922
  58231.558378        0.000349234868013
  58275.525159        0.000348118247776
  58319.491939        0.000347010413090
  58363.458720        0.000345911266172
  58407.425501        0.000344820709050
  58451.392281        0.000343738644722
  58495.359062        0.000342664978515
  58539.325843        0.000341599618965
  58583.292623        0.000340542477838
  58627.259404        0.000339493469278
  58671.226185        0.000338452508444
  58715.192965        0.000337419510259
  58759.159746        0.000336394388825
  58803.126527        0.000335377057754
  58847.093307        0.000334367431242
  58891.060088        0.000333365425406
  58935.026869        0.000332370959264
  58978.993649        0.000331383954903
  59022.960430        0.000330404336756
  59066.927211        0.000329432030310
  59110.893991        0.000328466960821
  59154.860772        0.000327509052625
  59198.827553        0.000326558229319
  59242.794333        0.000325614414735
  59286.761114        0.000324677534268
  59330.727894        0.000323747515917
  59374.694675        0.000322824290596
  59418.661456        0.000321907791537
  59462.628236        0.000320997953076
  59506.595017        0.000320094709375
  59550.561798        0.000319197993605
  59594.528578        0.000318307738009
  59638.495359        0.000317423874763
  59682.462140        0.000316546337270
  59726.428920        0.000315675061246
  59770.395701        0.000314809985168
  59814.362482        0.000313951049830
  59858.329262        0.000313098197213
  59902.296043        0.000312251369179
  59946.262824        0.000311410506563
  59990.229604        0.000310575549122
  60034.196385        0.000309746436283
  60078.163166        0.000308923108383
  60122.129946        0.000308105507809
  60166.096727        0.000307293579557
  60210.063508        0.000306487270926
  60254.030288        0.000305686530475
  60297.997069        0.000304891306741
  60341.963850        0.000304101547259
  60385.930630        0.000303317198370
  60429.897411        0.000302538205837
  60473.864191        0.000301764516018
  60517.830972        0.000300996077080
  60561.797753        0.000300232839653
  60605.764533        0.000299474756648
  60649.731314        0.000298721782330
  60693.698095        0.000297973871033
  60737.664875        0.000297230976155
  60781.631656        0.000296493049800
  60825.598437        0.000295760043285
  60869.565217        0.000295031908271
  60913.531998        0.000294308597959
  60957.498779        0.000293590067855
  61001.465559        0.000292876275725
  61045.432340        0.000292167180772
  61089.399121        0.000291462742400
  61133.365901        0.000290762919129
  61177.332682        0.000290067668155
  61221.299463        0.000289376945693
  61265.266243        0.000288690708031
  61309.233024        0.000288008912769
  61353.199805        0.000287331519655
  61397.166585        0.000286658490684
  61441.133366        0.000285989789366
  61485.100147        0.000285325379533
  61529.066927        0.000284665224226
  61573.033708        0.000284009285123
  61617.000489        0.000283357522772
  61660.967269        0.000282709897572
  61704.934050        0.000282066370979
  61748.900830        0.000281426906441
  61792.867611        0.000280791469600
  61836.834392        0.000280160027704
  61880.801172        0.000279532548473
  61924.767953        0.000278908998936
  61968.734734        0.000278289344750
  62012.701514        0.000277673550333
  62056.668295        0.000277061579735
  62100.635076        0.000276453397808
  62144.601856        0.000275848971213
  62188.568637        0.000275248268788
  62232.535418        0.000274651261050
  62276.502198        0.000274057919118
  62320.468979        0.000273468213523
  62364.435760        0.000272882113477
  62408.402540        0.000272299586844
  62452.369321        0.000271720600910
  62496.336102        0.000271145123560
  62540.302882        0.000270573124302
  62584.269663        0.000270004574748
  62628.236444        0.000269439448256
  62672.203224        0.000268877718926
  62716.170005        0.000268319360413
  62760.136786        0.000267764345086
  62804.103566        0.000267212643898
  62848.070347        0.000266664227037
  62892.037128        0.000266119065063
  62936.003908        0.000265577129990
  62979.970689        0.000265038395857
  63023.937469        0.000264502838511
  63067.904250        0.000263970434673
  63111.871031        0.000263441160769
  63155.837811        0.000262914992002
  63199.804592        0.000262391902102
  63243.771373        0.000261871863865
  63287.738153        0.000261354850246
  63331.704934        0.000260840835475
  63375.671715        0.000260329795726
  63419.638495        0.000259821709001
  63463.605276        0.000259316554315
  63507.572057        0.000258814310545
  63551.538837        0.000258314955441
  63595.505618        0.000257818465238
  63639.472399        0.000257324815104
  63683.439179        0.000256833980142
  63727.405960        0.000256345936546
  63771.372741        0.000255860662357
  63815.339521        0.000255378137476
  63859.306302        0.000254898342939
  63903.273083        0.000254421259803
  63947.239863        0.000253946868085
  63991.206644        0.000253475146290
  64035.173425        0.000253006071719
  64079.140205        0.000252539621427
  64123.106986        0.000252075773360
  64167.073766        0.000251614507209
  64211.040547        0.000251155804522
  64255.007328        0.000250699648131
  64298.974108        0.000250246021021
  64342.940889        0.000249794905244
  64386.907670        0.000249346281373
  64430.874450        0.000248900128660
  64474.841231        0.000248456425913
  64518.808012        0.000248015152659
  64562.774792        0.000247576290029
  64606.741573        0.000247139821029
  64650.708354        0.000246705730024
  64694.675134        0.000246274001715
  64738.641915        0.000245844620005
  64782.608696        0.000245417567348
  64826.575476        0.000244992824793
  64870.542257        0.000244570372764
  64914.509038        0.000244150192184
  64958.475818        0.000243732265464
  65002.442599        0.000243316576874
  65046.409380        0.000242903112144
  65090.376160        0.000242491857489
  65134.342941        0.000242082798477
  65178.309722        0.000241675919262
  65222.276502        0.000241271202530
  65266.243283        0.000240868630178
  65310.210064        0.000240468184414
  65354.176844        0.000240069848802
  65398.143625        0.000239673608729
  65442.110405        0.000239279451109
  65486.077186        0.000238887363479
  65530.043967        0.000238497332905
  65574.010747        0.000238109345110
  65617.977528        0.000237723384290
  65661.944309        0.000237339433708
  65705.911089        0.000236957476736
  65749.877870        0.000236577497938
  65793.844651        0.000236199483655
  65837.811431        0.000235823421837
  65881.778212        0.000235449301236
  65925.744993        0.000235077110263
  65969.711773        0.000234706836063
  66013.678554        0.000234338464221
  66057.645335        0.000233971979244
  66101.612115        0.000233607365581
  66145.578896        0.000233244608722
  66189.545677        0.000232883695855
  66233.512457        0.000232524615841
  66277.479238        0.000232167358460
  66321.446019        0.000231811913319
  66365.412799        0.000231458268862
  66409.379580        0.000231106411964
  66453.346361        0.000230756328312
  66497.313141        0.000230408003365
  66541.279922        0.000230061423433
  66585.246702        0.000229716576440
  66629.213483        0.000229373452018
  66673.180264        0.000229032040858
  66717.147044        0.000228692333619
  66761.113825        0.000228354319940
  66805.080606        0.000228017987929
  66849.047386        0.000227683324390
  66893.014167        0.000227350315683
  66936.980948        0.000227018948853
  66980.947728        0.000226689212469
  67024.914509        0.000226361096849
  67068.881290        0.000226034593480
  67112.848070        0.000225709694000
  67156.814851        0.000225386389116
  67200.781632        0.000225064668060
  67244.748412        0.000224744518655
  67288.715193        0.000224425928121
  67332.681974        0.000224108884167
  67376.648754        0.000223793375946
  67420.615535        0.000223479394352
  67464.582316        0.000223166931582
  67508.549096        0.000222855980139
  67552.515877        0.000222546531735
  67596.482658        0.000222238576610
  67640.449438        0.000221932103536
  67684.416219        0.000221627100551
  67728.383000        0.000221323556022
  67772.349780        0.000221021459632
  67816.316561        0.000220720802745
  67860.283341        0.000220421578132
  67904.250122        0.000220123779054
  67948.216903        0.000219827398133
  67992.183683        0.000219532426595
  68036.150464        0.000219238854152
  68080.117245        0.000218946669585
  68124.084025        0.000218655861829
  68168.050806        0.000218366420997
  68212.017587        0.000218078338901
  68255.984367        0.000217791608843
  68299.951148        0.000217506224750
  68343.917929        0.000217222180060
  68387.884709        0.000216939466870
  68431.851490        0.000216658075748
  68475.818271        0.000216377996215
  68519.785051        0.000216099217781
  68563.751832        0.000215821730978
  68607.718613        0.000215545527982
  68651.685393        0.000215270602504
  68695.652174        0.000214996949046
  68739.618955        0.000214724561798
  68783.585735        0.000214453433704
  68827.552516        0.000214183556149
  68871.519297        0.000213914919376
  68915.486077        0.000213647513406
  68959.452858        0.000213381329124
  69003.419638        0.000213116358995
  69047.386419        0.000212852597088
  69091.353200        0.000212590038421
  69135.319980        0.000212328677866
  69179.286761        0.000212068509164
  69223.253542        0.000211809524460
  69267.220322        0.000211551714656
  69311.187103        0.000211295070263
  69355.153884        0.000211039582520
  69399.120664        0.000210785244154
  69443.087445        0.000210532049552
  69487.054226        0.000210279994160
  69531.021006        0.000210029073425
  69574.987787        0.000209779281804
  69618.954568        0.000209530612202
  69662.921348        0.000209283056179
  69706.888129        0.000209036604714
  69750.854910        0.000208791249347
  69794.821690        0.000208546983049
  69838.788471        0.000208303800441
  69882.755252        0.000208061697344
  69926.722032        0.000207820669742
  69970.688813        0.000207580712742
  70014.655594        0.000207341819943
  70058.622374        0.000207103983516
  70102.589155        0.000206867194923
  70146.555936        0.000206631446024
  70190.522716        0.000206396729983
  70234.489497        0.000206163041610
  70278.456277        0.000205930377002
  70322.423058        0.000205698732611
  70366.389839        0.000205468104178
  70410.356619        0.000205238485995
  70454.323400        0.000205009870839
  70498.290181        0.000204782250629
  70542.256961        0.000204555617482
  70586.223742        0.000204329964717
  70630.190523        0.000204105287306
  70674.157303        0.000203881581597
  70718.124084        0.000203658844442
  70762.090865        0.000203437072146
  70806.057645        0.000203216259619
  70850.024426        0.000202996400222
  70893.991207        0.000202777486328
  70937.957987        0.000202559510357
  70981.924768        0.000202342465775
  71025.891549        0.000202126347654
  71069.858329        0.000201911152535
  71113.825110        0.000201696877646
  71157.791891        0.000201483519806
  71201.758671        0.000201271074514
  71245.725452        0.000201059535710
  71289.692233        0.000200848896211
  71333.659013        0.000200639148697
  71377.625794        0.000200430286733
  71421.592574        0.000200222305481
  71465.559355        0.000200015201672
  71509.526136        0.000199808972831
  71553.492916        0.000199603616209
  71597.459697        0.000199399127865
  71641.426478        0.000199195502281
  71685.393258        0.000198992732738
  71729.360039        0.000198790812200
  71773.326820        0.000198589734369
  71817.293600        0.000198389494449
  71861.260381        0.000198190089225
  71905.227162        0.000197991516470
  71949.193942        0.000197793773881
  71993.160723        0.000197596858084
  72037.127504        0.000197400764107
  72081.094284        0.000197205485644
  72125.061065        0.000197011015904
  72169.027846        0.000196817348714
  72212.994626        0.000196624479322
  72256.961407        0.000196432404601
  72300.928188        0.000196241122516
  72344.894968        0.000196050631105
  72388.861749        0.000195860927453
  72432.828530        0.000195672007125
  72476.795310        0.000195483864265
  72520.762091        0.000195296492396
  72564.728872        0.000195109885449
  72608.695652        0.000194924038694
  72652.662433        0.000194738949026
  72696.629213        0.000194554614539
  72740.595994        0.000194371033619
  72784.562775        0.000194188203847
  72828.529555        0.000194006121287
  72872.496336        0.000193824780490
  72916.463117        0.000193644175225
  72960.429897        0.000193464299552
  73004.396678        0.000193285148767
  73048.363459        0.000193106719764
  73092.330239        0.000192929010772
  73136.297020        0.000192752020440
  73180.263801        0.000192575746750
  73224.230581        0.000192400186255
  73268.197362        0.000192225333942
  73312.164143        0.000192051183890
  73356.130923        0.000191877730273
  73400.097704        0.000191704968359
  73444.064485        0.000191532895040
  73488.031265        0.000191361508626
  73531.998046        0.000191190807996
  73575.964827        0.000191020791542
  73619.931607        0.000190851456271
  73663.898388        0.000190682797630
  73707.865169        0.000190514809956
  73751.831949        0.000190347487532
  73795.798730        0.000190180825629
  73839.765511        0.000190014821135
  73883.732291        0.000189849472388
  73927.699072        0.000189684778427
  73971.665852        0.000189520737971
  74015.632633        0.000189357348492
  74059.599414        0.000189194605882
  74103.566194        0.000189032504820
  74147.532975        0.000188871039726
  74191.499756        0.000188710205860
  74235.466536        0.000188549999997
  74279.433317        0.000188390420483
  74323.400098        0.000188231466532
  74367.366878        0.000188073137197
  74411.333659        0.000187915430387
  74455.300440        0.000187758342389
  74499.267220        0.000187601868208
  74543.234001        0.000187446002409
  74587.200782        0.000187290740239
  74631.167562        0.000187136078415
  74675.134343        0.000186982015228
  74719.101124        0.000186828550012
  74763.067904        0.000186675682098
  74807.034685        0.000186523409777
  74851.001466        0.000186371729779
  74894.968246        0.000186220637441
  74938.935027        0.000186070127505
  74982.901808        0.000185920195221
  75026.868588        0.000185770837208
  75070.835369        0.000185622051709
  75114.802149        0.000185473838135
  75158.768930        0.000185326196065
  75202.735711        0.000185179124175
  75246.702491        0.000185032619578
  75290.669272        0.000184886677949
  75334.636053        0.000184741294203
  75378.602833        0.000184596463618
  75422.569614        0.000184452182726
  75466.536395        0.000184308449701
  75510.503175        0.000184165263983
  75554.469956        0.000184022625351
  75598.436737        0.000183880532796
  75642.403517        0.000183738983852
  75686.370298        0.000183597974551
  75730.337079        0.000183457500015
  75774.303859        0.000183317555536
  75818.270640        0.000183178137560
  75862.237421        0.000183039244177
  75906.204201        0.000182900874817
  75950.170982        0.000182763029420
  75994.137763        0.000182625707325
  76038.104543        0.000182488906461
  76082.071324        0.000182352623208
  76126.038105        0.000182216852859
  76170.004885        0.000182081590725
  76213.971666        0.000181946833175
  76257.938447        0.000181812578193
  76301.905227        0.000181678825192
  76345.872008        0.000181545574266
  76389.838788        0.000181412825058
  76433.805569        0.000181280575857
  76477.772350        0.000181148823370
  76521.739130        0.000181017563148
  76565.705911        0.000180886790585
  76609.672692        0.000180756501956
  76653.639472        0.000180626695075
  76697.606253        0.000180497369303
  76741.573034        0.000180368524822
  76785.539814        0.000180240161553
  76829.506595        0.000180112278177
  76873.473376        0.000179984871733
  76917.440156        0.000179857938014
  76961.406937        0.000179731472483
  77005.373718        0.000179605471347
  77049.340498        0.000179479932310
  77093.307279        0.000179354854629
  77137.274060        0.000179230238525
  77181.240840        0.000179106084150
  77225.207621        0.000178982390532
  77269.174402        0.000178859155093
  77313.141182        0.000178736373894
  77357.107963        0.000178614042491
  77401.074744        0.000178492157005
  77445.041524        0.000178370714974
  77489.008305        0.000178249715574
  77532.975085        0.000178129159085
  77576.941866        0.000178009045829
  77620.908647        0.000177889375170
  77664.875427        0.000177770144914
  77708.842208        0.000177651351385
  77752.808989        0.000177532990223
  77796.775769        0.000177415057483
  77840.742550        0.000177297550554
  77884.709331        0.000177180468497
  77928.676111        0.000177063811597
  77972.642892        0.000176947580338
  78016.609673        0.000176831774395
  78060.576453        0.000176716391938
  78104.543234        0.000176601429574
  78148.510015        0.000176486883079
  78192.476795        0.000176372748501
  78236.443576        0.000176259023103
  78280.410357        0.000176145705773
  78324.377137        0.000176032796694
  78368.343918        0.000175920296511
  78412.310699        0.000175808205198
  78456.277479        0.000175696521270
  78500.244260        0.000175585241607
  78544.211041        0.000175474362152
  78588.177821        0.000175363878944
  78632.144602        0.000175253789098
  78676.111383        0.000175144091340
  78720.078163        0.000175034785868
  78764.044944        0.000174925873414
  78808.011724        0.000174817354184
  78851.978505        0.000174709227018
  78895.945286        0.000174601489112
  78939.912066        0.000174494136586
  78983.878847        0.000174387165448
  79027.845628        0.000174280572681
  79071.812408        0.000174174356826
  79115.779189        0.000174068517982
  79159.745970        0.000173963056984
  79203.712750        0.000173857974290
  79247.679531        0.000173753269047
  79291.646312        0.000173648938787
  79335.613092        0.000173544979841
  79379.579873        0.000173441388263
  79423.546654        0.000173338160864
  79467.513434        0.000173235295984
  79511.480215        0.000173132793601
  79555.446996        0.000173030654612
  79599.413776        0.000172928879683
  79643.380557        0.000172827468280
  79687.347338        0.000172726418283
  79731.314118        0.000172625726201
  79775.280899        0.000172525388087
  79819.247680        0.000172425400670
  79863.214460        0.000172325762182
  79907.181241        0.000172226472457
  79951.148021        0.000172127532326
  79995.114802        0.000172028942678
  80039.081583        0.000171930703294
  80083.048363        0.000171832812345
  80127.015144        0.000171735266555
  80170.981925        0.000171638062040
  80214.948705        0.000171541195457
  80258.915486        0.000171444664852
  80302.882267        0.000171348469870
  80346.849047        0.000171252611325
  80390.815828        0.000171157090250
  80434.782609        0.000171061906768
  80478.749389        0.000170967059355
  80522.716170        0.000170872545025
  80566.682951        0.000170778359986
  80610.649731        0.000170684500778
  80654.616512        0.000170590965224
  80698.583293        0.000170497752794
  80742.550073        0.000170404864283
  80786.516854        0.000170312300832
  80830.483635        0.000170220062784
  80874.450415        0.000170128148949
  80918.417196        0.000170036556589
  80962.383977        0.000169945282060
  81006.350757        0.000169854321880
  81050.317538        0.000169763673703
  81094.284319        0.000169673336815
  81138.251099        0.000169583311899
  81182.217880        0.000169493600171
  81226.184660        0.000169404202231
  81270.151441        0.000169315117226
  81314.118222        0.000169226342683
  81358.085002        0.000169137875107
  81402.051783        0.000169049710916
  81446.018564        0.000168961847584
  81489.985344        0.000168874284225
  81533.952125        0.000168787021456
  81577.918906        0.000168700060535
  81621.885686        0.000168613402266
  81665.852467        0.000168527046150
  81709.819248        0.000168440990032
  81753.786028        0.000168355230542
  81797.752809        0.000168269764027
  81841.719590        0.000168184587743
  81885.686370        0.000168099700637
  81929.653151        0.000168015103228
  81973.619932        0.000167930796807
  82017.586712        0.000167846782406
  82061.553493        0.000167763059824
  82105.520274        0.000167679627168
  82149.487054        0.000167596481203
  82193.453835        0.000167513618361
  82237.420616        0.000167431035818
  82281.387396        0.000167348732227
  82325.354177        0.000167266707938
  82369.320957        0.000167184964248
  82413.287738        0.000167103502383
  82457.254519        0.000167022322390
  82501.221299        0.000166941422643
  82545.188080        0.000166860800147
  82589.154861        0.000166780451383
  82633.121641        0.000166700373357
  82677.088422        0.000166620564531
  82721.055203        0.000166541025087
  82765.021983        0.000166461756303
  82808.988764        0.000166382759547
  82852.955545        0.000166304035105
  82896.922325        0.000166225581735
  82940.889106        0.000166147396683
  82984.855887        0.000166069476439
  83028.822667        0.000165991817871
  83072.789448        0.000165914419227
  83116.756229        0.000165837280484
  83160.723009        0.000165760402857
  83204.689790        0.000165683787808
  83248.656571        0.000165607435930
  83292.623351        0.000165531346273
  83336.590132        0.000165455516328
  83380.556913        0.000165379942698
  83424.523693        0.000165304622159
  83468.490474        0.000165229552724
  83512.457255        0.000165154734144
  83556.424035        0.000165080167545
  83600.390816        0.000165005854470
  83644.357596        0.000164931795773
  83688.324377        0.000164857990835
  83732.291158        0.000164784437371
  83776.257938        0.000164711132042
  83820.224719        0.000164638071562
  83864.191500        0.000164565253810
  83908.158280        0.000164492678328
  83952.125061        0.000164420346113
  83996.091842        0.000164348258762
  84040.058622        0.000164276417385
  84084.025403        0.000164204821638
  84127.992184        0.000164133469454
  84171.958964        0.000164062357611
  84215.925745        0.000163991482770
  84259.892526        0.000163920842636
  84303.859306        0.000163850436536
  84347.826087        0.000163780265356
  84391.792868        0.000163710330776
  84435.759648        0.000163640634060
  84479.726429        0.000163571175102
  84523.693210        0.000163501952114
  84567.659990        0.000163432962033
  84611.626771        0.000163364201561
  84655.593552        0.000163295668227
  84699.560332        0.000163227361091
  84743.527113        0.000163159280864
  84787.493894        0.000163091429182
  84831.460674        0.000163023807536
  84875.427455        0.000162956416106
  84919.394235        0.000162889253381
  84963.361016        0.000162822316497
  85007.327797        0.000162755602127
  85051.294577        0.000162689107640
  85095.261358        0.000162622831896
  85139.228139        0.000162556775415
  85183.194919        0.000162490939770
  85227.161700        0.000162425326524
  85271.128481        0.000162359936222
  85315.095261        0.000162294767715
  85359.062042        0.000162229818323
  85403.028823        0.000162165084707
  85446.995603        0.000162100564074
  85490.962384        0.000162036255000
  85534.929165        0.000161972157831
  85578.895945        0.000161908274107
  85622.862726        0.000161844605565
  85666.829507        0.000161781152953
  85710.796287        0.000161717915413
  85754.763068        0.000161654890512
  85798.729849        0.000161592074947
  85842.696629        0.000161529465766
  85886.663410        0.000161467061360
  85930.630191        0.000161404861843
  85974.596971        0.000161342868607
  86018.563752        0.000161281083506
  86062.530532        0.000161219507603
  86106.497313        0.000161158140334
  86150.464094        0.000161096979431
  86194.430874        0.000161036021662
  86238.397655        0.000160975264028
  86282.364436        0.000160914704735
  86326.331216        0.000160854343673
  86370.297997        0.000160794182155
  86414.264778        0.000160734222014
  86458.231558        0.000160674464513
  86502.198339        0.000160614909353
  86546.165120        0.000160555554537
  86590.131900        0.000160496396969
  86634.098681        0.000160437433588
  86678.065462        0.000160378662364
  86722.032242        0.000160320082981
  86765.999023        0.000160261696636
  86809.965804        0.000160203505143
  86853.932584        0.000160145509925
  86897.899365        0.000160087711019
  86941.866146        0.000160030106729
  86985.832926        0.000159972694116
  87029.799707        0.000159915470018
  87073.766488        0.000159858432150
  87117.733268        0.000159801579938
  87161.700049        0.000159744914443
  87205.666830        0.000159688437547
  87249.633610        0.000159632150812
  87293.600391        0.000159576054546
  87337.567171        0.000159520147361
  87381.533952        0.000159464426488
  87425.500733        0.000159408888699
  87469.467513        0.000159353531586
  87513.434294        0.000159298354330
  87557.401075        0.000159243357738
  87601.367855        0.000159188543602
  87645.334636        0.000159133913706
  87689.301417        0.000159079468701
  87733.268197        0.000159025207471
  87777.234978        0.000158971127394
  87821.201759        0.000158917225235
  87865.168539        0.000158863498356
  87909.135320        0.000158809945662
  87953.102101        0.000158756567846
  87997.068881        0.000158703366714
  88041.035662        0.000158650344149
  88085.002443        0.000158597501004
  88128.969223        0.000158544836446
  88172.936004        0.000158492348033
  88216.902785        0.000158440032555
  88260.869565        0.000158387887349
  88304.836346        0.000158335911019
  88348.803127        0.000158284103992
  88392.769907        0.000158232468009
  88436.736688        0.000158181005091
  88480.703468        0.000158129716307
  88524.670249        0.000158078601095
  88568.637030        0.000158027657255
  88612.603810        0.000157976881678
  88656.570591        0.000157926271522
  88700.537372        0.000157875825202
  88744.504152        0.000157825542880
  88788.470933        0.000157775426150
  88832.437714        0.000157725477076
  88876.404494        0.000157675696964
  88920.371275        0.000157626085550
  88964.338056        0.000157576640910
  89008.304836        0.000157527360053
  89052.271617        0.000157478240057
  89096.238398        0.000157429279117
  89140.205178        0.000157380477075
  89184.171959        0.000157331835366
  89228.138740        0.000157283356107
  89272.105520        0.000157235040832
  89316.072301        0.000157186889621
  89360.039082        0.000157138900795
  89404.005862        0.000157091071415
  89447.972643        0.000157043398388
  89491.939424        0.000156995879691
  89535.906204        0.000156948515008
  89579.872985        0.000156901305682
  89623.839766        0.000156854253816
  89667.806546        0.000156807361168
  89711.773327        0.000156760628021
  89755.740107        0.000156714052912
  89799.706888        0.000156667633096
  89843.673669        0.000156621365527
  89887.640449        0.000156575247994
  89931.607230        0.000156529279836
  89975.574011        0.000156483462130
  90019.540791        0.000156437796974
  90063.507572        0.000156392286326
  90107.474353        0.000156346930776
  90151.441133        0.000156301729204
  90195.407914        0.000156256678931
  90239.374695        0.000156211776795
  90283.341475        0.000156167020408
  90327.308256        0.000156122408992
  90371.275037        0.000156077943469
  90415.241817        0.000156033625823
  90459.208598        0.000155989458042
  90503.175379        0.000155945441068
  90547.142159        0.000155901573986
  90591.108940        0.000155857854388
  90635.075721        0.000155814279202
  90679.042501        0.000155770845833
  90723.009282        0.000155727553176
  90766.976063        0.000155684401907
  90810.942843        0.000155641393937
  90854.909624        0.000155598531380
  90898.876404        0.000155555815393
  90942.843185        0.000155513245463
  90986.809966        0.000155470819359
  91030.776746        0.000155428534034
  91074.743527        0.000155386386748
  91118.710308        0.000155344376094
  91162.677088        0.000155302502506
  91206.643869        0.000155260767846
  91250.610650        0.000155219174317
  91294.577430        0.000155177723254
  91338.544211        0.000155136414439
  91382.510992        0.000155095245940
  91426.477772        0.000155054214787
  91470.444553        0.000155013318092
  91514.411334        0.000154972554108
  91558.378114        0.000154931923003
  91602.344895        0.000154891426552
  91646.311676        0.000154851067058
  91690.278456        0.000154810846111
  91734.245237        0.000154770763777
  91778.212018        0.000154730818228
  91822.178798        0.000154691006576
  91866.145579        0.000154651325866
  91910.112360        0.000154611774239
  91954.079140        0.000154572351633
  91998.045921        0.000154533059636
  92042.012702        0.000154493900548
  92085.979482        0.000154454876098
  92129.946263        0.000154415986607
  92173.913043        0.000154377230635
  92217.879824        0.000154338605410
  92261.846605        0.000154300107945
  92305.813385        0.000154261736070
  92349.780166        0.000154223489402
  92393.746947        0.000154185369360
  92437.713727        0.000154147378209
  92481.680508        0.000154109517920
  92525.647289        0.000154071789057
  92569.614069        0.000154034190456
  92613.580850        0.000153996719467
  92657.547631        0.000153959373082
  92701.514411        0.000153922149019
  92745.481192        0.000153885046650
  92789.447973        0.000153848067070
  92833.414753        0.000153811212533
  92877.381534        0.000153774485128
  92921.348315        0.000153737885696
  92965.315095        0.000153701413385
  93009.281876        0.000153665065781
  93053.248657        0.000153628839800
  93097.215437        0.000153592733010
  93141.182218        0.000153556744430
  93185.148999        0.000153520874946
  93229.115779        0.000153485126695
  93273.082560        0.000153449501958
  93317.049340        0.000153414001976
  93361.016121        0.000153378626125
  93404.982902        0.000153343372139
  93448.949682        0.000153308236919
  93492.916463        0.000153273217848
  93536.883244        0.000153238313737
  93580.850024        0.000153203525207
  93624.816805        0.000153168854268
  93668.783586        0.000153134303295
  93712.750366        0.000153099873705
  93756.717147        0.000153065565265
  93800.683928        0.000153031376028
  93844.650708        0.000152997302899
  93888.617489        0.000152963342964
  93932.584270        0.000152929494720
  93976.551050        0.000152895758616
  94020.517831        0.000152862136688
  94064.484612        0.000152828631405
  94108.451392        0.000152795244400
  94152.418173        0.000152761975577
  94196.384954        0.000152728823070
  94240.351734        0.000152695783999
  94284.318515        0.000152662855495
  94328.285296        0.000152630035876
  94372.252076        0.000152597325302
  94416.218857        0.000152564725461
  94460.185638        0.000152532238863
  94504.152418        0.000152499867254
  94548.119199        0.000152467610912
  94592.085979        0.000152435468399
  94636.052760        0.000152403436740
  94680.019541        0.000152371513115
  94723.986321        0.000152339695665
  94767.953102        0.000152307984018
  94811.919883        0.000152276379856
  94855.886663        0.000152244885681
  94899.853444        0.000152213503361
  94943.820225        0.000152182233587
  94987.787005        0.000152151075184
  95031.753786        0.000152120025328
  95075.720567        0.000152089080823
  95119.687347        0.000152058239817
  95163.654128        0.000152027501862
  95207.620909        0.000151996868001
  95251.587689        0.000151966340784
  95295.554470        0.000151935922421
  95339.521251        0.000151905613972
  95383.488031        0.000151875414388
  95427.454812        0.000151845320833
  95471.421593        0.000151815330676
  95515.388373        0.000151785441589
  95559.355154        0.000151755652440
  95603.321935        0.000151725964271
  95647.288715        0.000151696379808
  95691.255496        0.000151666901210
  95735.222277        0.000151637529732
  95779.189057        0.000151608264859
  95823.155838        0.000151579103909
  95867.122618        0.000151550043758
  95911.089399        0.000151521082107
  95955.056180        0.000151492218110
  95999.022960        0.000151463452640
  96042.989741        0.000151434787547
  96086.956522        0.000151406225009
  96130.923302        0.000151377766941
  96174.890083        0.000151349413216
  96218.856864        0.000151321161381
  96262.823644        0.000151293008270
  96306.790425        0.000151264951273
  96350.757206        0.000151236989240
  96394.723986        0.000151209122681
  96438.690767        0.000151181353732
  96482.657548        0.000151153684519
  96526.624328        0.000151126117040
  96570.591109        0.000151098651753
  96614.557890        0.000151071286465
  96658.524670        0.000151044018066
  96702.491451        0.000151016843482
  96746.458232        0.000150989760828
  96790.425012        0.000150962771360
  96834.391793        0.000150935876037
  96878.358574        0.000150909078447
  96922.325354        0.000150882380176
  96966.292135        0.000150855780651
  97010.258915        0.000150829280178
  97054.225696        0.000150802874117
  97098.192477        0.000150776559021
  97142.159257        0.000150750335326
  97186.126038        0.000150724201478
  97230.092819        0.000150698158601
  97274.059599        0.000150672211363
  97318.026380        0.000150646361004
  97361.993161        0.000150620606465
  97405.959941        0.000150594947792
  97449.926722        0.000150569384012
  97493.893503        0.000150543909264
  97537.860283        0.000150518521414
  97581.827064        0.000150493222953
  97625.793845        0.000150468014135
  97669.760625        0.000150442897656
  97713.727406        0.000150417873262
  97757.694187        0.000150392942864
  97801.660967        0.000150368109582
  97845.627748        0.000150343367137
  97889.594529        0.000150318709854
  97933.561309        0.000150294138865
  97977.528090        0.000150269654555
  98021.494871        0.000150245255764
  98065.461651        0.000150220947079
  98109.428432        0.000150196730492
  98153.395213        0.000150172604578
  98197.361993        0.000150148571428
  98241.328774        0.000150124630495
  98285.295554        0.000150100777135
  98329.262335        0.000150077006401
  98373.229116        0.000150053315445
  98417.195896        0.000150029708365
  98461.162677        0.000150006190995
  98505.129458        0.000149982763172
  98549.096238        0.000149959424438
  98593.063019        0.000149936175475
  98637.029800        0.000149913014655
  98680.996580        0.000149889938082
  98724.963361        0.000149866943206
  98768.930142        0.000149844029213
  98812.896922        0.000149821196831
  98856.863703        0.000149798451915
  98900.830484        0.000149775794271
  98944.797264        0.000149753221334
  98988.764045        0.000149730735202
  99032.730826        0.000149708334500
  99076.697606        0.000149686018243
  99120.664387        0.000149663786917
  99164.631168        0.000149641631105
  99208.597948        0.000149619562480
  99252.564729        0.000149597570429
  99296.531510        0.000149575661614
  99340.498290        0.000149553844358
  99384.465071        0.000149532100071
  99428.431851        0.000149510445122
  99472.398632        0.000149488883198
  99516.365413        0.000149467389478
  99560.332193        0.000149445974242
  99604.298974        0.000149424644389
  99648.265755        0.000149403381391
  99692.232535        0.000149382194976
  99736.199316        0.000149361107166
  99780.166097        0.000149340109417
  99824.132877        0.000149319178526
  99868.099658        0.000149298335711
  99912.066439        0.000149277581184
  99956.033219        0.000149256890626
 100000.000000        0.000149236268070
