  10000.000000        0.000001350647163
  10043.966781        0.000001363100117
  10087.933561        0.000001382826901
  10131.900342        0.000001406609655
  10175.867123        0.000001434724131
  10219.833903        0.000001470245811
  10263.800684        0.000001516827175
  10307.767465        0.000001576391293
  10351.734245        0.000001647817469
  10395.701026        0.000001724031830
  10439.667807        0.000001790979772
  10483.634587        0.000001834002276
  10527.601368        0.000001851310967
  10571.568149        0.000001856926152
  10615.534929        0.000001868024599
  10659.501710        0.000001884193107
  10703.468490        0.000001899285439
  10747.435271        0.000001914448801
  10791.402052        0.000001938192883
  10835.368832        0.000001977228060
  10879.335613        0.000002035759200
  10923.302394        0.000002116118047
  10967.269174        0.000002216863308
  11011.235955        0.000002328400850
  11055.202736        0.000002431092767
  11099.169516        0.000002502141558
  11143.136297        0.000002530336154
  11187.103078        0.000002528331309
  11231.069858        0.000002521028739
  11275.036639        0.000002527741282
  11319.003420        0.000002555847833
  11362.970200        0.000002607559575
  11406.936981        0.000002678193162
  11450.903762        0.000002767370522
  11494.870542        0.000002884005699
  11538.837323        0.000003042291740
  11582.804104        0.000003252519457
  11626.770884        0.000003512510887
  11670.737665        0.000003801312934
  11714.704446        0.000004087394174
  11758.671226        0.000004354532437
  11802.638007        0.000004644656448
  11846.604787        0.000005060168761
  11890.571568        0.000005720716563
  11934.538349        0.000006698220105
  11978.505129        0.000007956170893
  12022.471910        0.000009255713046
  12066.438691        0.000010136673656
  12110.405471        0.000010130883733
  12154.372252        0.000009172465203
  12198.339033        0.000007733594659
  12242.305813        0.000006496846366
  12286.272594        0.000005687311040
  12330.239375        0.000005233292554
  12374.206155        0.000005018235349
  12418.172936        0.000004946071210
  12462.139717        0.000004948936203
  12506.106497        0.000004991155423
  12550.073278        0.000005077520315
  12594.040059        0.000005244997678
  12638.006839        0.000005529762288
  12681.973620        0.000005951291634
  12725.940401        0.000006497578341
  12769.907181        0.000007087494208
  12813.873962        0.000007560884206
  12857.840743        0.000007750181004
  12901.807523        0.000007658370716
  12945.774304        0.000007475512606
  12989.741085        0.000007380240638
  13033.707865        0.000007323631609
  13077.674646        0.000007236497468
  13121.641426        0.000007145101804
  13165.608207        0.000007149842697
  13209.574988        0.000007309801347
  13253.541768        0.000007666223161
  13297.508549        0.000008240190304
  13341.475330        0.000009016591653
  13385.442110        0.000009891059705
  13429.408891        0.000010645435332
  13473.375672        0.000011032788967
  13517.342452        0.000010962263004
  13561.309233        0.000010601217094
  13605.276014        0.000010237685288
  13649.242794        0.000010030864615
  13693.209575        0.000010047352061
  13737.176356        0.000010287799406
  13781.143136        0.000010695536928
  13825.109917        0.000011271184509
  13869.076698        0.000012115187993
  13913.043478        0.000013366920295
  13957.010259        0.000015126488777
  14000.977040        0.000017361094453
  14044.943820        0.000019832256143
  14088.910601        0.000022182004037
  14132.877382        0.000024253770322
  14176.844162        0.000026514584977
  14220.810943        0.000030105375047
  14264.777723        0.000036176264286
  14308.744504        0.000045442158267
  14352.711285        0.000057532430477
  14396.678065        0.000069903596045
  14440.644846        0.000077760391125
  14484.611627        0.000076167497903
  14528.578407        0.000065056608273
  14572.545188        0.000050198067436
  14616.511969        0.000038363279847
  14660.478749        0.000030752791873
  14704.445530        0.000026356874966
  14748.412311        0.000024026909491
  14792.379091        0.000022905616946
  14836.345872        0.000022395331845
  14880.312653        0.000022199245307
  14924.279433        0.000022376024340
  14968.246214        0.000023250123125
  15012.212995        0.000025075773089
  15056.179775        0.000028007323678
  15100.146556        0.000031957549454
  15144.113337        0.000036241901521
  15188.080117        0.000039440478272
  15232.046898        0.000040171043175
  15276.013679        0.000038591719901
  15319.980459        0.000036705386093
  15363.947240        0.000035701852600
  15407.914021        0.000034878052311
  15451.880801        0.000033650844872
  15495.847582        0.000032435997807
  15539.814362        0.000032036847036
  15583.781143        0.000032853194611
  15627.747924        0.000035179936227
  15671.714704        0.000039179007692
  15715.681485        0.000044731232508
  15759.648266        0.000050981952026
  15803.615046        0.000056106941464
  15847.581827        0.000058027177135
  15891.548608        0.000056290201166
  15935.515388        0.000052560466758
  15979.482169        0.000049240733848
  16023.448950        0.000047219912044
  16067.415730        0.000046986771623
  16111.382511        0.000048354937074
  16155.349292        0.000050855176540
  16199.316072        0.000054560089154
  16243.282853        0.000060294086373
  16287.249634        0.000069108292478
  16331.216414        0.000081763671461
  16375.183195        0.000097916553445
  16419.149976        0.000115575468829
  16463.116756        0.000131545347842
  16507.083537        0.000144724487016
  16551.050318        0.000159262318126
  16595.017098        0.000184714925881
  16638.983879        0.000229372266527
  16682.950660        0.000298759518581
  16726.917440        0.000390191877195
  16770.884221        0.000483179184514
  16814.851001        0.000538228296054
  16858.817782        0.000516738522115
  16902.784563        0.000421320012914
  16946.751343        0.000308279405948
  16990.718124        0.000224319767587
  17034.684905        0.000171576827239
  17078.651685        0.000140801800591
  17122.618466        0.000123670566508
  17166.585247        0.000114409187677
  17210.552027        0.000109049686459
  17254.518808        0.000105662796115
  17298.485589        0.000104826032956
  17342.452369        0.000108493293796
  17386.419150        0.000117932767020
  17430.385931        0.000134072962039
  17474.352711        0.000156484044951
  17518.319492        0.000180996773351
  17562.286273        0.000197961753284
  17606.253053        0.000198944467810
  17650.219834        0.000186113803614
  17694.186615        0.000174622146042
  17738.153395        0.000168950561715
  17782.120176        0.000163417323539
  17826.086957        0.000154498910276
  17870.053737        0.000146322867818
  17914.020518        0.000143160064426
  17957.987298        0.000147155481353
  18001.954079        0.000159783113190
  18045.920860        0.000182064696611
  18089.887640        0.000213352496223
  18133.854421        0.000248438634564
  18177.821202        0.000275765468349
  18221.787982        0.000282393179947
  18265.754763        0.000267046192633
  18309.721544        0.000242710971880
  18353.688324        0.000222814224108
  18397.655105        0.000210957193613
  18441.621886        0.000209605450248
  18485.588666        0.000216696703917
  18529.555447        0.000229457414281
  18573.522228        0.000248949187180
  18617.489008        0.000279887881937
  18661.455789        0.000328380393933
  18705.422570        0.000398808524786
  18749.389350        0.000488768784972
  18793.356131        0.000585651527044
  18837.322912        0.000668594445701
  18881.289692        0.000730539033094
  18925.256473        0.000802232792159
  18969.223254        0.000940704653787
  19013.190034        0.001190778676408
  19057.156815        0.001585138469732
  19101.123596        0.002109130050272
  19145.090376        0.002642596955623
  19189.057157        0.002932723804238
  19233.023937        0.002753605360547
  19276.990718        0.002146621337809
  19320.957499        0.001515004436222
  19364.924279        0.001073629731949
  19408.891060        0.000801608837947
  19452.857841        0.000640913566260
  19496.824621        0.000547696797856
  19540.791402        0.000493099289436
  19584.758183        0.000457759743185
  19628.724963        0.000432117939598
  19672.691744        0.000420017676808
  19716.658525        0.000428777641727
  19760.625305        0.000462702881968
  19804.592086        0.000525649954422
  19848.558867        0.000616713742986
  19892.525647        0.000717392479364
  19936.492428        0.000781983655021
  19980.459209        0.000770336354483
  20024.425989        0.000704473417085
  20068.392770        0.000658460604408
  20112.359551        0.000637706549210
  20156.326331        0.000611934980870
  20200.293112        0.000568944676298
  20244.259893        0.000532672778467
  20288.226673        0.000517943096968
  20332.193454        0.000533203485798
  20376.160234        0.000583545473262
  20420.127015        0.000673524524293
  20464.093796        0.000801105005283
  20508.060576        0.000944202316833
  20552.027357        0.001048702710908
  20595.994138        0.001058689285750
  20639.960918        0.000974504182909
  20683.927699        0.000868420648353
  20727.894480        0.000786348870552
  20771.861260        0.000740143478805
  20815.828041        0.000736714759479
  20859.794822        0.000764346365592
  20903.761602        0.000812410584414
  20947.728383        0.000887954402059
  20991.695164        0.001009245764049
  21035.661944        0.001202324428155
  21079.628725        0.001484913501287
  21123.595506        0.001847228015367
  21167.562286        0.002229694780741
  21211.529067        0.002537655250309
  21255.495848        0.002733765526417
  21299.462628        0.002990067506414
  21343.429409        0.003534135148756
  21387.396190        0.004540798049570
  21431.362970        0.006149476372359
  21475.329751        0.008309292574131
  21519.296532        0.010514326704537
  21563.263312        0.011620015212928
  21607.230093        0.010595224511794
  21651.196873        0.007892745030807
  21695.163654        0.005417730230856
  21739.130435        0.003776110788508
  21783.097215        0.002776049169453
  21827.063996        0.002174344581214
  21871.030777        0.001810038949012
  21914.997557        0.001582199756531
  21958.964338        0.001424237737062
  22002.931119        0.001303928565044
  22046.897899        0.001234061834457
  22090.864680        0.001228433013602
  22134.831461        0.001295092112171
  22178.798241        0.001443461235658
  22222.765022        0.001675989340451
  22266.731803        0.001936824483869
  22310.698583        0.002091147451254
  22354.665364        0.002003965600838
  22398.632145        0.001801164105179
  22442.598925        0.001687212279339
  22486.565706        0.001640554162429
  22530.532487        0.001558273471500
  22574.499267        0.001429490557388
  22618.466048        0.001327700520243
  22662.432829        0.001285362468579
  22706.399609        0.001322851822964
  22750.366390        0.001451977890562
  22794.333170        0.001684696040734
  22838.299951        0.002019468991218
  22882.266732        0.002397184566750
  22926.233512        0.002652613086355
  22970.200293        0.002627112848412
  23014.167074        0.002352435027252
  23058.133854        0.002066539077326
  23102.100635        0.001853282227721
  23146.067416        0.001742368569021
  23190.034196        0.001740075721604
  23234.000977        0.001808174931499
  23277.967758        0.001926834004196
  23321.934538        0.002116543678167
  23365.901319        0.002423533541603
  23409.868100        0.002919107272041
  23453.834880        0.003649355936883
  23497.801661        0.004591885200265
  23541.768442        0.005570131862539
  23585.735222        0.006287838227637
  23629.702003        0.006649011517466
  23673.668784        0.007245558504616
  23717.635564        0.008628627264871
  23761.602345        0.011238619950609
  23805.569126        0.015450298065378
  23849.535906        0.021206799960219
  23893.502687        0.027085930917075
  23937.469468        0.029841106966510
  23981.436248        0.026130153171863
  24025.403029        0.018620129526469
  24069.369809        0.012503446832139
  24113.336590        0.008618255632700
  24157.303371        0.006257858748805
  24201.270151        0.004802045017611
  24245.236932        0.003878822165177
  24289.203713        0.003268545943089
  24333.170493        0.002828613385280
  24377.137274        0.002494009647261
  24421.104055        0.002270511669948
  24465.070835        0.002159694933554
  24509.037616        0.002161115602173
  24553.004397        0.002284144861134
  24596.971177        0.002536596494662
  24640.937958        0.002840563455013
  24684.904739        0.002987900690702
  24728.871519        0.002769650252063
  24772.838300        0.002468594862276
  24816.805081        0.002324958398464
  24860.771861        0.002263679640288
  24904.738642        0.002121247454978
  24948.705423        0.001931353452730
  24992.672203        0.001785882594651
  25036.638984        0.001721405956824
  25080.605765        0.001759786260344
  25124.572545        0.001914813855795
  25168.539326        0.002200098993949
  25212.506106        0.002623582185365
  25256.472887        0.003105799249238
  25300.439668        0.003405610431619
  25344.406448        0.003286194855652
  25388.373229        0.002875742334894
  25432.340010        0.002507386128552
  25476.306790        0.002241261850771
  25520.273571        0.002114279529110
  25564.240352        0.002116579279880
  25608.207132        0.002193366220106
  25652.173913        0.002337638890241
  25696.140694        0.002567216229769
  25740.107474        0.002944159502929
  25784.074255        0.003560296951485
  25828.041036        0.004477137174295
  25872.007816        0.005667697895953
  25915.974597        0.006904369259253
  25959.941378        0.007664822544123
  26003.908158        0.007938810141475
  26047.874939        0.008620178604937
  26091.841720        0.010339791950660
  26135.808500        0.013623470058568
  26179.775281        0.018966404823330
  26223.742062        0.026423666646638
  26267.708842        0.034166078851050
  26311.675623        0.037415498325559
  26355.642404        0.031097262115340
  26399.609184        0.021281083143929
  26443.575965        0.014073826719726
  26487.542745        0.009645874871589
  26531.509526        0.006938867079157
  26575.476307        0.005216844814453
  26619.443087        0.004069860649059
  26663.409868        0.003273093922979
  26707.376649        0.002699272696105
  26751.343429        0.002273209969168
  26795.310210        0.001948457450653
  26839.276991        0.001695117129564
  26883.243771        0.001493320327332
  26927.210552        0.001329598855303
  26971.177333        0.001194698703482
  27015.144113        0.001082254018084
  27059.110894        0.000987856466033
  27103.077675        0.000908232739000
  27147.044455        0.000840742946261
  27191.011236        0.000783208196922
  27234.978017        0.000733887759072
  27278.944797        0.000691390171667
  27322.911578        0.000654564057498
  27366.878359        0.000622452205410
  27410.845139        0.000594398300769
  27454.811920        0.000570153218007
  27498.778701        0.000549707260902
  27542.745481        0.000532717855789
  27586.712262        0.000518071802600
  27630.679043        0.000504063816522
  27674.645823        0.000489128943645
  27718.612604        0.000472893323281
  27762.579384        0.000456346222022
  27806.546165        0.000441123638301
  27850.512946        0.000428125427085
  27894.479726        0.000417322556872
  27938.446507        0.000408445166262
  27982.413288        0.000401473481020
  28026.380068        0.000396430746296
  28070.346849        0.000393224306552
  28114.313630        0.000391588754956
  28158.280410        0.000391227948511
  28202.247191        0.000392021732267
  28246.213972        0.000394085368513
  28290.180752        0.000397377695200
  28334.147533        0.000401065416378
  28378.114314        0.000403407147624
  28422.081094        0.000402157638475
  28466.047875        0.000396473729418
  28510.014656        0.000388369223869
  28553.981436        0.000381076617220
  28597.948217        0.000376133381655
  28641.914998        0.000373004936280
  28685.881778        0.000371423433029
  28729.848559        0.000372135345072
  28773.815340        0.000375959966015
  28817.782120        0.000383231919625
  28861.748901        0.000393957595337
  28905.715681        0.000407738872404
  28949.682462        0.000423677150328
  28993.649243        0.000440558542182
  29037.616023        0.000457970265782
  29081.582804        0.000477275417756
  29125.549585        0.000500585086946
  29169.516365        0.000527063885006
  29213.483146        0.000550989780211
  29257.449927        0.000564891664345
  29301.416707        0.000563090415388
  29345.383488        0.000545394577977
  29389.350269        0.000517977891651
  29433.317049        0.000492360848682
  29477.283830        0.000477192977323
  29521.250611        0.000474515774125
  29565.217391        0.000482265859517
  29609.184172        0.000498380111293
  29653.150953        0.000521240476600
  29697.117733        0.000549202939511
  29741.084514        0.000579973122266
  29785.051295        0.000612431129658
  29829.018075        0.000650837964894
  29872.984856        0.000704746106859
  29916.951637        0.000779964732878
  29960.918417        0.000867079468542
  30004.885198        0.000941326376892
  30048.851979        0.000972637032187
  30092.818759        0.000948049681424
  30136.785540        0.000887174606543
  30180.752320        0.000825758865967
  30224.719101        0.000785360699685
  30268.685882        0.000763996405459
  30312.652662        0.000756702950814
  30356.619443        0.000764868179587
  30400.586224        0.000791224448737
  30444.553004        0.000835981232213
  30488.519785        0.000897044936592
  30532.486566        0.000970126846962
  30576.453346        0.001052013828626
  30620.420127        0.001141817781427
  30664.386908        0.001238807217936
  30708.353688        0.001337660432555
  30752.320469        0.001421925910268
  30796.287250        0.001460651895243
  30840.254030        0.001426682722572
  30884.220811        0.001343652919245
  30928.187592        0.001267165788973
  30972.154372        0.001226509135844
  31016.121153        0.001206083957271
  31060.087934        0.001197891994587
  31104.054714        0.001213291257449
  31148.021495        0.001266004795389
  31191.988276        0.001360018578598
  31235.955056        0.001497808925447
  31279.921837        0.001677316786316
  31323.888617        0.001888846774365
  31367.855398        0.002112770699510
  31411.822179        0.002331723891976
  31455.788959        0.002564720062808
  31499.755740        0.002869039779926
  31543.722521        0.003272909455647
  31587.689301        0.003705185762229
  31631.656082        0.004024852969305
  31675.622863        0.004085879222551
  31719.589643        0.003822005999237
  31763.556424        0.003332564215823
  31807.523205        0.002836089492413
  31851.489985        0.002504833224618
  31895.456766        0.002360845396734
  31939.423547        0.002360091813949
  31983.390327        0.002464880793981
  32027.357108        0.002650745187264
  32071.323889        0.002899965211533
  32115.290669        0.003189500934577
  32159.257450        0.003490790906750
  32203.224231        0.003834013051007
  32247.191011        0.004347259853167
  32291.157792        0.005156529645737
  32335.124573        0.006224845336509
  32379.091353        0.007269585299522
  32423.058134        0.007847171011419
  32467.024915        0.007607362387195
  32510.991695        0.006760582301006
  32554.958476        0.005869632019879
  32598.925256        0.005285694773100
  32642.892037        0.004917611767569
  32686.858818        0.004673616376826
  32730.825598        0.004581186847682
  32774.792379        0.004692113739700
  32818.759160        0.005007300170085
  32862.725940        0.005516861010428
  32906.692721        0.006180820520922
  32950.659502        0.006949666858860
  32994.626282        0.007775625786086
  33038.593063        0.008578356875060
  33082.559844        0.009313191899239
  33126.526624        0.009975245982512
  33170.493405        0.010340885076347
  33214.460186        0.010006441583853
  33258.426966        0.009029290264000
  33302.393747        0.008117908720126
  33346.360528        0.007642919189701
  33390.327308        0.007384166399263
  33434.294089        0.007184120603847
  33478.260870        0.007177694265049
  33522.227650        0.007506634893702
  33566.194431        0.008201733318528
  33610.161212        0.009298709794627
  33654.127992        0.010810824558052
  33698.094773        0.012684989708675
  33742.061553        0.014752724403594
  33786.028334        0.016725304136275
  33829.995115        0.018675699470560
  33873.961895        0.021401290715454
  33917.928676        0.025686968284953
  33961.895457        0.031191601436664
  34005.862237        0.036235873382081
  34049.829018        0.038490262474722
  34093.795799        0.035970516773357
  34137.762579        0.029687421745103
  34181.729360        0.022927401971448
  34225.696141        0.018275663963005
  34269.662921        0.015778050806918
  34313.629702        0.014790987365095
  34357.596483        0.014825712057695
  34401.563263        0.015568830239673
  34445.530044        0.016835783148688
  34489.496825        0.018515579476079
  34533.463605        0.020333463898369
  34577.430386        0.022302516171481
  34621.397167        0.025403358166456
  34665.363947        0.030943003475383
  34709.330728        0.039201438399385
  34753.297509        0.048779224749643
  34797.264289        0.055586666553977
  34841.231070        0.055025767313453
  34885.197851        0.047361547639437
  34929.164631        0.039192792688645
  34973.131412        0.034139469787039
  35017.098192        0.030801111362908
  35061.064973        0.027955675016795
  35105.031754        0.026089753999920
  35148.998534        0.025779323541665
  35192.965315        0.026992683565117
  35236.932096        0.029676475367693
  35280.898876        0.033642969301565
  35324.865657        0.038582990922390
  35368.832438        0.044064266640101
  35412.799218        0.048600083540153
  35456.765999        0.051071354326462
  35500.732780        0.052625637929343
  35544.699560        0.053912715008771
  35588.666341        0.051922812316901
  35632.633122        0.045245558831548
  35676.599902        0.038916836073566
  35720.566683        0.035681881142004
  35764.533464        0.034134725094960
  35808.500244        0.032790298243943
  35852.467025        0.032533210600926
  35896.433806        0.034025694118349
  35940.400586        0.037447734486574
  35984.367367        0.043125945922924
  36028.334148        0.051294997196860
  36072.300928        0.061784016574283
  36116.267709        0.074068431142844
  36160.234489        0.086139411500758
  36204.201270        0.097361336479634
  36248.168051        0.113604021133666
  36292.134831        0.142689100457792
  36336.101612        0.186160720625378
  36380.068393        0.235777046839989
  36424.035173        0.268919636510587
  36468.001954        0.258913974985320
  36511.968735        0.205728094639828
  36555.935515        0.146440009740760
  36599.902296        0.105846303932837
  36643.869077        0.082124114850475
  36687.835857        0.069240364960757
  36731.802638        0.063189209141355
  36775.769419        0.061293119653847
  36819.736199        0.062152675162213
  36863.702980        0.065095159879441
  36907.669761        0.069365561751759
  36951.636541        0.074075027157695
  36995.603322        0.082744670477853
  37039.570103        0.100441281317042
  37083.536883        0.130021809433079
  37127.503664        0.169982810005221
  37171.470445        0.208335607686396
  37215.437225        0.215790532956039
  37259.404006        0.180683544212490
  37303.370787        0.143841758149861
  37347.337567        0.123004799411265
  37391.304348        0.109613142333825
  37435.271128        0.095117443496103
  37479.237909        0.083948781299071
  37523.204690        0.078876568146829
  37567.171470        0.079569715919818
  37611.138251        0.086013305050335
  37655.105032        0.097220050564125
  37699.071812        0.112487870438124
  37743.038593        0.131936398888210
  37787.005374        0.147264009298870
  37830.972154        0.145939159683034
  37874.938935        0.135203859921347
  37918.905716        0.126502533469219
  37962.872496        0.117137027127772
  38006.839277        0.099507447742873
  38050.806058        0.081854291117759
  38094.772838        0.070972647817005
  38138.739619        0.065784901430226
  38182.706400        0.064557581412684
  38226.673180        0.066323384305131
  38270.639961        0.071178729481066
  38314.606742        0.079906249520218
  38358.573522        0.093942178641304
  38402.540303        0.114680045404986
  38446.507084        0.142513223050022
  38490.473864        0.174779251655108
  38534.440645        0.208487243368084
  38578.407426        0.242832314720096
  38622.374206        0.296881026043699
  38666.340987        0.395925459987380
  38710.307767        0.555916813432184
  38754.274548        0.771573248437252
  38798.241329        0.974986370337528
  38842.208109        1.000000000000000
  38886.174890        0.772298043260202
  38930.141671        0.515594235512841
  38974.108451        0.342713612913578
  39018.075232        0.238239389540023
  39062.042013        0.174300810484219
  39106.008793        0.133441001415329
  39149.975574        0.105904382684622
  39193.942355        0.086207910284191
  39237.909135        0.071426004665365
  39281.875916        0.060243510468077
  39325.842697        0.051789236521743
  39369.809477        0.045505867767383
  39413.776258        0.040713632675939
  39457.743039        0.036778080059833
  39501.709819        0.033705840730562
  39545.676600        0.031799093392156
  39589.643381        0.031190801212158
  39633.610161        0.031747621862016
  39677.576942        0.032767546192747
  39721.543723        0.032477772050918
  39765.510503        0.029455146910430
  39809.477284        0.025937567376708
  39853.444064        0.023507003017115
  39897.410845        0.021776905461646
  39941.377626        0.019961326707619
  39985.344406        0.017998062813674
  40029.311187        0.016310939870431
  40073.277968        0.014960614897538
  40117.244748        0.013932515403117
  40161.211529        0.013256952662751
  40205.178310        0.012979792660024
  40249.145090        0.013126284691669
  40293.111871        0.013792650880287
  40337.078652        0.015190201847654
  40381.045432        0.017319288333797
  40425.012213        0.019489195053688
  40468.978994        0.019852594353520
  40512.945774        0.017718480536824
  40556.912555        0.015324848164860
  40600.879336        0.013804210839809
  40644.846116        0.012945962139391
  40688.812897        0.012317727797315
  40732.779678        0.012026690215971
  40776.746458        0.012357797211121
  40820.713239        0.013434589218687
  40864.680020        0.015044689817953
  40908.646800        0.016257155768315
  40952.613581        0.016814417496547
  40996.580362        0.017769319621817
  41040.547142        0.018401028696992
  41084.513923        0.017113280070932
  41128.480703        0.014766722544384
  41172.447484        0.012888393165179
  41216.414265        0.011822149440447
  41260.381045        0.011217614841329
  41304.347826        0.011064896855044
  41348.314607        0.011664273887126
  41392.281387        0.013161770365164
  41436.248168        0.015321436862076
  41480.214949        0.017549100625693
  41524.181729        0.019176626433952
  41568.148510        0.018252257788701
  41612.115291        0.015080682078650
  41656.082071        0.012391856930945
  41700.048852        0.010962723940446
  41744.015633        0.010576408217929
  41787.982413        0.011097698260577
  41831.949194        0.012634169491139
  41875.915975        0.015530548174506
  41919.882755        0.020425106349437
  41963.849536        0.028188186533569
  42007.816317        0.039039251114647
  42051.783097        0.049940917331963
  42095.749878        0.051376684390936
  42139.716659        0.039795303001892
  42183.683439        0.027081322148210
  42227.650220        0.018581117068301
  42271.617000        0.013419636747484
  42315.583781        0.010223888022049
  42359.550562        0.008151387203421
  42403.517342        0.006742001327992
  42447.484123        0.005741960053264
  42491.450904        0.005005799862410
  42535.417684        0.004446562895465
  42579.384465        0.004010121436338
  42623.351246        0.003661517519874
  42667.318026        0.003377420547353
  42711.284807        0.003141801662780
  42755.251588        0.002943362645512
  42799.218368        0.002773956712647
  42843.185149        0.002627589364564
  42887.151930        0.002499769219261
  42931.118710        0.002387075795490
  42975.085491        0.002286865602908
  43019.052272        0.002197068119713
  43063.019052        0.002116041745111
  43106.985833        0.002042470357564
  43150.952614        0.001975287870008
  43194.919394        0.001913622600435
  43238.886175        0.001856755454134
  43282.852956        0.001804088504696
  43326.819736        0.001755120664566
  43370.786517        0.001709429176331
  43414.753298        0.001666654871055
  43458.720078        0.001626490830696
  43502.686859        0.001588673164390
  43546.653639        0.001552973794094
  43590.620420        0.001519194547257
  43634.587201        0.001487162393953
  43678.553981        0.001456725589824
  43722.520762        0.001427750429152
  43766.487543        0.001400118667334
  43810.454323        0.001373725267964
  43854.421104        0.001348476620447
  43898.387885        0.001324288980925
  43942.354665        0.001301087174804
  43986.321446        0.001278803536185
  44030.288227        0.001257376909444
  44074.255007        0.001236751943583
  44118.221788        0.001216878302688
  44162.188569        0.001197710194508
  44206.155349        0.001179205755018
  44250.122130        0.001161326703634
  44294.088911        0.001144037891849
  44338.055691        0.001127307007004
  44382.022472        0.001111104279286
  44425.989253        0.001095402194287
  44469.956033        0.001080175333329
  44513.922814        0.001065400087597
  44557.889595        0.001051054584743
  44601.856375        0.001037118426449
  44645.823156        0.001023572649558
  44689.789936        0.001010399520734
  44733.756717        0.000997582486647
  44777.723498        0.000985106044776
  44821.690278        0.000972955656965
  44865.657059        0.000961117693264
  44909.623840        0.000949579315922
  44953.590620        0.000938328471870
  44997.557401        0.000927353776477
  45041.524182        0.000916644512357
  45085.490962        0.000906190546769
  45129.457743        0.000895982297504
  45173.424524        0.000886010711404
  45217.391304        0.000876267179960
  45261.358085        0.000866743583728
  45305.324866        0.000857432163116
  45349.291646        0.000848325605093
  45393.258427        0.000839416896665
  45437.225208        0.000830699417283
  45481.191988        0.000822166814980
  45525.158769        0.000813813068468
  45569.125550        0.000805632415160
  45613.092330        0.000797619359189
  45657.059111        0.000789768658567
  45701.025892        0.000782075282333
  45744.992672        0.000774534442986
  45788.959453        0.000767141529545
  45832.926234        0.000759892151935
  45876.893014        0.000752782083790
  45920.859795        0.000745807281636
  45964.826575        0.000738963867531
  46008.793356        0.000732248102601
  46052.760137        0.000725656422179
  46096.726917        0.000719185364459
  46140.693698        0.000712831643615
  46184.660479        0.000706592054668
  46228.627259        0.000700463553488
  46272.594040        0.000694443174043
  46316.560821        0.000688528082041
  46360.527601        0.000682715535943
  46404.494382        0.000677002889016
  46448.461163        0.000671387605953
  46492.427943        0.000665867210456
  46536.394724        0.000660439349151
  46580.361505        0.000655101706464
  46624.328285        0.000649852088215
  46668.295066        0.000644688335854
  46712.261847        0.000639608393450
  46756.228627        0.000634610252121
  46800.195408        0.000629691975888
  46844.162189        0.000624851694381
  46888.128969        0.000620087582964
  46932.095750        0.000615397897004
  46976.062531        0.000610780920925
  47020.029311        0.000606235017914
  47063.996092        0.000601758579218
  47107.962872        0.000597350058226
  47151.929653        0.000593007952143
  47195.896434        0.000588730794201
  47239.863214        0.000584517183470
  47283.829995        0.000580365726743
  47327.796776        0.000576275112992
  47371.763556        0.000572244020960
  47415.730337        0.000568271216125
  47459.697118        0.000564355453480
  47503.663898        0.000560495562813
  47547.630679        0.000556690377192
  47591.597460        0.000552938779074
  47635.564240        0.000549239676068
  47679.531021        0.000545591998758
  47723.497802        0.000541994723606
  47767.464582        0.000538446831889
  47811.431363        0.000534947358228
  47855.398144        0.000531495337389
  47899.364924        0.000528089848978
  47943.331705        0.000524729984513
  47987.298486        0.000521414861034
  48031.265266        0.000518143628328
  48075.232047        0.000514915437794
  48119.198828        0.000511729491242
  48163.165608        0.000508584974602
  48207.132389        0.000505481131865
  48251.099170        0.000502417189532
  48295.065950        0.000499392424949
  48339.032731        0.000496406110783
  48382.999511        0.000493457548736
  48426.966292        0.000490546057496
  48470.933073        0.000487670958991
  48514.899853        0.000484831615096
  48558.866634        0.000482027371550
  48602.833415        0.000479257626414
  48646.800195        0.000476521754121
  48690.766976        0.000473819177747
  48734.733757        0.000471149305127
  48778.700537        0.000468511576971
  48822.667318        0.000465905438715
  48866.634099        0.000463330346401
  48910.600879        0.000460785780506
  48954.567660        0.000458271212729
  48998.534441        0.000455786150686
  49042.501221        0.000453330087443
  49086.468002        0.000450902550372
  49130.434783        0.000448503061239
  49174.401563        0.000446131159569
  49218.368344        0.000443786397881
  49262.335125        0.000441468323126
  49306.301905        0.000439176517213
  49350.268686        0.000436910537493
  49394.235467        0.000434669990657
  49438.202247        0.000432454450213
  49482.169028        0.000430263538022
  49526.135809        0.000428096848943
  49570.102589        0.000425954012144
  49614.069370        0.000423834649211
  49658.036150        0.000421738394192
  49702.002931        0.000419664895537
  49745.969712        0.000417613792345
  49789.936492        0.000415584753504
  49833.903273        0.000413577427910
  49877.870054        0.000411591498009
  49921.836834        0.000409626630577
  49965.803615        0.000407682514818
  50009.770396        0.000405758839326
  50053.737176        0.000403855294572
  50097.703957        0.000401971590697
  50141.670738        0.000400107420938
  50185.637518        0.000398262514130
  50229.604299        0.000396436572126
  50273.571080        0.000394629334501
  50317.537860        0.000392840517063
  50361.504641        0.000391069861806
  50405.471422        0.000389317104190
  50449.438202        0.000387581985628
  50493.404983        0.000385864263387
  50537.371764        0.000384163678293
  50581.338544        0.000382480004468
  50625.305325        0.000380812985814
  50669.272106        0.000379162406566
  50713.238886        0.000377528021802
  50757.205667        0.000375909619553
  50801.172447        0.000374306971658
  50845.139228        0.000372719863883
  50889.106009        0.000371148085584
  50933.072789        0.000369591419994
  50977.039570        0.000368049672359
  51021.006351        0.000366522628803
  51064.973131        0.000365010104179
  51108.939912        0.000363511892988
  51152.906693        0.000362027811157
  51196.873473        0.000360557667206
  51240.840254        0.000359101274170
  51284.807035        0.000357658458297
  51328.773815        0.000356229029424
  51372.740596        0.000354812828300
  51416.707377        0.000353409664132
  51460.674157        0.000352019385631
  51504.640938        0.000350641808823
  51548.607719        0.000349276784398
  51592.574499        0.000347924142020
  51636.541280        0.000346583728146
  51680.508061        0.000345255387832
  51724.474841        0.000343938961370
  51768.441622        0.000342634308358
  51812.408403        0.000341341267555
  51856.375183        0.000340059708317
  51900.341964        0.000338789473601
  51944.308745        0.000337530434069
  51988.275525        0.000336282442446
  52032.242306        0.000335045365502
  52076.209086        0.000333819070583
  52120.175867        0.000332603419717
  52164.142648        0.000331398293587
  52208.109428        0.000330203551037
  52252.076209        0.000329019080052
  52296.042990        0.000327844742592
  52340.009770        0.000326680428177
  52383.976551        0.000325526009444
  52427.943332        0.000324381371422
  52471.910112        0.000323246400248
  52515.876893        0.000322120973132
  52559.843674        0.000321004989374
  52603.810454        0.000319898321858
  52647.777235        0.000318800879567
  52691.744016        0.000317712536990
  52735.710796        0.000316633204814
  52779.677577        0.000315562764639
  52823.644358        0.000314501122462
  52867.611138        0.000313448172529
  52911.577919        0.000312403814522
  52955.544700        0.000311367955992
  52999.511480        0.000310340491098
  53043.478261        0.000309321335456
  53087.445042        0.000308310382694
  53131.411822        0.000307307550748
  53175.378603        0.000306312740576
  53219.345383        0.000305325866674
  53263.312164        0.000304346841380
  53307.278945        0.000303375571310
  53351.245725        0.000302411980410
  53395.212506        0.000301455969360
  53439.179287        0.000300507471367
  53483.146067        0.000299566387016
  53527.112848        0.000298632651744
  53571.079629        0.000297706171495
  53615.046409        0.000296786876653
  53659.013190        0.000295874684245
  53702.979971        0.000294969517111
  53746.946751        0.000294071305682
  53790.913532        0.000293179965542
  53834.880313        0.000292295436325
  53878.847093        0.000291417630129
  53922.813874        0.000290546489920
  53966.780655        0.000289681932084
  54010.747435        0.000288823897323
  54054.714216        0.000287972311692
  54098.680997        0.000287127108365
  54142.647777        0.000286288224026
  54186.614558        0.000285455584475
  54230.581339        0.000284629135676
  54274.548119        0.000283808801387
  54318.514900        0.000282994531102
  54362.481681        0.000282186251978
  54406.448461        0.000281383909295
  54450.415242        0.000280587439204
  54494.382022        0.000279796779285
  54538.348803        0.000279011878311
  54582.315584        0.000278232666047
  54626.282364        0.000277459101006
  54670.249145        0.000276691107842
  54714.215926        0.000275928648884
  54758.182706        0.000275171650911
  54802.149487        0.000274420074543
  54846.116268        0.000273673855248
  54890.083048        0.000272932946231
  54934.049829        0.000272197293516
  54978.016610        0.000271466841299
  55021.983390        0.000270741545536
  55065.950171        0.000270021345920
  55109.916952        0.000269306203923
  55153.883732        0.000268596060247
  55197.850513        0.000267890874087
  55241.817294        0.000267190592581
  55285.784074        0.000266495167959
  55329.750855        0.000265804558425
  55373.717636        0.000265118708602
  55417.684416        0.000264437586526
  55461.651197        0.000263761130951
  55505.617978        0.000263089314082
  55549.584758        0.000262422075065
  55593.551539        0.000261759384790
  55637.518319        0.000261101190121
  55681.485100        0.000260447454906
  55725.451881        0.000259798136589
  55769.418661        0.000259153188923
  55813.385442        0.000258512579793
  55857.352223        0.000257876256253
  55901.319003        0.000257244193373
  55945.285784        0.000256616337192
  55989.252565        0.000255992662466
  56033.219345        0.000255373119576
  56077.186126        0.000254757677045
  56121.152907        0.000254146294937
  56165.119687        0.000253538934111
  56209.086468        0.000252935564875
  56253.053249        0.000252336141330
  56297.020029        0.000251740639052
  56340.986810        0.000251149010371
  56384.953591        0.000250561230653
  56428.920371        0.000249977258091
  56472.887152        0.000249397062309
  56516.853933        0.000248820611303
  56560.820713        0.000248247864790
  56604.787494        0.000247678800865
  56648.754275        0.000247113371369
  56692.721055        0.000246551562228
  56736.687836        0.000245993323088
  56780.654617        0.000245438640904
  56824.621397        0.000244887468516
  56868.588178        0.000244339786955
  56912.554958        0.000243795557921
  56956.521739        0.000243254754137
  57000.488520        0.000242717348403
  57044.455300        0.000242183305414
  57088.422081        0.000241652605087
  57132.388862        0.000241125207830
  57176.355642        0.000240601095108
  57220.322423        0.000240080230565
  57264.289204        0.000239562591857
  57308.255984        0.000239048151002
  57352.222765        0.000238536876889
  57396.189546        0.000238028750843
  57440.156326        0.000237523733343
  57484.123107        0.000237021813620
  57528.089888        0.000236522949049
  57572.056668        0.000236027131047
  57616.023449        0.000235534319308
  57659.990230        0.000235044499904
  57703.957010        0.000234557640469
  57747.923791        0.000234073718322
  57791.890572        0.000233592712608
  57835.857352        0.000233114591729
  57879.824133        0.000232639343583
  57923.790914        0.000232166930324
  57967.757694        0.000231697342953
  58011.724475        0.000231230544463
  58055.691255        0.000230766523623
  58099.658036        0.000230305250598
  58143.624817        0.000229846706409
  58187.591597        0.000229390870179
  58231.558378        0.000228937713816
  58275.525159        0.000228487224776
  58319.491939        0.000228039370331
  58363.458720        0.000227594141844
  58407.425501        0.000227151507417
  58451.392281        0.000226711454693
  58495.359062        0.000226273958004
  58539.325843        0.000225838996754
  58583.292623        0.000225406556046
  58627.259404        0.000224976606422
  58671.226185        0.000224549142492
  58715.192965        0.000224124127725
  58759.159746        0.000223701560679
  58803.126527        0.000223281404027
  58847.093307        0.000222863654873
  58891.060088        0.000222448282303
  58935.026869        0.000222035276276
  58978.993649        0.000221624615140
  59022.960430        0.000221216278770
  59066.927211        0.000220810254725
  59110.893991        0.000220406516145
  59154.860772        0.000220005056581
  59198.827553        0.000219605847986
  59242.794333        0.000219208882574
  59286.761114        0.000218814136403
  59330.727894        0.000218421594652
  59374.694675        0.000218031242676
  59418.661456        0.000217643057304
  59462.628236        0.000217257033597
  59506.595017        0.000216873141047
  59550.561798        0.000216491379419
  59594.528578        0.000216111715987
  59638.495359        0.000215734149753
  59682.462140        0.000215358653394
  59726.428920        0.000214985219564
  59770.395701        0.000214613830292
  59814.362482        0.000214244467761
  59858.329262        0.000213877123739
  59902.296043        0.000213511771972
  59946.262824        0.000213148411745
  59990.229604        0.000212787013922
  60034.196385        0.000212427578578
  60078.163166        0.000212070079032
  60122.129946        0.000211714509384
  60166.096727        0.000211360850986
  60210.063508        0.000211009089662
  60254.030288        0.000210659216919
  60297.997069        0.000210311210660
  60341.963850        0.000209965068522
  60385.930630        0.000209620764320
  60429.897411        0.000209278296298
  60473.864191        0.000208937641720
  60517.830972        0.000208598794048
  60561.797753        0.000208261739063
  60605.764533        0.000207926460548
  60649.731314        0.000207592953735
  60693.698095        0.000207261193192
  60737.664875        0.000206931182168
  60781.631656        0.000206602891336
  60825.598437        0.000206276326193
  60869.565217        0.000205951458940
  60913.531998        0.000205628289825
  60957.498779        0.000205306798265
  61001.465559        0.000204986975873
  61045.432340        0.000204668812837
  61089.399121        0.000204352291936
  61133.365901        0.000204037411364
  61177.332682        0.000203724147754
  61221.299463        0.000203412501740
  61265.266243        0.000203102450878
  61309.233024        0.000202793992952
  61353.199805        0.000202487112660
  61397.166585        0.000202181799497
  61441.133366        0.000201878047013
  61485.100147        0.000201575835201
  61529.066927        0.000201275165790
  61573.033708        0.000200976013854
  61617.000489        0.000200678384701
  61660.967269        0.000200382254024
  61704.934050        0.000200087623040
  61748.900830        0.000199794473584
  61792.867611        0.000199502798261
  61836.834392        0.000199212589609
  61880.801172        0.000198923830919
  61924.767953        0.000198636524144
  61968.734734        0.000198350645087
  62012.701514        0.000198066199615
  62056.668295        0.000197783162332
  62100.635076        0.000197501537643
  62144.601856        0.000197221306128
  62188.568637        0.000196942465019
  62232.535418        0.000196665003672
  62276.502198        0.000196388909320
  62320.468979        0.000196114180016
  62364.435760        0.000195840796435
  62408.402540        0.000195568762027
  62452.369321        0.000195298056483
  62496.336102        0.000195028681232
  62540.302882        0.000194760620336
  62584.269663        0.000194493867541
  62628.236444        0.000194228416502
  62672.203224        0.000193964251998
  62716.170005        0.000193701377582
  62760.136786        0.000193439770125
  62804.103566        0.000193179438018
  62848.070347        0.000192920355490
  62892.037128        0.000192662530243
  62936.003908        0.000192405941565
  62979.970689        0.000192150590760
  63023.937469        0.000191896466136
  63067.904250        0.000191643558471
  63111.871031        0.000191391865546
  63155.837811        0.000191141369694
  63199.804592        0.000190892075924
  63243.771373        0.000190643963669
  63287.738153        0.000190397038384
  63331.704934        0.000190151281944
  63375.671715        0.000189906693519
  63419.638495        0.000189663263051
  63463.605276        0.000189420981211
  63507.572057        0.000189179847989
  63551.538837        0.000188939845960
  63595.505618        0.000188700981003
  63639.472399        0.000188463231617
  63683.439179        0.000188226603977
  63727.405960        0.000187991080175
  63771.372741        0.000187756661140
  63815.339521        0.000187523337679
  63859.306302        0.000187291100512
  63903.273083        0.000187059950148
  63947.239863        0.000186829867633
  63991.206644        0.000186600861715
  64035.173425        0.000186372909118
  64079.140205        0.000186146020949
  64123.106986        0.000185920175089
  64167.073766        0.000185695377487
  64211.040547        0.000185471612963
  64255.007328        0.000185248878911
  64298.974108        0.000185027170607
  64342.940889        0.000184806476702
  64386.907670        0.000184586800088
  64430.874450        0.000184368123426
  64474.841231        0.000184150451611
  64518.808012        0.000183933768557
  64562.774792        0.000183718075787
  64606.741573        0.000183503364661
  64650.708354        0.000183289627848
  64694.675134        0.000183076865870
  64738.641915        0.000182865061422
  64782.608696        0.000182654223429
  64826.575476        0.000182444329357
  64870.542257        0.000182235391775
  64914.509038        0.000182027388558
  64958.475818        0.000181820328040
  65002.442599        0.000181614194229
  65046.409380        0.000181408986670
  65090.376160        0.000181204700168
  65134.342941        0.000181001324683
  65178.309722        0.000180798864457
  65222.276502        0.000180597301719
  65266.243283        0.000180396644643
  65310.210064        0.000180196874158
  65354.176844        0.000179997996934
  65398.143625        0.000179799999758
  65442.110405        0.000179602882047
  65486.077186        0.000179406639207
  65530.043967        0.000179211260642
  65574.010747        0.000179016750274
  65617.977528        0.000178823091125
  65661.944309        0.000178630292113
  65705.911089        0.000178438335571
  65749.877870        0.000178247227807
  65793.844651        0.000178056956000
  65837.811431        0.000177867518134
  65881.778212        0.000177678911547
  65925.744993        0.000177491124555
  65969.711773        0.000177304164930
  66013.678554        0.000177118012392
  66057.645335        0.000176932679982
  66101.612115        0.000176748144284
  66145.578896        0.000176564417970
  66189.545677        0.000176381482317
  66233.512457        0.000176199343792
  66277.479238        0.000176017992360
  66321.446019        0.000175837424121
  66365.412799        0.000175657638187
  66409.379580        0.000175478622465
  66453.346361        0.000175300382923
  66497.313141        0.000175122904884
  66541.279922        0.000174946194214
  66585.246702        0.000174770239087
  66629.213483        0.000174595038532
  66673.180264        0.000174420589276
  66717.147044        0.000174246881317
  66761.113825        0.000174073921790
  66805.080606        0.000173901692116
  66849.047386        0.000173730205538
  66893.014167        0.000173559439182
  66936.980948        0.000173389406615
  66980.947728        0.000173220088597
  67024.914509        0.000173051493242
  67068.881290        0.000172883610142
  67112.848070        0.000172716436856
  67156.814851        0.000172549972894
  67200.781632        0.000172384205816
  67244.748412        0.000172219143651
  67288.715193        0.000172054769356
  67332.681974        0.000171891093433
  67376.648754        0.000171728099774
  67420.615535        0.000171565793760
  67464.582316        0.000171404166096
  67508.549096        0.000171243213693
  67552.515877        0.000171082937547
  67596.482658        0.000170923325943
  67640.449438        0.000170764387125
  67684.416219        0.000170606103756
  67728.383000        0.000170448485527
  67772.349780        0.000170291516935
  67816.316561        0.000170135203573
  67860.283341        0.000169979538103
  67904.250122        0.000169824516358
  67948.216903        0.000169670140933
  67992.183683        0.000169516396864
  68036.150464        0.000169363295909
  68080.117245        0.000169210817145
  68124.084025        0.000169058976528
  68168.050806        0.000168907752934
  68212.017587        0.000168757158455
  68255.984367        0.000168607177714
  68299.951148        0.000168457814328
  68343.917929        0.000168309063386
  68387.884709        0.000168160919221
  68431.851490        0.000168013385928
  68475.818271        0.000167866450416
  68519.785051        0.000167720120230
  68563.751832        0.000167574381497
  68607.718613        0.000167429239665
  68651.685393        0.000167284687328
  68695.652174        0.000167140721946
  68739.618955        0.000166997345307
  68783.585735        0.000166854544230
  68827.552516        0.000166712329501
  68871.519297        0.000166570681143
  68915.486077        0.000166429615222
  68959.452858        0.000166289110877
  69003.419638        0.000166149181491
  69047.386419        0.000166009811103
  69091.353200        0.000165871004576
  69135.319980        0.000165732756370
  69179.286761        0.000165595061345
  69223.253542        0.000165457924630
  69267.220322        0.000165321332172
  69311.187103        0.000165185294569
  69355.153884        0.000165049794424
  69399.120664        0.000164914842106
  69443.087445        0.000164780424806
  69487.054226        0.000164646546671
  69531.021006        0.000164513203487
  69574.987787        0.000164380389060
  69618.954568        0.000164248108176
  69662.921348        0.000164116346668
  69706.888129        0.000163985115838
  69750.854910        0.000163854399367
  69794.821690        0.000163724207801
  69838.788471        0.000163594528303
  69882.755252        0.000163465363774
  69926.722032        0.000163336710779
  69970.688813        0.000163208562317
  70014.655594        0.000163080926229
  70058.622374        0.000162953786066
  70102.589155        0.000162827156441
  70146.555936        0.000162701015909
  70190.522716        0.000162575379963
  70234.489497        0.000162450230347
  70278.456277        0.000162325577449
  70322.423058        0.000162201411525
  70366.389839        0.000162077732576
  70410.356619        0.000161954540509
  70454.323400        0.000161831825627
  70498.290181        0.000161709595991
  70542.256961        0.000161587837721
  70586.223742        0.000161466560783
  70630.190523        0.000161345752756
  70674.157303        0.000161225417790
  70718.124084        0.000161105550992
  70762.090865        0.000160986147353
  70806.057645        0.000160867212916
  70850.024426        0.000160748733428
  70893.991207        0.000160630722605
  70937.957987        0.000160513160170
  70981.924768        0.000160396061523
  71025.891549        0.000160279408158
  71069.858329        0.000160163211275
  71113.825110        0.000160047460687
  71157.791891        0.000159932157526
  71201.758671        0.000159817301790
  71245.725452        0.000159702883479
  71289.692233        0.000159588912063
  71333.659013        0.000159475371380
  71377.625794        0.000159362275211
  71421.592574        0.000159249607068
  71465.559355        0.000159137376854
  71509.526136        0.000159025573828
  71553.492916        0.000158914199350
  71597.459697        0.000158803253224
  71641.426478        0.000158692727496
  71685.393258        0.000158582630879
  71729.360039        0.000158472948125
  71773.326820        0.000158363691024
  71817.293600        0.000158254843986
  71861.260381        0.000158146416178
  71905.227162        0.000158038399164
  71949.193942        0.000157930793323
  71993.160723        0.000157823600151
  72037.127504        0.000157716808547
  72081.094284        0.000157610429770
  72125.061065        0.000157504445279
  72169.027846        0.000157398872167
  72212.994626        0.000157293690509
  72256.961407        0.000157188914996
  72300.928188        0.000157084530371
  72344.894968        0.000156980542910
  72388.861749        0.000156876947758
  72432.828530        0.000156773741261
  72476.795310        0.000156670929084
  72520.762091        0.000156568498737
  72564.728872        0.000156466461067
  72608.695652        0.000156364800609
  72652.662433        0.000156263527600
  72696.629213        0.000156162631679
  72740.595994        0.000156062116261
  72784.562775        0.000155961980079
  72828.529555        0.000155862215563
  72872.496336        0.000155762831002
  72916.463117        0.000155663810487
  72960.429897        0.000155565169104
  73004.396678        0.000155466888630
  73048.363459        0.000155368983363
  73092.330239        0.000155271438650
  73136.297020        0.000155174260815
  73180.263801        0.000155077445013
  73224.230581        0.000154980987270
  73268.197362        0.000154884894416
  73312.164143        0.000154789152606
  73356.130923        0.000154693775773
  73400.097704        0.000154598744781
  73444.064485        0.000154504074576
  73488.031265        0.000154409749214
  73531.998046        0.000154315778488
  73575.964827        0.000154222155019
  73619.931607        0.000154128878057
  73663.898388        0.000154035949915
  73707.865169        0.000153943360153
  73751.831949        0.000153851119164
  73795.798730        0.000153759212569
  73839.765511        0.000153667652281
  73883.732291        0.000153576425812
  73927.699072        0.000153485538619
  73971.665852        0.000153394986424
  74015.632633        0.000153304764856
  74059.599414        0.000153214881308
  74103.566194        0.000153125321422
  74147.532975        0.000153036100801
  74191.499756        0.000152947198566
  74235.466536        0.000152858632305
  74279.433317        0.000152770382795
  74323.400098        0.000152682463512
  74367.366878        0.000152594863593
  74411.333659        0.000152507586234
  74455.300440        0.000152420630900
  74499.267220        0.000152333989484
  74543.234001        0.000152247671046
  74587.200782        0.000152161661319
  74631.167562        0.000152075973578
  74675.134343        0.000151990593384
  74719.101124        0.000151905529796
  74763.067904        0.000151820774483
  74807.034685        0.000151736327581
  74851.001466        0.000151652191702
  74894.968246        0.000151568357344
  74938.935027        0.000151484836209
  74982.901808        0.000151401611346
  75026.868588        0.000151318697496
  75070.835369        0.000151236077616
  75114.802149        0.000151153763444
  75158.768930        0.000151071745601
  75202.735711        0.000150990026384
  75246.702491        0.000150908606965
  75290.669272        0.000150827477491
  75334.636053        0.000150746649576
  75378.602833        0.000150666105392
  75422.569614        0.000150585862803
  75466.536395        0.000150505902204
  75510.503175        0.000150426239247
  75554.469956        0.000150346858877
  75598.436737        0.000150267768402
  75642.403517        0.000150188963166
  75686.370298        0.000150110440519
  75730.337079        0.000150032206306
  75774.303859        0.000149954249181
  75818.270640        0.000149876579847
  75862.237421        0.000149799184343
  75906.204201        0.000149722072233
  75950.170982        0.000149645235370
  75994.137763        0.000149568675762
  76038.104543        0.000149492395086
  76082.071324        0.000149416383570
  76126.038105        0.000149340653126
  76170.004885        0.000149265185044
  76213.971666        0.000149189998567
  76257.938447        0.000149115072336
  76301.905227        0.000149040424887
  76345.872008        0.000148966038447
  76389.838788        0.000148891923419
  76433.805569        0.000148818072084
  76477.772350        0.000148744484262
  76521.739130        0.000148671164249
  76565.705911        0.000148598101687
  76609.672692        0.000148525308071
  76653.639472        0.000148452767702
  76697.606253        0.000148380493091
  76741.573034        0.000148308471843
  76785.539814        0.000148236711145
  76829.506595        0.000148165207348
  76873.473376        0.000148093956862
  76917.440156        0.000148022965881
  76961.406937        0.000147952221035
  77005.373718        0.000147881736608
  77049.340498        0.000147811495474
  77093.307279        0.000147741513020
  77137.274060        0.000147671774551
  77181.240840        0.000147602288278
  77225.207621        0.000147533048534
  77269.174402        0.000147464052824
  77313.141182        0.000147395308078
  77357.107963        0.000147326800955
  77401.074744        0.000147258547357
  77445.041524        0.000147190526624
  77489.008305        0.000147122757264
  77532.975085        0.000147055219868
  77576.941866        0.000146987929190
  77620.908647        0.000146920873930
  77664.875427        0.000146854058688
  77708.842208        0.000146787482282
  77752.808989        0.000146721138203
  77796.775769        0.000146655034634
  77840.742550        0.000146589159285
  77884.709331        0.000146523524055
  77928.676111        0.000146458117098
  77972.642892        0.000146392945277
  78016.609673        0.000146328003707
  78060.576453        0.000146263289472
  78104.543234        0.000146198809567
  78148.510015        0.000146134550538
  78192.476795        0.000146070529201
  78236.443576        0.000146006724032
  78280.410357        0.000145943155300
  78324.377137        0.000145879801125
  78368.343918        0.000145816678924
  78412.310699        0.000145753774559
  78456.277479        0.000145691095756
  78500.244260        0.000145628639159
  78544.211041        0.000145566400067
  78588.177821        0.000145504385816
  78632.144602        0.000145442583493
  78676.111383        0.000145381006905
  78720.078163        0.000145319641341
  78764.044944        0.000145258498257
  78808.011724        0.000145197567579
  78851.978505        0.000145136852227
  78895.945286        0.000145076352809
  78939.912066        0.000145016062163
  78983.878847        0.000144955991429
  79027.845628        0.000144896124683
  79071.812408        0.000144836477704
  79115.779189        0.000144777032393
  79159.745970        0.000144717802860
  79203.712750        0.000144658777585
  79247.679531        0.000144599962223
  79291.646312        0.000144541356035
  79335.613092        0.000144482951821
  79379.579873        0.000144424760046
  79423.546654        0.000144366763668
  79467.513434        0.000144308981357
  79511.480215        0.000144251392723
  79555.446996        0.000144194016272
  79599.413776        0.000144136834686
  79643.380557        0.000144079858675
  79687.347338        0.000144023080798
  79731.314118        0.000143966501445
  79775.280899        0.000143910124898
  79819.247680        0.000143853941625
  79863.214460        0.000143797962611
  79907.181241        0.000143742173548
  79951.148021        0.000143686585852
  79995.114802        0.000143631189382
  80039.081583        0.000143575989264
  80083.048363        0.000143520985067
  80127.015144        0.000143466170020
  80170.981925        0.000143411554546
  80214.948705        0.000143357121217
  80258.915486        0.000143302889362
  80302.882267        0.000143248837224
  80346.849047        0.000143194985571
  80390.815828        0.000143141314878
  80434.782609        0.000143087838699
  80478.749389        0.000143034546650
  80522.716170        0.000142981441432
  80566.682951        0.000142928525587
  80610.649731        0.000142875790659
  80654.616512        0.000142823248297
  80698.583293        0.000142770882644
  80742.550073        0.000142718707908
  80786.516854        0.000142666709625
  80830.483635        0.000142614898054
  80874.450415        0.000142563267103
  80918.417196        0.000142511816586
  80962.383977        0.000142460550757
  81006.350757        0.000142409458119
  81050.317538        0.000142358552403
  81094.284319        0.000142307816445
  81138.251099        0.000142257267436
  81182.217880        0.000142206889065
  81226.184660        0.000142156692780
  81270.151441        0.000142106670051
  81314.118222        0.000142056821584
  81358.085002        0.000142007151819
  81402.051783        0.000141957649983
  81446.018564        0.000141908331163
  81489.985344        0.000141859175645
  81533.952125        0.000141810202642
  81577.918906        0.000141761391631
  81621.885686        0.000141712759389
  81665.852467        0.000141664292860
  81709.819248        0.000141615999276
  81753.786028        0.000141567876219
  81797.752809        0.000141519918541
  81841.719590        0.000141472134369
  81885.686370        0.000141424510718
  81929.653151        0.000141377061685
  81973.619932        0.000141329773082
  82017.586712        0.000141282655938
  82061.553493        0.000141235701575
  82105.520274        0.000141188911484
  82149.487054        0.000141142288640
  82193.453835        0.000141095823541
  82237.420616        0.000141049530523
  82281.387396        0.000141003390604
  82325.354177        0.000140957423340
  82369.320957        0.000140911607166
  82413.287738        0.000140865960154
  82457.254519        0.000140820467351
  82501.221299        0.000140775138184
  82545.188080        0.000140729968747
  82589.154861        0.000140684955279
  82633.121641        0.000140640105367
  82677.088422        0.000140595405147
  82721.055203        0.000140550870652
  82765.021983        0.000140506484590
  82808.988764        0.000140462262725
  82852.955545        0.000140418191047
  82896.922325        0.000140374277139
  82940.889106        0.000140330517272
  82984.855887        0.000140286908431
  83028.822667        0.000140243458889
  83072.789448        0.000140200155527
  83116.756229        0.000140157013307
  83160.723009        0.000140114014459
  83204.689790        0.000140071173976
  83248.656571        0.000140028478864
  83292.623351        0.000139985937147
  83336.590132        0.000139943546348
  83380.556913        0.000139901301701
  83424.523693        0.000139859212451
  83468.490474        0.000139817262356
  83512.457255        0.000139775470285
  83556.424035        0.000139733815072
  83600.390816        0.000139692317466
  83644.357596        0.000139650958275
  83688.324377        0.000139609751148
  83732.291158        0.000139568686009
  83776.257938        0.000139527765565
  83820.224719        0.000139486992800
  83864.191500        0.000139446359190
  83908.158280        0.000139405876726
  83952.125061        0.000139365529663
  83996.091842        0.000139325332241
  84040.058622        0.000139285270699
  84084.025403        0.000139245354688
  84127.992184        0.000139205579518
  84171.958964        0.000139165943507
  84215.925745        0.000139126453037
  84259.892526        0.000139087094484
  84303.859306        0.000139047884326
  84347.826087        0.000139008802923
  84391.792868        0.000138969870411
  84435.759648        0.000138931067998
  84479.726429        0.000138892409750
  84523.693210        0.000138853884949
  84567.659990        0.000138815496569
  84611.626771        0.000138777247450
  84655.593552        0.000138739128524
  84699.560332        0.000138701153803
  84743.527113        0.000138663304853
  84787.493894        0.000138625599981
  84831.460674        0.000138588019838
  84875.427455        0.000138550580314
  84919.394235        0.000138513269710
  84963.361016        0.000138476094149
  85007.327797        0.000138439052769
  85051.294577        0.000138402139007
  85095.261358        0.000138365362688
  85139.228139        0.000138328709528
  85183.194919        0.000138292195233
  85227.161700        0.000138255804691
  85271.128481        0.000138219549756
  85315.095261        0.000138183421512
  85359.062042        0.000138147421468
  85403.028823        0.000138111553373
  85446.995603        0.000138075806908
  85490.962384        0.000138040198062
  85534.929165        0.000138004706191
  85578.895945        0.000137969352959
  85622.862726        0.000137934114783
  85666.829507        0.000137899012141
  85710.796287        0.000137864028044
  85754.763068        0.000137829174178
  85798.729849        0.000137794444725
  85842.696629        0.000137759837918
  85886.663410        0.000137725359780
  85930.630191        0.000137690998336
  85974.596971        0.000137656768026
  86018.563752        0.000137622653606
  86062.530532        0.000137588668918
  86106.497313        0.000137554802324
  86150.464094        0.000137521058998
  86194.430874        0.000137487438156
  86238.397655        0.000137453933873
  86282.364436        0.000137420557926
  86326.331216        0.000137387293808
  86370.297997        0.000137354160156
  86414.264778        0.000137321135826
  86458.231558        0.000137288239252
  86502.198339        0.000137255454594
  86546.165120        0.000137222792746
  86590.131900        0.000137190249074
  86634.098681        0.000137157820701
  86678.065462        0.000137125515583
  86722.032242        0.000137093318659
  86765.999023        0.000137061248213
  86809.965804        0.000137029283833
  86853.932584        0.000136997446009
  86897.899365        0.000136965715876
  86941.866146        0.000136934106931
  86985.832926        0.000136902609480
  87029.799707        0.000136871226103
  87073.766488        0.000136839960193
  87117.733268        0.000136808803196
  87161.700049        0.000136777767245
  87205.666830        0.000136746836905
  87249.633610        0.000136716026039
  87293.600391        0.000136685321914
  87337.567171        0.000136654732969
  87381.533952        0.000136624256536
  87425.500733        0.000136593888553
  87469.467513        0.000136563638565
  87513.434294        0.000136533489495
  87557.401075        0.000136503461923
  87601.367855        0.000136473532115
  87645.334636        0.000136443724693
  87689.301417        0.000136414016453
  87733.268197        0.000136384426116
  87777.234978        0.000136354938602
  87821.201759        0.000136325561412
  87865.168539        0.000136296293342
  87909.135320        0.000136267129525
  87953.102101        0.000136238079991
  87997.068881        0.000136209130415
  88041.035662        0.000136180295118
  88085.002443        0.000136151559133
  88128.969223        0.000136122934099
  88172.936004        0.000136094413074
  88216.902785        0.000136065997313
  88260.869565        0.000136037691213
  88304.836346        0.000136009482979
  88348.803127        0.000135981388056
  88392.769907        0.000135953386830
  88436.736688        0.000135925500428
  88480.703468        0.000135897708670
  88524.670249        0.000135870028394
  88568.637030        0.000135842446309
  88612.603810        0.000135814968065
  88656.570591        0.000135787594017
  88700.537372        0.000135760316896
  88744.504152        0.000135733150313
  88788.470933        0.000135706075764
  88832.437714        0.000135679113378
  88876.404494        0.000135652241034
  88920.371275        0.000135625478124
  88964.338056        0.000135598808888
  89008.304836        0.000135572244179
  89052.271617        0.000135545779108
  89096.238398        0.000135519411142
  89140.205178        0.000135493147117
  89184.171959        0.000135466974691
  89228.138740        0.000135440908668
  89272.105520        0.000135414934057
  89316.072301        0.000135389064040
  89360.039082        0.000135363288344
  89404.005862        0.000135337610415
  89447.972643        0.000135312032029
  89491.939424        0.000135286544238
  89535.906204        0.000135261162635
  89579.872985        0.000135235866607
  89623.839766        0.000135210679495
  89667.806546        0.000135185575288
  89711.773327        0.000135160577717
  89755.740107        0.000135135665761
  89799.706888        0.000135110855679
  89843.673669        0.000135086137700
  89887.640449        0.000135061514250
  89931.607230        0.000135036988189
  89975.574011        0.000135012549595
  90019.540791        0.000134988211866
  90063.507572        0.000134963959780
  90107.474353        0.000134939808620
  90151.441133        0.000134915745090
  90195.407914        0.000134891777061
  90239.374695        0.000134867900954
  90283.341475        0.000134844113153
  90327.308256        0.000134820423736
  90371.275037        0.000134796817413
  90415.241817        0.000134773313239
  90459.208598        0.000134749889103
  90503.175379        0.000134726565537
  90547.142159        0.000134703323617
  90591.108940        0.000134680177718
  90635.075721        0.000134657119880
  90679.042501        0.000134634151030
  90723.009282        0.000134611276415
  90766.976063        0.000134588482917
  90810.942843        0.000134565787751
  90854.909624        0.000134543170328
  90898.876404        0.000134520652645
  90942.843185        0.000134498214041
  90986.809966        0.000134475870911
  91030.776746        0.000134453610587
  91074.743527        0.000134431438483
  91118.710308        0.000134409355520
  91162.677088        0.000134387355014
  91206.643869        0.000134365448834
  91250.610650        0.000134343621135
  91294.577430        0.000134321887517
  91338.544211        0.000134300232422
  91382.510992        0.000134278667677
  91426.477772        0.000134257187020
  91470.444553        0.000134235790547
  91514.411334        0.000134214484524
  91558.378114        0.000134193254807
  91602.344895        0.000134172119922
  91646.311676        0.000134151056862
  91690.278456        0.000134130090736
  91734.245237        0.000134109197325
  91778.212018        0.000134088397686
  91822.178798        0.000134067674266
  91866.145579        0.000134047037026
  91910.112360        0.000134026482459
  91954.079140        0.000134006007375
  91998.045921        0.000133985621482
  92042.012702        0.000133965310260
  92085.979482        0.000133945089749
  92129.946263        0.000133924942185
  92173.913043        0.000133904882658
  92217.879824        0.000133884900200
  92261.846605        0.000133865000637
  92305.813385        0.000133845184604
  92349.780166        0.000133825443907
  92393.746947        0.000133805791252
  92437.713727        0.000133786208431
  92481.680508        0.000133766716343
  92525.647289        0.000133747294200
  92569.614069        0.000133727961001
  92613.580850        0.000133708701080
  92657.547631        0.000133689522799
  92701.514411        0.000133670423596
  92745.481192        0.000133651398711
  92789.447973        0.000133632460270
  92833.414753        0.000133613590752
  92877.381534        0.000133594810820
  92921.348315        0.000133576096975
  92965.315095        0.000133557470757
  93009.281876        0.000133538913429
  93053.248657        0.000133520439152
  93097.215437        0.000133502040388
  93141.182218        0.000133483717368
  93185.148999        0.000133465475257
  93229.115779        0.000133447302063
  93273.082560        0.000133429213178
  93317.049340        0.000133411191809
  93361.016121        0.000133393254641
  93404.982902        0.000133375387566
  93448.949682        0.000133357598709
  93492.916463        0.000133339884914
  93536.883244        0.000133322241775
  93580.850024        0.000133304680863
  93624.816805        0.000133287185146
  93668.783586        0.000133269775943
  93712.750366        0.000133252428549
  93756.717147        0.000133235166281
  93800.683928        0.000133217967542
  93844.650708        0.000133200849672
  93888.617489        0.000133183801988
  93932.584270        0.000133166828008
  93976.551050        0.000133149930589
  94020.517831        0.000133133098900
  94064.484612        0.000133116348114
  94108.451392        0.000133099659932
  94152.418173        0.000133083054222
  94196.384954        0.000133066512635
  94240.351734        0.000133050049063
  94284.318515        0.000133033653703
  94328.285296        0.000133017328921
  94372.252076        0.000133001079105
  94416.218857        0.000132984894051
  94460.185638        0.000132968789428
  94504.152418        0.000132952745691
  94548.119199        0.000132936782070
  94592.085979        0.000132920879666
  94636.052760        0.000132905053434
  94680.019541        0.000132889294497
  94723.986321        0.000132873605341
  94767.953102        0.000132857990447
  94811.919883        0.000132842437008
  94855.886663        0.000132826962693
  94899.853444        0.000132811545117
  94943.820225        0.000132796209191
  94987.787005        0.000132780930838
  95031.753786        0.000132765731174
  95075.720567        0.000132750592772
  95119.687347        0.000132735525378
  95163.654128        0.000132720525791
  95207.620909        0.000132705590690
  95251.587689        0.000132690730185
  95295.554470        0.000132675929481
  95339.521251        0.000132661204803
  95383.488031        0.000132646538433
  95427.454812        0.000132631945067
  95471.421593        0.000132617414843
  95515.388373        0.000132602952135
  95559.355154        0.000132588559466
  95603.321935        0.000132574226574
  95647.288715        0.000132559968781
  95691.255496        0.000132545764894
  95735.222277        0.000132531639092
  95779.189057        0.000132517567446
  95823.155838        0.000132503571992
  95867.122618        0.000132489634329
  95911.089399        0.000132475765585
  95955.056180        0.000132461960814
  95999.022960        0.000132448217297
  96042.989741        0.000132434545579
  96086.956522        0.000132420929583
  96130.923302        0.000132407388702
  96174.890083        0.000132393900562
  96218.856864        0.000132380485671
  96262.823644        0.000132367126849
  96306.790425        0.000132353836520
  96350.757206        0.000132340608833
  96394.723986        0.000132327442670
  96438.690767        0.000132314344791
  96482.657548        0.000132301301213
  96526.624328        0.000132288329635
  96570.591109        0.000132275411568
  96614.557890        0.000132262564697
  96658.524670        0.000132249774528
  96702.491451        0.000132237049492
  96746.458232        0.000132224386214
  96790.425012        0.000132211780177
  96834.391793        0.000132199244151
  96878.358574        0.000132186759057
  96922.325354        0.000132174348876
  96966.292135        0.000132161986077
  97010.258915        0.000132149696749
  97054.225696        0.000132137456887
  97098.192477        0.000132125286438
  97142.159257        0.000132113171651
  97186.126038        0.000132101119455
  97230.092819        0.000132089130098
  97274.059599        0.000132077194682
  97318.026380        0.000132065326503
  97361.993161        0.000132053509809
  97405.959941        0.000132041761247
  97449.926722        0.000132030066337
  97493.893503        0.000132018435048
  97537.860283        0.000132006861492
  97581.827064        0.000131995344132
  97625.793845        0.000131983891820
  97669.760625        0.000131972489074
  97713.727406        0.000131961157738
  97757.694187        0.000131949872715
  97801.660967        0.000131938656896
  97845.627748        0.000131927488315
  97889.594529        0.000131916387459
  97933.561309        0.000131905337973
  97977.528090        0.000131894348150
  98021.494871        0.000131883420673
  98065.461651        0.000131872543282
  98109.428432        0.000131861730980
  98153.395213        0.000131850966024
  98197.361993        0.000131840269845
  98241.328774        0.000131829619164
  98285.295554        0.000131819035688
  98329.262335        0.000131808503053
  98373.229116        0.000131798027468
  98417.195896        0.000131787610331
  98461.162677        0.000131777244406
  98505.129458        0.000131766943020
  98549.096238        0.000131756690010
  98593.063019        0.000131746499082
  98637.029800        0.000131736356701
  98680.996580        0.000131726278872
  98724.963361        0.000131716248417
  98768.930142        0.000131706273349
  98812.896922        0.000131696363110
  98856.863703        0.000131686497470
  98900.830484        0.000131676693945
  98944.797264        0.000131666937142
  98988.764045        0.000131657247398
  99032.730826        0.000131647593960
  99076.697606        0.000131638015731
  99120.664387        0.000131628478031
  99164.631168        0.000131618997405
  99208.597948        0.000131609573931
  99252.564729        0.000131600199237
  99296.531510        0.000131590882028
  99340.498290        0.000131581616153
  99384.465071        0.000131572409613
  99428.431851        0.000131563244813
  99472.398632        0.000131554146870
  99516.365413        0.000131545094199
  99560.332193        0.000131536090351
  99604.298974        0.000131527149724
  99648.265755        0.000131518255676
  99692.232535        0.000131509417583
  99736.199316        0.000131500625807
  99780.166097        0.000131491896096
  99824.132877        0.000131483204646
  99868.099658        0.000131474582038
  99912.066439        0.000131465997442
  99956.033219        0.000131457472628
 100000.000000        0.000131449000061
