  10000.000000        4.524013487146330
  10043.966781        4.560097925720046
  10087.933561        4.596417571898071
  10131.900342        4.632982036296319
  10175.867123        4.669781401803276
  10219.833903        4.706816735535406
  10263.800684        4.744102685590042
  10307.767465        4.781635304531307
  10351.734245        4.819407298669437
  10395.701026        4.857432220766819
  10439.667807        4.895715266343340
  10483.634587        4.934245385227494
  10527.601368        4.973029108587133
  10571.568149        5.012079672522015
  10615.534929        5.051388703836623
  10659.501710        5.090953382933147
  10703.468490        5.130789534865366
  10747.435271        5.170897127376545
  10791.402052        5.211266110204848
  10835.368832        5.251908300039306
  10879.335613        5.292833310776363
  10923.302394        5.334030040379333
  10967.269174        5.375501212092289
  11011.235955        5.417262942176265
  11055.202736        5.459309774993819
  11099.169516        5.501635072973004
  11143.136297        5.544254589098006
  11187.103078        5.587172891383477
  11231.069858        5.630378159921722
  11275.036639        5.673879255603756
  11319.003420        5.717690019048339
  11362.970200        5.761800739581888
  11406.936981        5.806209896600349
  11450.903762        5.850935350328451
  11494.870542        5.895975768857465
  11538.837323        5.941321188379988
  11582.804104        5.986985940405239
  11626.770884        6.032979552296638
  11670.737665        6.079289788594352
  11714.704446        6.125921546694817
  11758.671226        6.172892210719217
  11802.638007        6.220194916343194
  11846.604787        6.267823909279953
  11890.571568        6.315797428496337
  11934.538349        6.364119233194916
  11978.505129        6.412776997029861
  12022.471910        6.461782253465199
  12066.438691        6.511149367851210
  12110.405471        6.560867261570106
  12154.372252        6.610936266729961
  12198.339033        6.661376252874603
  12242.305813        6.712184577104769
  12286.272594        6.763351703051526
  12330.239375        6.814894705337572
  12374.206155        6.866822966157216
  12418.172936        6.919123231869350
  12462.139717        6.971803082328947
  12506.106497        7.024881152713840
  12550.073278        7.078349143426983
  12594.040059        7.132202644631197
  12638.006839        7.186462583863254
  12681.973620        7.241131713750549
  12725.940401        7.296197704947455
  12769.907181        7.351674985579217
  12813.873962        7.407578550505860
  12857.840743        7.463895926948427
  12901.807523        7.520629888180218
  12945.774304        7.577802341264301
  12989.741085        7.635409377029310
  13033.707865        7.693442251384799
  13077.674646        7.751921284022729
  13121.641426        7.810855366995948
  13165.608207        7.870230771743606
  13209.574988        7.930058011698087
  13253.541768        7.990357196909698
  13297.508549        8.051118553564425
  13341.475330        8.112339674478337
  13385.442110        8.174044287013567
  13429.408891        8.236234216981599
  13473.375672        8.298897367625225
  13517.342452        8.362051793210169
  13561.309233        8.425712827414907
  13605.276014        8.489867099934285
  13649.242794        8.554520235902183
  13693.209575        8.619696403608138
  13737.176356        8.685390414304651
  13781.143136        8.751594965651659
  13825.109917        8.818333925983865
  13869.076698        8.885615842172195
  13913.043478        8.953426725918824
  13957.010259        9.021780805555027
  14000.977040        9.090699569543794
  14044.943820        9.160172060648652
  14088.910601        9.230198581672633
  14132.877382        9.300805906942369
  14176.844162        9.371995047148026
  14220.810943        9.443754695489549
  14264.777723        9.516107038632779
  14308.744504        9.589067878746894
  14352.711285        9.662623300839616
  14396.678065        9.736782535932932
  14440.644846        9.811572310943099
  14484.611627        9.886986163673710
  14528.578407        9.963019188647328
  14572.545188       10.039699070817974
  14616.511969       10.117034300071753
  14660.478749       10.195011143552293
  14704.445530       10.273648352565329
  14748.412311       10.352968874320293
  14792.379091       10.432961086158484
  14836.345872       10.513628619592824
  14880.312653       10.595002052038462
  14924.279433       10.677081450808117
  14968.246214       10.759857463012700
  15012.212995       10.843356808794839
  15056.179775       10.927596157240869
  15100.146556       11.012561492728816
  15144.113337       11.098266776798411
  15188.080117       11.184741440379469
  15232.046898       11.271978500247739
  15276.013679       11.359976010447054
  15319.980459       11.448766547527530
  15363.947240       11.538358435503978
  15407.914021       11.628739401693281
  15451.880801       11.719933467283674
  15495.847582       11.811965600900194
  15539.814362       11.904823983728040
  15583.781143       11.998516924079569
  15627.747924       12.093079089925157
  15671.714704       12.188510486410854
  15715.681485       12.284804463087333
  15759.648266       12.381993581261375
  15803.615046       12.480095594186897
  15847.581827       12.579097450947881
  15891.548608       12.679018993905288
  15935.515388       12.779893064192549
  15979.482169       12.881712804600209
  16023.448950       12.984480801388894
  16067.415730       13.088235220202732
  16111.382511       13.192985081630267
  16155.349292       13.298720662448057
  16199.316072       13.405472614033421
  16243.282853       13.513268729125425
  16287.249634       13.622097970836981
  16331.216414       13.731975004380688
  16375.183195       13.842939495759758
  16419.149976       13.954992271803077
  16463.116756       14.068131048910223
  16507.083537       14.182395586279943
  16551.050318       14.297805597042517
  16595.017098       14.414350663577888
  16638.983879       14.532057927146537
  16682.950660       14.650965071820179
  16726.917440       14.771066326702282
  16770.884221       14.892371017998560
  16814.851001       15.014924230173808
  16858.817782       15.138737022485593
  16902.784563       15.263803985949266
  16946.751343       15.390164526342955
  16990.718124       15.517850196566625
  17034.684905       15.646853027113197
  17078.651685       15.777195791284894
  17122.618466       15.908925298483739
  17166.585247       16.042044454445801
  17210.552027       16.176557995125151
  17254.518808       16.312514762028762
  17298.485589       16.449938357878228
  17342.452369       16.588823057086692
  17386.419150       16.729206358189167
  17430.385931       16.871132162162567
  17474.352711       17.014598582895719
  17518.319492       17.159624066126824
  17562.286273       17.306263411499760
  17606.253053       17.454531707612990
  17650.219834       17.604431087035575
  17694.186615       17.756012477591831
  17738.153395       17.909313854509101
  17782.120176       18.064332883004784
  17826.086957       18.221104397406119
  17870.053737       18.379684731129622
  17914.020518       18.540082242985417
  17957.987298       18.702312231023669
  18001.954079       18.866436145284471
  18045.920860       19.032484531611814
  18089.887640       19.200460282293538
  18133.854421       19.370415272521715
  18177.821202       19.542403366147422
  18221.787982       19.716430200953234
  18265.754763       19.892528256191913
  18309.721544       20.070765987860774
  18353.688324       20.251166564198428
  18397.655105       20.433744836368486
  18441.621886       20.618567973636360
  18485.588666       20.805685024215190
  18529.555447       20.995104350382274
  18573.522228       21.186878503537443
  18617.489008       21.381078507940622
  18661.455789       21.577723527927478
  18705.422570       21.776845693088717
  18749.389350       21.978525348683320
  18793.356131       22.182805319480327
  18837.322912       22.389704330604399
  18881.289692       22.599295206943335
  18925.256473       22.811648559882890
  18969.223254       23.026784558807897
  19013.190034       23.244757789649011
  19057.156815       23.465657732785392
  19101.123596       23.689523493976331
  19145.090376       23.916390939613223
  19189.057157       24.146352838097979
  19233.023937       24.379477132255658
  19276.990718       24.615792891026800
  19320.957499       24.855380076690047
  19364.924279       25.098334191304939
  19408.891060       25.344695217187223
  19452.857841       25.594523612899494
  19496.824621       25.847929482970486
  19540.791402       26.104979600889187
  19584.758183       26.365720379265642
  19628.724963       26.630259087133741
  19672.691744       26.898695119270332
  19716.658525       27.171077102186764
  19760.625305       27.447496353844226
  19804.592086       27.728077900453158
  19848.558867       28.012891717217347
  19892.525647       28.302011367409598
  19936.492428       28.595571568305328
  19980.459209       28.893676446098929
  20024.425989       29.196393630246867
  20068.392770       29.503850174352561
  20112.359551       29.816185168750330
  20156.326331       30.133479613119594
  20200.293112       30.455844455957141
  20244.259893       30.783441603100059
  20288.226673       31.116384610513528
  20332.193454       31.454772586729906
  20376.160234       31.798772690419639
  20420.127015       32.148539361614908
  20464.093796       32.504177395996500
  20508.060576       32.865844291501155
  20552.027357       33.233731061402302
  20595.994138       33.607969559431893
  20639.960918       33.988705320750633
  20683.927699       34.376149708411312
  20727.894480       34.770478896961080
  20771.861260       35.171837704085974
  20815.828041       35.580440752072562
  20859.794822       35.996512137177646
  20903.761602       36.420218219428577
  20947.728383       36.851766715611369
  20991.695164       37.291420319886427
  21035.661944       37.739389250536171
  21079.628725       38.195879678187275
  21123.595506       38.661175143727199
  21167.562286       39.135543640338440
  21211.529067       39.619208451160645
  21255.495848       40.112459479165715
  21299.462628       40.615621689227929
  21343.429409       41.128961701097644
  21387.396190       41.652773402137960
  21431.362970       42.187425960174266
  21475.329751       42.733251632371946
  21519.296532       43.290562342464341
  21563.263312       43.859755397769810
  21607.230093       44.441239043225423
  21651.196873       45.035370246616786
  21695.163654       45.642566094979948
  21739.130435       46.263307070751388
  21783.097215       46.898024800877934
  21827.063996       47.547164611140303
  21871.030777       48.211266478651673
  21914.997557       48.890859615780087
  21958.964338       49.586442610729215
  22002.931119       50.298605247565177
  22046.897899       51.027982612437675
  22090.864680       51.775163157984203
  22134.831461       52.540789675241442
  22178.798241       53.325600723786152
  22222.765022       54.130309739387009
  22266.731803       54.955636524679790
  22310.698583       55.802416690030512
  22354.665364       56.671515185227072
  22398.632145       57.563769617487381
  22442.598925       58.480117716507650
  22486.565706       59.421588867301679
  22530.532487       60.389189429590722
  22574.499267       61.383983442139289
  22618.466048       62.407172831680029
  22662.432829       63.459980847882754
  22706.399609       64.543647731330324
  22750.366390       65.659561950375732
  22794.333170       66.809204734078051
  22838.299951       67.994061274603496
  22882.266732       69.215742973267268
  22926.233512       70.476023979757599
  22970.200293       71.776715547038378
  23014.167074       73.119719270590295
  23058.133854       74.507144856758387
  23102.100635       75.941213754396841
  23146.067416       77.424219883077157
  23190.034196       78.958676239682333
  23234.000977       80.547303602502893
  23277.967758       82.192921597951567
  23321.934538       83.898558275087581
  23365.901319       85.667539461616727
  23409.868100       87.503371660856871
  23453.834880       89.409768192594797
  23497.801661       91.390806192036507
  23541.768442       93.450873067932960
  23585.735222       95.594604920133321
  23629.702003       97.827049290674637
  23673.668784      100.153718870179659
  23717.635564      102.580489860524835
  23761.602345      105.113706676260165
  23805.569126      107.760343055394983
  23849.535906      110.527933063929837
  23893.502687      113.424594307383828
  23937.469468      116.459246959275589
  23981.436248      119.641652545976626
  24025.403029      122.982379776726205
  24069.369809      126.493021694517722
  24113.336590      130.186376543195820
  24157.303371      134.076435892413031
  24201.270151      138.178557407295870
  24245.236932      142.509786019057287
  24289.203713      147.088962026006186
  24333.170493      151.936876418809021
  24377.137274      157.076702394426405
  24421.104055      162.534334735051601
  24465.070835      168.338641239590714
  24509.037616      174.522040209919794
  24553.004397      181.121232302612043
  24596.971177      188.177892354889224
  24640.937958      195.739812056554115
  24684.904739      203.862820508504200
  24728.871519      212.613292914409215
  24772.838300      222.069793691845916
  24816.805081      232.310729848120957
  24860.771861      243.364005456477742
  24904.738642      255.250684785821790
  24948.705423      268.131000321176316
  24992.672203      282.198790124959203
  25036.638984      297.638356073717773
  25080.605765      314.637961566382160
  25124.572545      333.412194835333878
  25168.539326      354.214205421630595
  25212.506106      377.343959274211670
  25256.472887      403.155912130150512
  25300.439668      432.100943250064859
  25344.406448      464.745479297788336
  25388.373229      501.777947515958374
  25432.340010      544.046548276302133
  25476.306790      592.612745501346353
  25520.273571      648.819869896749765
  25564.240352      714.390356785153813
  25608.207132      791.575286419328904
  25652.173913      883.351943113165589
  25696.140694      993.714803351777732
  25740.107474     1128.118286698859492
  25784.074255     1294.165721790602902
  25828.041036     1502.703821520365864
  25872.007816     1769.609732248281716
  25915.974597     2118.816866678751012
  25959.941378     2587.577734128389693
  26003.908158     3235.842159694507245
  26047.874939     4164.075463229693923
  26091.841720     5549.767257197046092
  26135.808500     7717.367199297583284
  26179.775281    11257.757139566656406
  26223.742062    17092.809778147820907
  26267.708842    25539.653800733460230
  26311.675623    32364.156532719589450
  26355.642404    31014.304498934892763
  26399.609184    24639.751370397905703
  26443.575965    17923.462024014534109
  26487.542745    12895.781567300104143
  26531.509526     9722.724528511986136
  26575.476307     8012.655490541670588
  26619.443087     7314.497948529081441
  26663.409868     7105.682635681008833
  26707.376649     6561.559389744286818
  26751.343429     5484.771512521628210
  26795.310210     4373.276505596931202
  26839.276991     3484.734146301560941
  26883.243771     2875.585635103319419
  26927.210552     2500.756894337869653
  26971.177333     2278.631885201471960
  27015.144113     2141.987929434016223
  27059.110894     2072.108770826268483
  27103.077675     2068.884880977268494
  27147.044455     2185.386581014214244
  27191.011236     2446.759118845692228
  27234.978017     2818.901006163154307
  27278.944797     3264.234286509029971
  27322.911578     3484.937488616926657
  27366.878359     3261.064128469318803
  27410.845139     2796.022463163688371
  27454.811920     2353.295771109761063
  27498.778701     2045.875071578433335
  27542.745481     1874.507728947855867
  27586.712262     1827.498689455308750
  27630.679043     1892.403261755344147
  27674.645823     2051.106656840936012
  27718.612604     2268.511999636508790
  27762.579384     2459.272909612128842
  27806.546165     2549.629169290230948
  27850.512946     2700.250248932537943
  27894.479726     3032.989601167576438
  27938.446507     3350.696893194771746
  27982.413288     3272.352768875749462
  28026.380068     2957.327184619406580
  28070.346849     2668.504073528603840
  28114.313630     2519.401086036748438
  28158.280410     2513.557732054709049
  28202.247191     2639.886056486859161
  28246.213972     2900.883596925021266
  28290.180752     3299.422311534704932
  28334.147533     3828.205911458322134
  28378.114314     4548.333492863655920
  28422.081094     5623.481442170375885
  28466.047875     7308.594911791797131
  28510.014656    10034.232191443046759
  28553.981436    14535.841374028605060
  28597.948217    21775.649794146807835
  28641.914998    31389.170894271526777
  28685.881778    37669.340087915465119
  28729.848559    35591.390393203437270
  28773.815340    28638.228578362497501
  28817.782120    21156.310743710389943
  28861.748901    15442.395393221739141
  28905.715681    11795.959469702627757
  28949.682462     9816.196788280605688
  28993.649243     8956.149278545952257
  29037.616023     8552.030600501195295
  29081.582804     7743.257206150316051
  29125.549585     6499.035078036572486
  29169.516365     5223.841844514120567
  29213.483146     4199.311745820798023
  29257.449927     3489.406958425712673
  29301.416707     3048.027952449731856
  29345.383488     2781.669305949493264
  29389.350269     2619.766422625329596
  29433.317049     2529.928458818124000
  29477.283830     2530.494172738148791
  29521.250611     2681.673667122237930
  29565.217391     2991.980437560435348
  29609.184172     3418.608235115809748
  29653.150953     3877.537543049674696
  29697.117733     4023.733922370059190
  29741.084514     3728.930065651865789
  29785.051295     3194.587256506979884
  29829.018075     2686.250625262791345
  29872.984856     2320.904726867191130
  29916.951637     2112.387721088306080
  29960.918417     2047.209599217400182
  30004.885198     2109.771578351601875
  30048.851979     2273.834455950640859
  30092.818759     2495.792174258431260
  30136.785540     2666.177925211025467
  30180.752320     2760.171874836558800
  30224.719101     2938.936617709167422
  30268.685882     3282.732336354136805
  30312.652662     3515.384886090833334
  30356.619443     3342.008144774428729
  30400.586224     2942.222974587734370
  30444.553004     2552.346818995069043
  30488.519785     2294.275415777831768
  30532.486566     2175.235961570359905
  30576.453346     2182.022356368918736
  30620.420127     2303.157957313158022
  30664.386908     2520.601538626291585
  30708.353688     2807.461159948283239
  30752.320469     3207.800804524780688
  30796.287250     3834.437543123970954
  30840.254030     4862.031103348518627
  30884.220811     6569.487057604364054
  30928.187592     9396.192328645991438
  30972.154372    13788.235183708966360
  31016.121153    19072.818157609417540
  31060.087934    21873.161087341850362
  31104.054714    20523.993978004149540
  31148.021495    16660.732094193725061
  31191.988276    12523.953831997234374
  31235.955056     9301.954272660028437
  31279.921837     7226.009847825963334
  31323.888617     6081.953757768466858
  31367.855398     5551.610040635285259
  31411.822179     5220.055137796535746
  31455.788959     4682.862249892995351
  31499.755740     3959.093710151520554
  31543.722521     3232.523395437929594
  31587.689301     2646.604030660928856
  31631.656082     2238.331172937356314
  31675.622863     1982.133703291375696
  31719.589643     1826.623885403617578
  31763.556424     1732.106590637763475
  31807.523205     1679.393465273591119
  31851.489985     1687.150242141015497
  31895.456766     1785.466492622866554
  31939.423547     1968.794135287267409
  31983.390327     2212.540398406948952
  32027.357108     2439.769000218628662
  32071.323889     2477.932672053308124
  32115.290669     2292.615194149575927
  32159.257450     1990.643234388530573
  32203.224231     1703.639292782389930
  32247.191011     1494.616416982725696
  32291.157792     1375.328864012739587
  32335.124573     1338.337739636049037
  32379.091353     1374.172459726679335
  32423.058134     1465.562835049863907
  32467.024915     1583.457216549557870
  32510.991695     1667.810620439207014
  32554.958476     1729.734227950428021
  32598.925256     1843.772185138711620
  32642.892037     2025.049968238148494
  32686.858818     2106.182690322713825
  32730.825598     1988.950982125904147
  32774.792379     1757.097385960059910
  32818.759160     1530.110305964159124
  32862.725940     1368.381577832205949
  32906.692721     1280.545862594651908
  32950.659502     1259.180171578723048
  32994.626282     1294.789858760794232
  33038.593063     1371.036765527034277
  33082.559844     1473.792042107700127
  33126.526624     1623.827095419417446
  33170.493405     1870.759069102309695
  33214.460186     2291.286395231991719
  33258.426966     3002.931562300032965
  33302.393747     4172.234597494903937
  33346.360528     5911.819221831388859
  33390.327308     7788.275822195024375
  33434.294089     8617.027318367292537
  33478.260870     8050.690866643874870
  33522.227650     6623.207067169442780
  33566.194431     5100.804692937340405
  33610.161212     3901.744146576600542
  33654.127992     3120.750056157155996
  33698.094773     2683.425101721667033
  33742.061553     2467.116271661739120
  33786.028334     2306.620842400251604
  33829.995115     2083.991600431717870
  33873.961895     1805.678359749009815
  33917.928676     1533.819316129676054
  33961.895457     1314.828402435902944
  34005.862237     1162.752337019634297
  34049.829018     1067.783254322514722
  34093.795799     1011.476319839186544
  34137.762579      978.306063428905304
  34181.729360      962.675222125403479
  34225.696141      972.972977281012390
  34269.662921     1018.569670993092700
  34313.629702     1094.062821240701396
  34357.596483     1189.284742290366694
  34401.563263     1265.532986577821703
  34445.530044     1271.043735101915445
  34489.496825     1199.772278919041810
  34533.463605     1091.296396298355376
  34577.430386      989.001321557935285
  34621.397167      915.663809648369352
  34665.363947      876.405724270150131
  34709.330728      868.780517278014486
  34753.297509      888.661782843292940
  34797.264289      929.119854384357950
  34841.231070      976.843944403317550
  34885.197851     1013.344511048036907
  34929.164631     1047.445926266538663
  34973.131412     1101.933500698687794
  35017.098192     1170.599072703590309
  35061.064973     1194.544380699848716
  35105.031754     1153.328610246129301
  35148.998534     1073.936221249611663
  35192.965315      996.657322709627579
  35236.932096      942.080918290416207
  35280.898876      914.456713822125948
  35324.865657      911.146175764180498
  35368.832438      927.857692489368105
  35412.799218      957.191196179924418
  35456.765999      995.249491528546628
  35500.732780     1048.825771328957444
  35544.699560     1134.102931489446974
  35588.666341     1275.592292861007536
  35632.633122     1509.464244441875280
  35676.599902     1880.391605469402748
  35720.566683     2399.801285620002091
  35764.533464     2900.941053799675046
  35808.500244     3101.153385611524300
  35852.467025     2939.487547218294822
  35896.433806     2561.935679915321089
  35940.400586     2159.333294527755697
  35984.367367     1844.575634998700707
  36028.334148     1644.189077991057047
  36072.300928     1538.912668278795536
  36116.267709     1493.152087492196188
  36160.234489     1460.755660526109523
  36204.201270     1415.952478129965584
  36248.168051     1360.236679903483491
  36292.134831     1309.389651496455372
  36336.101612     1275.074921784459775
  36380.068393     1260.981119460761875
  36424.035173     1264.469854876964746
  36468.001954     1280.635238893566566
  36511.968735     1305.164950690657406
  36555.935515     1337.258284066604119
  36599.902296     1379.516357128242362
  36643.869077     1434.029310460391571
  36687.835857     1498.925877531555443
  36731.802638     1570.684876644495716
  36775.769419     1637.304490945752150
  36819.736199     1687.922271732758418
  36863.702980     1722.801778632278229
  36907.669761     1753.440397624535535
  36951.636541     1792.109345676990870
  36995.603322     1846.769279779338831
  37039.570103     1920.798846473785716
  37083.536883     2009.825161272513924
  37127.503664     2098.506446039848470
  37171.470445     2185.362523241117287
  37215.437225     2279.063019569893186
  37259.404006     2381.568751513058942
  37303.370787     2496.636033380341360
  37347.337567     2629.230101378477229
  37391.304348     2774.782596451588688
  37435.271128     2920.105785833763093
  37479.237909     3062.535224367969477
  37523.204690     3210.704112132686987
  37567.171470     3376.718143899051483
  37611.138251     3568.672259701734674
  37655.105032     3790.751445830789180
  37699.071812     4045.652553400351735
  37743.038593     4335.878984490404946
  37787.005374     4663.967981633470117
  37830.972154     5035.290515945487641
  37874.938935     5459.153522368238555
  37918.905716     5948.911680398880890
  37962.872496     6522.260751883280136
  38006.839277     7202.455984283753423
  38050.806058     8017.037603611738632
  38094.772838     8985.732795605174033
  38138.739619    10091.953711651845879
  38182.706400    11322.753235481861338
  38226.673180    12726.053197130933768
  38270.639961    14411.758944453380536
  38314.606742    16521.005350634321076
  38358.573522    19228.964696582130273
  38402.540303    22768.337329126170516
  38446.507084    27476.863247340766975
  38490.473864    33882.894546744122636
  38534.440645    42854.672478038068220
  38578.407426    55886.613405957985378
  38622.374206    75652.722183262463659
  38666.340987   107061.771620307466947
  38710.307767   158882.088933186721988
  38754.274548   242994.638530948606785
  38798.241329   352729.216024314111564
  38842.208109   410658.804119547246955
  38886.174890   362162.976481364399660
  38930.141671   273548.064370014646556
  38974.108451   194606.083800124673871
  39018.075232   140870.201458957366413
  39062.042013   109580.094002660494880
  39106.008793    92645.196635519401752
  39149.975574    79381.014963564637583
  39193.942355    65921.143782369603286
  39237.909135    53405.518126653812942
  39281.875916    43164.751376542975777
  39325.842697    35796.541433305967075
  39369.809477    30945.614767153914727
  39413.776258    28061.733490381182492
  39457.743039    26625.826578266329307
  39501.709819    26368.836316812492441
  39545.676600    27475.108207231689448
  39589.643381    30757.949135081322311
  39633.610161    37155.907350932786358
  39677.576942    46006.655083884776104
  39721.543723    52767.466688066648203
  39765.510503    56625.301984810692375
  39809.477284    61515.488302024001314
  39853.444064    65693.977702183125075
  39897.410845    63317.501604928889719
  39941.377626    55069.065317064894771
  39985.344406    47106.553115021837584
  40029.311187    41109.240863121063740
  40073.277968    36875.966641050792532
  40117.244748    35072.323874965739378
  40161.211529    35974.566037097858498
  40205.178310    39636.238609069347149
  40249.145090    45977.908732619340299
  40293.111871    52684.944600471819285
  40337.078652    59979.635511313943425
  40381.045432    73296.462339670470101
  40425.012213    93172.684338169259718
  40468.978994   103676.347752973320894
  40512.945774    92398.321879785857163
  40556.912555    72948.265943827282172
  40600.879336    55712.302178092642862
  40644.846116    44123.384592274058377
  40688.812897    37797.855732013784291
  40732.779678    34885.479530728538521
  40776.746458    32861.393090412668244
  40820.713239    31091.839319070750207
  40864.680020    30173.315028992983571
  40908.646800    30440.742150844554999
  40952.613581    32338.430740713261912
  40996.580362    36859.428670310822781
  41040.547142    45617.458102402757504
  41084.513923    61136.426374497001234
  41128.480703    86555.163237877888605
  41172.447484   118840.950026495993370
  41216.414265   139128.081956350593828
  41260.381045   134900.438274576095864
  41304.347826   112891.559466578328284
  41348.314607    88190.071875101930345
  41392.281387    69081.774928940183599
  41436.248168    57914.266408917654189
  41480.214949    52320.232636799126340
  41524.181729    47756.961269632891344
  41568.148510    41641.526850714479224
  41612.115291    34874.680759488466720
  41656.082071    29038.648592222372827
  41700.048852    24699.848757361567550
  41744.015633    21995.773820491733204
  41787.982413    20749.837789659402915
  41831.949194    20811.760045442882983
  41875.915975    22083.363969093228661
  41919.882755    24204.998436435653275
  41963.849536    27575.732732164222398
  42007.816317    33842.243201734323520
  42051.783097    42585.226790261112910
  42095.749878    47515.406925465023960
  42139.716659    44998.081117782698129
  42183.683439    40270.322859102117945
  42227.650220    36209.473348056417308
  42271.617000    32267.495089889525843
  42315.583781    28085.906850562772888
  42359.550562    24276.372162136467523
  42403.517342    21250.028171548630780
  42447.484123    19000.008293449627672
  42491.450904    17655.271741796892456
  42535.417684    17319.818765319978411
  42579.384465    17976.028185398714413
  42623.351246    19498.681274786686117
  42667.318026    21472.884099021626753
  42711.284807    24019.780245418372942
  42755.251588    27955.519092880153039
  42799.218368    33338.679223669525527
  42843.185149    36646.195156384041184
  42887.151930    35210.333690147563175
  42931.118710    30330.662318379607314
  42975.085491    25158.714299152157764
  43019.052272    21530.816347928903269
  43063.019052    19949.324431929344428
  43106.985833    19563.550378474399622
  43150.952614    18878.142754105527274
  43194.919394    17475.899732286565268
  43238.886175    16052.701642118567179
  43282.852956    14789.801964782560390
  43326.819736    13635.942224497734060
  43370.786517    13140.136975330497080
  43414.753298    13731.085586972283636
  43458.720078    15768.373363364875331
  43502.686859    19582.843314030473266
  43546.653639    24484.032214612921962
  43590.620420    28269.723155661504279
  43634.587201    29390.847148382810701
  43678.553981    28002.716567551018670
  43722.520762    24868.647754545669159
  43766.487543    20974.227884430445556
  43810.454323    17882.032340872243367
  43854.421104    16003.696193830975972
  43898.387885    14671.711468682076884
  43942.354665    13162.876385513420246
  43986.321446    11464.913554162867513
  44030.288227     9914.778366188331347
  44074.255007     8761.323933630053943
  44118.221788     8059.718106876875027
  44162.188569     7744.265537472330834
  44206.155349     7745.833864989705035
  44250.122130     8073.281076002897862
  44294.088911     8679.266918551191338
  44338.055691     9623.134687366331491
  44382.022472    11182.447952756323502
  44425.989253    13148.831380018757045
  44469.956033    13923.728685787256836
  44513.922814    13020.261188563021278
  44557.889595    11488.155408244287173
  44601.856375    10105.599981794812265
  44645.823156     9036.361753218541708
  44689.789936     8244.823303333401782
  44733.756717     7623.012244245455804
  44777.723498     7000.429424497810942
  44821.690278     6372.282670962428710
  44865.657059     5893.215461709564806
  44909.623840     5580.187874869699954
  44953.590620     5383.645947511568011
  44997.557401     5353.827159463528915
  45041.524182     5500.819669391181378
  45085.490962     5821.661020657276822
  45129.457743     6361.114621572801298
  45173.424524     7082.959863666381352
  45217.391304     7618.988116187591004
  45261.358085     7651.084759069205575
  45305.324866     7207.601511519626911
  45349.291646     6541.695811254097862
  45393.258427     5940.495233252051548
  45437.225208     5629.857385864841490
  45481.191988     5511.278735038279592
  45525.158769     5305.472618162079925
  45569.125550     4956.249820723160155
  45613.092330     4568.416266380443631
  45657.059111     4136.526968480683536
  45701.025892     3716.255234797122284
  45744.992672     3434.736155144643817
  45788.959453     3346.017763346717402
  45832.926234     3472.240691660826542
  45876.893014     3832.863461611620096
  45920.859795     4334.205765035203513
  45964.826575     4805.839064052130198
  46008.793356     5125.543863960082490
  46052.760137     5230.371542916692306
  46096.726917     4948.048994903188031
  46140.693698     4371.161606741567084
  46184.660479     3813.618477742366395
  46228.627259     3427.028932496076777
  46272.594040     3168.207394935593129
  46316.560821     2936.269232263766298
  46360.527601     2689.344748209149657
  46404.494382     2442.165937810661944
  46448.461163     2236.386023511314306
  46492.427943     2099.869430544996248
  46536.394724     2018.571836845794223
  46580.361505     1978.510625009567320
  46624.328285     1993.544542949969355
  46668.295066     2062.834820526004933
  46712.261847     2185.593919152966464
  46756.228627     2386.817274999552865
  46800.195408     2604.542095879384306
  46844.162189     2641.919057244270789
  46888.128969     2491.764632482404068
  46932.095750     2269.676796539389215
  46976.062531     2061.432937917255913
  47020.029311     1904.181011986113390
  47063.996092     1806.257892737691236
  47107.962872     1733.258137836054630
  47151.929653     1638.599423207807376
  47195.896434     1529.167457874521006
  47239.863214     1432.812076833183710
  47283.829995     1342.575654418495560
  47327.796776     1260.867249692638552
  47371.763556     1207.271303956185193
  47415.730337     1187.702384126057495
  47459.697118     1197.740231551847728
  47503.663898     1236.536877550955069
  47547.630679     1295.031745138579026
  47591.597460     1348.418521335786409
  47635.564240     1373.188555501155861
  47679.531021     1360.549018070484635
  47723.497802     1302.339664313999947
  47767.464582     1227.054963398932614
  47811.431363     1173.853910736801936
  47855.398144     1139.182118217383504
  47899.364924     1096.999907812187985
  47943.331705     1044.101805139792305
  47987.298486      982.209482360543348
  48031.265266      906.703604906112105
  48075.232047      833.212869724967277
  48119.198828      779.591257918815245
  48163.165608      749.617660956591521
  48207.132389      743.557694013419450
  48251.099170      762.255294454004456
  48295.065950      796.571125890970166
  48339.032731      835.971601490653597
  48382.999511      874.528893124796582
  48426.966292      895.100721964069635
  48470.933073      864.769756664830084
  48514.899853      796.867208993613758
  48558.866634      726.977354752944279
  48602.833415      674.720997880322329
  48646.800195      639.713465813646053
  48690.766976      613.079930669257692
  48734.733757      586.060046979852586
  48778.700537      555.872833843165722
  48822.667318      527.761131239511883
  48866.634099      506.107736928613292
  48910.600879      488.596109122565792
  48954.567660      475.171859493030752
  48998.534441      468.930231503709422
  49042.501221      469.730979283735849
  49086.468002      476.681556490869298
  49130.434783      490.655003562804382
  49174.401563      502.143394002668344
  49218.368344      496.989920024214086
  49262.335125      478.756054784107278
  49306.301905      456.284334413707313
  49350.268686      434.306637761543925
  49394.235467      416.870695568262590
  49438.202247      405.667336019793538
  49482.169028      396.117729298999734
  49526.135809      383.277637065933334
  49570.102589      368.886669978932730
  49614.069370      354.553531913955965
  49658.036150      338.819147991400712
  49702.002931      323.753387696813888
  49745.969712      312.302633788551645
  49789.936492      305.055176892210454
  49833.903273      301.357070195990843
  49877.870054      300.809049186175230
  49921.836834      302.227626049120886
  49965.803615      304.442800263386005
  50009.770396      306.482411275293885
  50053.737176      306.136265567985504
  50097.703957      300.210327397107505
  50141.670738      291.287717563974866
  50185.637518      283.365630752564186
  50229.604299      276.763958058084370
  50273.571080      270.221874623697715
  50317.537860      263.494151096361634
  50361.504641      255.550773686245947
  50405.471422      245.814392842721389
  50449.438202      236.283378034705720
  50493.404983      228.667684719057888
  50537.371764      223.125175896084926
  50581.338544      219.748572204386079
  50625.305325      218.573349032039204
  50669.272106      218.857905291528425
  50713.238886      220.033404684107154
  50757.205667      221.823454587436828
  50801.172447      221.871451199912315
  50845.139228      217.418282404256530
  50889.106009      210.087910025090423
  50933.072789      202.696834809268125
  50977.039570      196.767198068099589
  51021.006351      192.490111184955424
  51064.973131      189.232853250063073
  51108.939912      185.953452442055152
  51152.906693      182.189451381091857
  51196.873473      178.472300461943121
  51240.840254      175.090269458831131
  51284.807035      171.816569003792409
  51328.773815      168.915722875505480
  51372.740596      166.748171152931519
  51416.707377      165.269657517308957
  51460.674157      164.364269846429096
  51504.640938      163.929051224790925
  51548.607719      163.069227795510614
  51592.574499      161.186809516127767
  51636.541280      158.748343180663682
  51680.508061      156.211821478288357
  51724.474841      153.659316811532676
  51768.441622      151.404230695674158
  51812.408403      149.577007416538549
  51856.375183      147.790333122035094
  51900.341964      145.770147811043756
  51944.308745      143.677451703035899
  51988.275525      141.463762230355911
  52032.242306      139.010251586788058
  52076.209086      136.619586544190810
  52120.175867      134.571482225148799
  52164.142648      132.904658783293399
  52208.109428      131.577545418833239
  52252.076209      130.538088993230303
  52296.042990      129.679878570446277
  52340.009770      128.968418162208337
  52383.976551      128.381456093389744
  52427.943332      127.630772771419146
  52471.910112      126.413203253418786
  52515.876893      124.946914841349596
  52559.843674      123.518721269532378
  52603.810454      122.186822271781082
  52647.777235      120.936689939867051
  52691.744016      119.726271457911849
  52735.710796      118.406274531290066
  52779.677577      116.936968707171985
  52823.644358      115.484697165044039
  52867.611138      114.163908788983235
  52911.577919      112.983590440403106
  52955.544700      111.974572277293177
  52999.511480      111.137260189348027
  53043.478261      110.419981831810475
  53087.445042      109.794266503797274
  53131.411822      109.227261697672986
  53175.378603      108.512548339817499
  53219.345383      107.518089342033605
  53263.312164      106.379502885300383
  53307.278945      105.268006716599871
  53351.245725      104.265089536202467
  53395.212506      103.391023846793104
  53439.179287      102.600812571101656
  53483.146067      101.808354037389506
  53527.112848      100.981660292813686
  53571.079629      100.156913250583983
  53615.046409       99.337924671564778
  53659.013190       98.513370353556297
  53702.979971       97.722291107239315
  53746.946751       96.993931280270445
  53790.913532       96.323417580882520
  53834.880313       95.701358142000842
  53878.847093       95.108210243022839
  53922.813874       94.486642570086985
  53966.780655       93.827145466234740
  54010.747435       93.165040659585003
  54054.714216       92.511690504959248
  54098.680997       91.859832312323249
  54142.647777       91.228762380568412
  54186.614558       90.623142572871927
  54230.581339       90.020196118871411
  54274.548119       89.413421149113120
  54318.514900       88.808853612282078
  54362.481681       88.191658192582437
  54406.448461       87.557120992455324
  54450.415242       86.930823347087241
  54494.382022       86.331943235931632
  54538.348803       85.763311512993440
  54582.315584       85.224686444039989
  54626.282364       84.711078455847058
  54670.249145       84.215305878809374
  54714.215926       83.737169667014541
  54758.182706       83.274725106204926
  54802.149487       82.803403606993044
  54846.116268       82.307000117210094
  54890.083048       81.800394069349082
  54934.049829       81.299960294613101
  54978.016610       80.810447722660598
  55021.983390       80.334000449623815
  55065.950171       79.865401844907126
  55109.916952       79.392259221773330
  55153.883732       78.912995326524808
  55197.850513       78.437452367125388
  55241.817294       77.971066757095386
  55285.784074       77.515060289972823
  55329.750855       77.073378110528822
  55373.717636       76.646032619565730
  55417.684416       76.229833470237637
  55461.651197       75.823255048609695
  55505.617978       75.422399307350602
  55549.584758       75.014595746892496
  55593.551539       74.596723375047233
  55637.518319       74.177378284878003
  55681.485100       73.764581878274939
  55725.451881       73.361573353401582
  55769.418661       72.969462846739845
  55813.385442       72.585095359631140
  55857.352223       72.203031816485179
  55901.319003       71.822066725145817
  55945.285784       71.443668523354745
  55989.252565       71.066843878226578
  56033.219345       70.691520709370664
  56077.186126       70.320950063922979
  56121.152907       69.956985583003629
  56165.119687       69.599243307533257
  56209.086468       69.247194444142323
  56253.053249       68.899127093673087
  56297.020029       68.552312389024166
  56340.986810       68.207319025585193
  56384.953591       67.866111063146363
  56428.920371       67.528220251720526
  56472.887152       67.192908628965938
  56516.853933       66.861153683399621
  56560.820713       66.532984979765544
  56604.787494       66.207328923454313
  56648.754275       65.884341682025379
  56692.721055       65.563939404424502
  56736.687836       65.244698768309391
  56780.654617       64.926555539954123
  56824.621397       64.611088076073116
  56868.588178       64.299283880817754
  56912.554958       63.991297734488441
  56956.521739       63.687355461198429
  57000.488520       63.387145106145127
  57044.455300       63.090161871537966
  57088.422081       62.796413914750488
  57132.388862       62.505657965961767
  57176.355642       62.216337652081087
  57220.322423       61.927871541200439
  57264.289204       61.641152668812822
  57308.255984       61.356944314735145
  57352.222765       61.075420856208183
  57396.189546       60.796746979883508
  57440.156326       60.520539309790330
  57484.123107       60.245950188852568
  57528.089888       59.972909194978904
  57572.056668       59.701915377568966
  57616.023449       59.433102114492307
  57659.990230       59.166521412713841
  57703.957010       58.902534427581450
  57747.923791       58.641182977135252
  57791.890572       58.382186975381053
  57835.857352       58.125449015680552
  57879.824133       57.870727924361205
  57923.790914       57.617382323089508
  57967.757694       57.365392518885756
  58011.724475       57.115281796813520
  58055.691255       56.867319610520475
  58099.658036       56.621501934365227
  58143.624817       56.377892121396869
  58187.591597       56.136344661822349
  58231.558378       55.896490166479957
  58275.525159       55.658273437391465
  58319.491939       55.421793812178343
  58363.458720       55.186891909570249
  58407.425501       54.953517550024763
  58451.392281       54.721925296534728
  58495.359062       54.492227991316362
  58539.325843       54.264300438609084
  58583.292623       54.038133032834345
  58627.259404       53.813691866182573
  58671.226185       53.590796006394882
  58715.192965       53.369446867636256
  58759.159746       53.149804195942316
  58803.126527       52.931779727964717
  58847.093307       52.715240065144236
  58891.060088       52.500271536739007
  58935.026869       52.286910589703638
  58978.993649       52.075016682764122
  59022.960430       51.864591251567958
  59066.927211       51.655685747336626
  59110.893991       51.448153465886072
  59154.860772       51.241921403092668
  59198.827553       51.037136603337885
  59242.794333       50.833845350381196
  59286.761114       50.631956444302013
  59330.727894       50.431514638390865
  59374.694675       50.232571112187337
  59418.661456       50.035009549822512
  59462.628236       49.838785698253012
  59506.595017       49.643959790988447
  59550.561798       49.450428709307630
  59594.528578       49.258088064534462
  59638.495359       49.067040779803222
  59682.462140       48.877349877191676
  59726.428920       48.688918661277107
  59770.395701       48.501748041626186
  59814.362482       48.315892852978578
  59858.329262       48.131243589456716
  59902.296043       47.947730250562643
  59946.262824       47.765449487960431
  59990.229604       47.584399173526236
  60034.196385       47.404482991579151
  60078.163166       47.225756706969733
  60122.129946       47.048282462404252
  60166.096727       46.871954158426497
  60210.063508       46.696735355164599
  60254.030288       46.522697527653229
  60297.997069       46.349777939034269
  60341.963850       46.177895228175871
  60385.930630       46.007138697627688
  60429.897411       45.837541008752481
  60473.864191       45.668996826918310
  60517.830972       45.501515481357266
  60561.797753       45.335165711014945
  60605.764533       45.169858146699255
  60649.731314       45.005534749307166
  60693.698095       44.842279737612159
  60737.664875       44.680073483812365
  60781.631656       44.518816712000252
  60825.598437       44.358566784271652
  60869.565217       44.199379608351563
  60913.531998       44.041156559697413
  60957.498779       43.883877639636864
  61001.465559       43.727627162892709
  61045.432340       43.572349936671010
  61089.399121       43.417969758065055
  61133.365901       43.264563338633877
  61177.332682       43.112144525209040
  61221.299463       42.960606642082595
  61265.266243       42.809973326661975
  61309.233024       42.660316378492340
  61353.199805       42.511553546329147
  61397.166585       42.363638192924569
  61441.133366       42.216656832379044
  61485.100147       42.070582749939241
  61529.066927       41.925321804093301
  61573.033708       41.780932613194466
  61617.000489       41.637461460855413
  61660.967269       41.494809856303739
  61704.934050       41.352972109241115
  61748.900830       41.212032739940000
  61792.867611       41.071932580481146
  61836.834392       40.932601083775346
  61880.801172       40.794116665390170
  61924.767953       40.656485067342572
  61968.734734       40.519605188977863
  62012.701514       40.383510471510633
  62056.668295       40.248268433936623
  62100.635076       40.113794258118695
  62144.601856       39.980052365023809
  62188.568637       39.847130181026330
  62232.535418       39.714995597175978
  62276.502198       39.583561211167471
  62320.468979       39.452890209510358
  62364.435760       39.323019257558329
  62408.402540       39.193849759041690
  62452.369321       39.065386617871454
  62496.336102       38.937711039598696
  62540.302882       38.810758924994737
  62584.269663       38.684469177584809
  62628.236444       38.558924524488567
  62672.203224       38.434123473314308
  62716.170005       38.309970232876964
  62760.136786       38.186505372227096
  62804.103566       38.063789429888111
  62848.070347       37.941734114345941
  62892.037128       37.820315152671256
  62936.003908       37.699619368589865
  62979.970689       37.579609000065304
  63023.937469       37.460203773722718
  63067.904250       37.341472899206302
  63111.871031       37.223443462850462
  63155.837811       37.106018626624817
  63199.804592       36.989212007234251
  63243.771373       36.873101017301451
  63287.738153       36.757616204266341
  63331.704934       36.642707202898080
  63375.671715       36.528458419825398
  63419.638495       36.414860910377413
  63463.605276       36.301822874218878
  63507.572057       36.189392895538923
  63551.538837       36.077623282330030
  63595.505618       35.966424769219429
  63639.472399       35.855782895718896
  63683.439179       35.745783289411122
  63727.405960       35.636381074333777
  63771.372741       35.527504549065640
  63815.339521       35.419227242647899
  63859.306302       35.311568247346976
  63903.273083       35.204432291924768
  63947.239863       35.097842280522499
  63991.206644       34.991869895861548
  64035.173425       34.886441577971226
  64079.140205       34.781516767564121
  64123.106986       34.677180776108791
  64167.073766       34.573416420331796
  64211.040547       34.470137260999572
  64255.007328       34.367398767799450
  64298.974108       34.265245606716356
  64342.940889       34.163587970873628
  64386.907670       34.062421060233895
  64430.874450       33.961827926451789
  64474.841231       33.861756673986726
  64518.808012       33.762144318461914
  64562.774792       33.663067577692054
  64606.741573       33.564537655933613
  64650.708354       33.466461680287750
  64694.675134       33.368871507313756
  64738.641915       33.271832129483130
  64782.608696       33.175266889139586
  64826.575476       33.079144145880420
  64870.542257       32.983549854480735
  64914.509038       32.888458229792455
  64958.475818       32.793789652712036
  65002.442599       32.699604890055468
  65046.409380       32.605941261539179
  65090.376160       32.512708287294735
  65134.342941       32.419911266690647
  65178.309722       32.327628874179659
  65222.276502       32.235803958125992
  65266.243283       32.144381206888738
  65310.210064       32.053440576643858
  65354.176844       31.962984225722938
  65398.143625       31.872923395029225
  65442.110405       31.783297417421615
  65486.077186       31.694165110847397
  65530.043967       31.605446464918622
  65574.010747       31.517119576679626
  65617.977528       31.429268893535927
  65661.944309       31.341861539685478
  65705.911089       31.254824240448198
  65749.877870       31.168223103526238
  65793.844651       31.082087113567702
  65837.811431       30.996326378749210
  65881.778212       30.910955191918557
  65925.744993       30.826047712306522
  65969.711773       30.741541672767905
  66013.678554       30.657390279868007
  66057.645335       30.573675211337150
  66101.612115       30.490390016401143
  66145.578896       30.407450356372731
  66189.545677       30.324902340586245
  66233.512457       30.242798353047387
  66277.479238       30.161055747306854
  66321.446019       30.079662374233255
  66365.412799       29.998700066996232
  66409.379580       29.918129387175195
  66453.346361       29.837883485805779
  66497.313141       29.758033394624420
  66541.279922       29.678599154554973
  66585.246702       29.599493047462570
  66629.213483       29.520736901539902
  66673.180264       29.442400553053904
  66717.147044       29.364416306788371
  66761.113825       29.286746932168040
  66805.080606       29.209474096219665
  66849.047386       29.132583994331149
  66893.014167       29.055996153974572
  66936.980948       28.979763846937168
  66980.947728       28.903931219805312
  67024.914509       28.828415257922657
  67068.881290       28.753211993950785
  67112.848070       28.678401290586709
  67156.814851       28.603936334796796
  67200.781632       28.529758191364301
  67244.748412       28.455940584886566
  67288.715193       28.382495961066006
  67332.681974       28.309338176883728
  67376.648754       28.236497629387262
  67420.615535       28.164037740990874
  67464.582316       28.091887413560517
  67508.549096       28.020017630668324
  67552.515877       27.948510314816392
  67596.482658       27.877343671695574
  67640.449438       27.806442745353205
  67684.416219       27.735866191235633
  67728.383000       27.665650602430816
  67772.349780       27.595712223573404
  67816.316561       27.526055935480496
  67860.283341       27.456758124165408
  67904.250122       27.387765939857839
  67948.216903       27.319028195820525
  67992.183683       27.250620700198265
  68036.150464       27.182547994545416
  68080.117245       27.114726425980990
  68124.084025       27.047194201250473
  68168.050806       26.980008137113323
  68212.017587       26.913094405138150
  68255.984367       26.846432037538349
  68299.951148       26.780102543732536
  68343.917929       26.714076005238518
  68387.884709       26.648284152505251
  68431.851490       26.582789666239648
  68475.818271       26.517622139069250
  68519.785051       26.452697096456188
  68563.751832       26.388028543606737
  68607.718613       26.323687819228269
  68651.685393       26.259617680652671
  68695.652174       26.195773853776910
  68739.618955       26.132234759188144
  68783.585735       26.068995724318185
  68827.552516       26.005977603000062
  68871.519297       25.943224294821235
  68915.486077       25.880786992067989
  68959.452858       25.818588605831867
  69003.419638       25.756617641621400
  69047.386419       25.694952823879778
  69091.353200       25.633558136709418
  69135.319980       25.572370585634385
  69179.286761       25.511457903613465
  69223.253542       25.450840897993618
  69267.220322       25.390436890618734
  69311.187103       25.330267028605949
  69355.153884       25.270398404297403
  69399.120664       25.210768446724920
  69443.087445       25.151341498153915
  69487.054226       25.092196224555892
  69531.021006       25.033320687434482
  69574.987787       24.974639299668336
  69618.954568       24.916202403285606
  69662.921348       24.858053793920295
  69706.888129       24.800115022801837
  69750.854910       24.742382925020294
  69794.821690       24.684933781806102
  69838.788471       24.627725016997669
  69882.755252       24.570700244517273
  69926.722032       24.513930376924083
  69970.688813       24.457428240157373
  70014.655594       24.401113040492035
  70058.622374       24.345013212902799
  70102.589155       24.289190781284116
  70146.555936       24.233578657866722
  70190.522716       24.178149692929484
  70234.489497       24.122982004922324
  70278.456277       24.068056657765574
  70322.423058       24.013302307064031
  70366.389839       23.958775220973724
  70410.356619       23.904511210926209
  70454.323400       23.850431623926013
  70498.290181       23.796540665560162
  70542.256961       23.742912287089297
  70586.223742       23.689497147322257
  70630.190523       23.636246723229238
  70674.157303       23.583233443005120
  70718.124084       23.530462982336303
  70762.090865       23.477856082667753
  70806.057645       23.425449097270302
  70850.024426       23.373297292046622
  70893.991207       23.321331286249073
  70937.957987       23.269530968973719
  70981.924768       23.217974526357018
  71025.891549       23.166634838246107
  71069.858329       23.115446731614846
  71113.825110       23.064470393064759
  71157.791891       23.013734971393159
  71201.758671       22.963160852119053
  71245.725452       22.912760879183296
  71289.692233       22.862604221669276
  71333.659013       22.812637046356670
  71377.625794       22.762817406129489
  71421.592574       22.713220056082896
  71465.559355       22.663842271520373
  71509.526136       22.614608270071059
  71553.492916       22.565560351113508
  71597.459697       22.516747926939157
  71641.426478       22.468098708328885
  71685.393258       22.419601083999307
  71729.360039       22.371331252194793
  71773.326820       22.323255478672394
  71817.293600       22.275314104481062
  71861.260381       22.227571335378983
  71905.227162       22.180048802487313
  71949.193942       22.132667501309712
  71993.160723       22.085447903245697
  72037.127504       22.038454491259920
  72081.094284       21.991628778284127
  72125.061065       21.944936120477262
  72169.027846       21.898452413069425
  72212.994626       21.852167046759160
  72256.961407       21.806008360291401
  72300.928188       21.760023938389210
  72344.894968       21.714256992260747
  72388.861749       21.668632889049999
  72432.828530       21.623148526650816
  72476.795310       21.577877334255202
  72520.762091       21.532779762228568
  72564.728872       21.487801664186438
  72608.695652       21.443011030100596
  72652.662433       21.398421105481184
  72696.629213       21.353955043527655
  72740.595994       21.309639781285181
  72784.562775       21.265535470332971
  72828.529555       21.221578856432718
  72872.496336       21.177743460057869
  72916.463117       21.134104578256924
  72960.429897       21.090644953184061
  73004.396678       21.047296574351147
  73048.363459       21.004112999879535
  73092.330239       20.961129737354781
  73136.297020       20.918271699430910
  73180.263801       20.875542900598877
  73224.230581       20.833014337312832
  73268.197362       20.790640193986931
  73312.164143       20.748373344246531
  73356.130923       20.706283723566091
  73400.097704       20.664377363409130
  73444.064485       20.622578946621577
  73488.031265       20.580922581582097
  73531.998046       20.539462547802149
  73575.964827       20.498132570679093
  73619.931607       20.456913610000726
  73663.898388       20.415880343648336
  73707.865169       20.375008331153705
  73751.831949       20.334234488998192
  73795.798730       20.293616900495962
  73839.765511       20.253184063872556
  73883.732291       20.212860506773040
  73927.699072       20.172657697083178
  73971.665852       20.132643041833340
  74015.632633       20.092765230380447
  74059.599414       20.052984268685538
  74103.566194       20.013371543300337
  74147.532975       19.973925863507130
  74191.499756       19.934574297860806
  74235.466536       19.895357381675378
  74279.433317       19.856323087357744
  74323.400098       19.817402899139523
  74367.366878       19.778585049697739
  74411.333659       19.739943337766359
  74455.300440       19.701446067086337
  74499.267220       19.663035965125847
  74543.234001       19.624774437667153
  74587.200782       19.586683226870562
  74631.167562       19.548686850822204
  74675.134343       19.510804524450208
  74719.101124       19.473098869437614
  74763.067904       19.435514376282679
  74807.034685       19.398017467331652
  74851.001466       19.360681085203247
  74894.968246       19.323496183411518
  74938.935027       19.286393719914049
  74982.901808       19.249419439106372
  75026.868588       19.212615296570792
  75070.835369       19.175910426745364
  75114.802149       19.139301038164948
  75158.768930       19.102858483819833
  75202.735711       19.066545291948568
  75246.702491       19.030309558838656
  75290.669272       18.994216116796270
  75334.636053       18.958279073678909
  75378.602833       18.922424202081405
  75422.569614       18.886677587061246
  75466.536395       18.851097182026614
  75510.503175       18.815623360941306
  75554.469956       18.780229750588919
  75598.436737       18.744989378399140
  75642.403517       18.709886072004721
  75686.370298       18.674854850849037
  75730.337079       18.639946455409564
  75774.303859       18.605196456732013
  75818.270640       18.570532413401917
  75862.237421       18.535958246278962
  75906.204201       18.501542201587519
  75950.170982       18.467241421030600
  75994.137763       18.433009886328346
  76038.104543       18.398915247337303
  76082.071324       18.364963817748826
  76126.038105       18.331083571249771
  76170.004885       18.297306515716816
  76213.971666       18.263685964484782
  76257.938447       18.230158377813307
  76301.905227       18.196705260065826
  76345.872008       18.163398543721428
  76389.838788       18.130215650266365
  76433.805569       18.097095538924123
  76477.772350       18.064094008967331
  76521.739130       18.031239248057162
  76565.705911       17.998458989016015
  76609.672692       17.965763729691879
  76653.639472       17.933218869025069
  76697.606253       17.900775728201001
  76741.573034       17.868395256240493
  76785.539814       17.836146450926758
  76829.506595       17.804028838249764
  76873.473376       17.771972366976339
  76917.440156       17.740015493368322
  76961.406937       17.708205313165255
  77005.373718       17.676476033919588
  77049.340498       17.644816140004369
  77093.307279       17.613296696871391
  77137.274060       17.581888388131983
  77181.240840       17.550535274677564
  77225.207621       17.519296791554389
  77269.174402       17.488194258905114
  77313.141182       17.457155531549876
  77357.107963       17.426198286920332
  77401.074744       17.395383863062108
  77445.041524       17.364658885640502
  77489.008305       17.333991027311235
  77532.975085       17.303450111564171
  77576.941866       17.273028827690869
  77620.908647       17.242659980955022
  77664.875427       17.212387857301763
  77708.842208       17.182253181862958
  77752.808989       17.152188359353968
  77796.775769       17.122188793490700
  77840.742550       17.092324087122552
  77884.709331       17.062558386928217
  77928.676111       17.032841792310816
  77972.642892       17.003236240414854
  78016.609673       16.973756549989620
  78060.576453       16.944330809556710
  78104.543234       16.914984017208109
  78148.510015       16.885772448088375
  78192.476795       16.856639353090653
  78236.443576       16.827558562082903
  78280.410357       16.798600903904831
  78324.377137       16.769751283079863
  78368.343918       16.740947015143803
  78412.310699       16.712236632696683
  78456.277479       16.683655313106399
  78500.244260       16.655133398465413
  78544.211041       16.626674092454952
  78588.177821       16.598343699315798
  78632.144602       16.570101442954549
  78676.111383       16.541902561508433
  78720.078163       16.513812275684899
  78764.044944       16.485837570790668
  78808.011724       16.457908722941340
  78851.978505       16.430056391595144
  78895.945286       16.402332374698872
  78939.912066       16.374676093592591
  78983.878847       16.347068861970108
  79027.845628       16.319580678774042
  79071.812408       16.292190173908587
  79115.779189       16.264838384893899
  79159.745970       16.237578620493071
  79203.712750       16.210439231762535
  79247.679531       16.183350178171931
  79291.646312       16.156321578997915
  79335.613092       16.129416560496228
  79379.579873       16.102589132563086
  79423.546654       16.075800643798249
  79467.513434       16.049118166468361
  79511.480215       16.022541661380401
  79555.446996       15.996003746583609
  79599.413776       15.969540748372614
  79643.380557       15.943199263553613
  79687.347338       15.916915542308191
  79731.314118       15.890678409836230
  79775.280899       15.864556384744045
  79819.247680       15.838522240895649
  79863.214460       15.812521230172612
  79907.181241       15.786610878050807
  79951.148021       15.760812229161079
  79995.114802       15.735055914636446
  80039.081583       15.709358221746626
  80083.048363       15.683779307546029
  80127.015144       15.658267775900237
  80170.981925       15.632792099630988
  80214.948705       15.607419650125253
  80258.915486       15.582144201768427
  80302.882267       15.556900547321682
  80346.849047       15.531731221639031
  80390.815828       15.506676233553119
  80434.782609       15.481670519849173
  80478.749389       15.456709006954210
  80522.716170       15.431859344902161
  80566.682951       15.407087542546456
  80610.649731       15.382344839955662
  80654.616512       15.357691201246066
  80698.583293       15.333141480253827
  80742.550073       15.308626289922298
  80786.516854       15.284169112116901
  80830.483635       15.259825143717176
  80874.450415       15.235539737188882
  80918.417196       15.211287287554901
  80962.383977       15.187136150863118
  81006.350757       15.163072759873417
  81050.317538       15.139035764855764
  81094.284319       15.115072251208966
  81138.251099       15.091216565528253
  81182.217880       15.067401870571789
  81226.184660       15.043630362763739
  81270.151441       15.019966916395903
  81314.118222       14.996372246524924
  81358.085002       14.972802974289701
  81402.051783       14.949321728305630
  81446.018564       14.925936514501226
  81489.985344       14.902579250784200
  81533.952125       14.879279600125463
  81577.918906       14.856087871427922
  81621.885686       14.832946107614362
  81665.852467       14.809835371356046
  81709.819248       14.786823973056551
  81753.786028       14.763891545805542
  81797.752809       14.740981005444965
  81841.719590       14.718143310874655
  81885.686370       14.695406976639212
  81929.653151       14.672703964863569
  81973.619932       14.650043817067010
  82017.586712       14.627487933323197
  82061.553493       14.604992391678280
  82105.520274       14.582519098990453
  82149.487054       14.560133137563058
  82193.453835       14.537835055154430
  82237.420616       14.515559570300018
  82281.387396       14.493341371718065
  82325.354177       14.471226251571464
  82369.320957       14.449152714346649
  82413.287738       14.427109262687829
  82457.254519       14.405162680134220
  82501.221299       14.383287091471093
  82545.188080       14.361429196272557
  82589.154861       14.339644411793358
  82633.121641       14.317953942367119
  82677.088422       14.296290381599292
  82721.055203       14.274669229983255
  82765.021983       14.253149004717285
  82808.988764       14.231680694760509
  82852.955545       14.210232829979915
  82896.922325       14.188871112322140
  82940.889106       14.167589830716846
  82984.855887       14.146325849319169
  83028.822667       14.125119744427559
  83072.789448       14.104011319468205
  83116.756229       14.082937280838893
  83160.723009       14.061892570779525
  83204.689790       14.040942585427295
  83248.656571       14.020055420611088
  83292.623351       13.999182912047562
  83336.590132       13.978383509648737
  83380.556913       13.957671941395180
  83424.523693       13.936981187139768
  83468.490474       13.916333135018395
  83512.457255       13.895782234328104
  83556.424035       13.875275435099056
  83600.390816       13.854787824485838
  83644.357596       13.834385406823239
  83688.324377       13.814056040626488
  83732.291158       13.793739554301029
  83776.257938       13.773481560526340
  83820.224719       13.753315822270451
  83864.191500       13.733177860481209
  83908.158280       13.713069025758726
  83952.125061       13.693052862818616
  83996.091842       13.673091488926309
  84040.058622       13.653142529167145
  84084.025403       13.633266536739038
  84127.992184       13.613472080016233
  84171.958964       13.593692946385016
  84215.925745       13.573957429559952
  84259.892526       13.554314921410858
  84303.859306       13.534709426899338
  84347.826087       13.515122023941998
  84391.792868       13.495619192096960
  84435.759648       13.476181870780872
  84479.726429       13.456754138962156
  84523.693210       13.437385381587356
  84567.659990       13.418103656729613
  84611.626771       13.398843258301966
  84655.593552       13.379612631405115
  84699.560332       13.360472105843025
  84743.527113       13.341379223697032
  84787.493894       13.322296729372367
  84831.460674       13.303287470135237
  84875.427455       13.284353012296032
  84919.394235       13.265429355072250
  84963.361016       13.246550255120338
  85007.327797       13.227760293945614
  85051.294577       13.209000413318041
  85095.261358       13.190258423826259
  85139.228139       13.171599816150136
  85183.194919       13.152999670550335
  85227.161700       13.134406225071370
  85271.128481       13.115872664004284
  85315.095261       13.097420724471812
  85359.062042       13.078984361659765
  85403.028823       13.060578604309573
  85446.995603       13.042260319425557
  85490.962384       13.023982715079125
  85534.929165       13.005714325973154
  85578.895945       12.987519345407826
  85622.862726       12.969392517437100
  85666.829507       12.951272554460987
  85710.796287       12.933198162138741
  85754.763068       12.915209018303202
  85798.729849       12.897243454687782
  85842.696629       12.879296247981827
  85886.663410       12.861431013915565
  85930.630191       12.843617414258111
  85974.596971       12.825808067216562
  86018.563752       12.808059769440980
  86062.530532       12.790387406515219
  86106.497313       12.772725840425981
  86150.464094       12.755095727841859
  86194.430874       12.737550543872620
  86238.397655       12.720039057432759
  86282.364436       12.702536429607562
  86326.331216       12.685107087148042
  86370.297997       12.667739676217328
  86414.264778       12.650375507130670
  86458.231558       12.633058433729733
  86502.198339       12.615822071279723
  86546.165120       12.598603661896352
  86590.131900       12.581404186694176
  86634.098681       12.564285514124077
  86678.065462       12.547211604767833
  86722.032242       12.530140333209637
  86765.999023       12.513130908111503
  86809.965804       12.496191940429599
  86853.932584       12.479259258347927
  86897.899365       12.462359587689431
  86941.866146       12.445541838255865
  86985.832926       12.428751397363719
  87029.799707       12.411969710257292
  87073.766488       12.395261146369462
  87117.733268       12.378608283847688
  87161.700049       12.361955839576833
  87205.666830       12.345352055005513
  87249.633610       12.328824417439327
  87293.600391       12.312309387901376
  87337.567171       12.295814278135554
  87381.533952       12.279398594038980
  87425.500733       12.263021041353051
  87469.467513       12.246645277141441
  87513.434294       12.230331951036085
  87557.401075       12.214083649108700
  87601.367855       12.197837485006350
  87645.334636       12.181626238087237
  87689.301417       12.165493613664193
  87733.268197       12.149382558970613
  87777.234978       12.133280377291255
  87821.201759       12.117251265445194
  87865.168539       12.101271258594680
  87909.135320       12.085289819622764
  87953.102101       12.069358317068234
  87997.068881       12.053498692493351
  88041.035662       12.037646502392642
  88085.002443       12.021815853541758
  88128.969223       12.006062566415403
  88172.936004       11.990341450217100
  88216.902785       11.974621357500084
  88260.869565       11.958964813362121
  88304.836346       11.943367331632794
  88348.803127       11.927768853158064
  88392.769907       11.912206831465262
  88436.736688       11.896720305848177
  88480.703468       11.881249636167880
  88524.670249       11.865788891822056
  88568.637030       11.850400559025662
  88612.603810       11.835055311122019
  88656.570591       11.819706765907123
  88700.537372       11.804409851741655
  88744.504152       11.789180025010696
  88788.470933       11.773953387041477
  88832.437714       11.758749956397068
  88876.404494       11.743621837180843
  88920.371275       11.728519858951124
  88964.338056       11.713418860742378
  89008.304836       11.698382108951947
  89052.271617       11.683398791593786
  89096.238398       11.668411735027137
  89140.205178       11.653462936771060
  89184.171959       11.638586156001450
  89228.138740       11.623719867230635
  89272.105520       11.608864959054344
  89316.072301       11.594081609241814
  89360.039082       11.579335554006130
  89404.005862       11.564584866613645
  89447.972643       11.549887444255640
  89491.939424       11.535252030551005
  89535.906204       11.520616225090102
  89579.872985       11.506005314401756
  89623.839766       11.491467813574252
  89667.806546       11.476950390282022
  89711.773327       11.462434665056753
  89755.740107       11.447983290832722
  89799.706888       11.433580045182367
  89843.673669       11.419170553562596
  89887.640449       11.404801662142006
  89931.607230       11.390500670620433
  89975.574011       11.376205721608974
  90019.540791       11.361923287206622
  90063.507572       11.347711871169553
  90107.474353       11.333531593343892
  90151.441133       11.319346478626162
  90195.407914       11.305215697839916
  90239.374695       11.291142225575065
  90283.341475       11.277064660982331
  90327.308256       11.263014406172848
  90371.275037       11.249034797111609
  90415.241817       11.235070249541900
  90459.208598       11.221107948613097
  90503.175379       11.207210488245336
  90547.142159       11.193355266665664
  90591.108940       11.179492259350237
  90635.075721       11.165671737391611
  90679.042501       11.151915363347349
  90723.009282       11.138160560532397
  90766.976063       11.124420222712118
  90810.942843       11.110749506040468
  90854.909624       11.097104384133996
  90898.876404       11.083454289088248
  90942.843185       11.069859872506091
  90986.809966       11.056317770938895
  91030.776746       11.042768636069717
  91074.743527       11.029249047835480
  91118.710308       11.015797268908342
  91162.677088       11.002355601525817
  91206.643869       10.988917399296200
  91250.610650       10.975544186998068
  91294.577430       10.962207501533721
  91338.544211       10.948861949824060
  91382.510992       10.935560594112671
  91426.477772       10.922319536565693
  91470.444553       10.909075973740828
  91514.411334       10.895849235320206
  91558.378114       10.882690383899662
  91602.344895       10.869551882708446
  91646.311676       10.856408456165392
  91690.278456       10.843322112775962
  91734.245237       10.830282721187942
  91778.212018       10.817234327419721
  91822.178798       10.804217412414179
  91866.145579       10.791265613563333
  91910.112360       10.778318865124044
  91954.079140       10.765377485202825
  91998.045921       10.752500617815253
  92042.012702       10.739655181406000
  92085.979482       10.726799809315114
  92129.946263       10.713990832366672
  92173.913043       10.701237443222391
  92217.879824       10.688478478824051
  92261.846605       10.675738322251309
  92305.813385       10.663064662542919
  92349.780166       10.650405893092064
  92393.746947       10.637743187331868
  92437.713727       10.625138147378648
  92481.680508       10.612575203441596
  92525.647289       10.600001158044153
  92569.614069       10.587461245729672
  92613.580850       10.574982979649453
  92657.547631       10.562505617912979
  92701.514411       10.550035286612230
  92745.481192       10.537629086213235
  92789.447973       10.525248906723949
  92833.414753       10.512858687992887
  92877.381534       10.500516559741650
  92921.348315       10.488225660296401
  92965.315095       10.475926071163153
  93009.281876       10.463647740432693
  93053.248657       10.451433880284258
  93097.215437       10.439230019949060
  93141.182218       10.427023473062574
  93185.148999       10.414875149919217
  93229.115779       10.402763845795693
  93273.082560       10.390639927566852
  93317.049340       10.378552579446694
  93361.016121       10.366523367785174
  93404.982902       10.354491300266568
  93448.949682       10.342468216774176
  93492.916463       10.330508635270654
  93536.883244       10.318569614658312
  93580.850024       10.306620998056276
  93624.816805       10.294721892355998
  93668.783586       10.282869740657246
  93712.750366       10.271006167843696
  93756.717147       10.259166547319614
  93800.683928       10.247388813014243
  93844.650708       10.235616710913041
  93888.617489       10.223843183783272
  93932.584270       10.212128648298746
  93976.551050       10.200445734451648
  94020.517831       10.188749538528906
  94064.484612       10.177091864747080
  94108.451392       10.165488885332378
  94152.418173       10.153879336120587
  94196.384954       10.142281402912051
  94240.351734       10.130745669186073
  94284.318515       10.119225711568888
  94328.285296       10.107696452566909
  94372.252076       10.096218367359853
  94416.218857       10.084782406498043
  94460.185638       10.073333210111988
  94504.152418       10.061910402015442
  94548.119199       10.050547009233446
  94592.085979       10.039184747165464
  94636.052760       10.027823000179250
  94680.019541       10.016520259806269
  94723.986321       10.005244299959420
  94767.953102        9.993954513193088
  94811.919883        9.982705484890385
  94855.886663        9.971507191647868
  94899.853444        9.960299193250302
  94943.820225        9.949105357305649
  94987.787005        9.937972387751318
  95031.753786        9.926850432746699
  95075.720567        9.915720157500576
  95119.687347        9.904642219987931
  95163.654128        9.893601628296997
  95207.620909        9.882546294574968
  95251.587689        9.871519880083479
  95295.554470        9.860550224947840
  95339.521251        9.849577556755918
  95383.488031        9.838607599993448
  95427.454812        9.827696320208601
  95471.421593        9.816807001290879
  95515.388373        9.805903746804534
  95559.355154        9.795043482232185
  95603.321935        9.784229740237675
  95647.288715        9.773403772621537
  95691.255496        9.762594326346861
  95735.222277        9.751844305995467
  95779.189057        9.741100553298701
  95823.155838        9.730350096544557
  95867.122618        9.719652782236350
  95911.089399        9.708988212393725
  95955.056180        9.698307524170714
  95999.022960        9.687658492599990
  96042.989741        9.677062946686670
  96086.956522        9.666461035077322
  96130.923302        9.655863972835220
  96174.890083        9.645325291366595
  96218.856864        9.634803535018158
  96262.823644        9.624268339317815
  96306.790425        9.613777925743555
  96350.757206        9.603330027002329
  96394.723986        9.592867554362250
  96438.690767        9.582424426595942
  96482.657548        9.572038588767963
  96526.624328        9.561654768284587
  96570.591109        9.551265884153946
  96614.557890        9.540930924314559
  96658.524670        9.530624007871676
  96702.491451        9.520300236751629
  96746.458232        9.510010578642357
  96790.425012        9.499771033522904
  96834.391793        9.489521897479117
  96878.358574        9.479280161357812
  96922.325354        9.469096133550901
  96966.292135        9.458924250244619
  97010.258915        9.448739794835843
  97054.225696        9.438601600152309
  97098.192477        9.428501790075519
  97142.159257        9.418385469553185
  97186.126038        9.408291452502036
  97230.092819        9.398252337918567
  97274.059599        9.388211318352662
  97318.026380        9.378167003394619
  97361.993161        9.368177206385122
  97405.959941        9.358210557844371
  97449.926722        9.348227072437874
  97493.893503        9.338279847981653
  97537.860283        9.328379406147155
  97581.827064        9.318466243708293
  97625.793845        9.308563344588531
  97669.760625        9.298716921934728
  97713.727406        9.288878383311195
  97757.694187        9.279028230839257
  97801.660967        9.269225989500546
  97845.627748        9.259457463234938
  97889.594529        9.249671244897588
  97933.561309        9.239909915742281
  97977.528090        9.230201190252171
  98021.494871        9.220486709412388
  98065.461651        9.210771286276412
  98109.428432        9.201110298138193
  98153.395213        9.191467928775232
  98197.361993        9.181808734106312
  98241.328774        9.172188242476469
  98285.295554        9.162610721990095
  98329.262335        9.153018084823250
  98373.229116        9.143438389282071
  98417.195896        9.133913772207791
  98461.162677        9.124392748873570
  98505.129458        9.114861667159227
  98549.096238        9.105379731156230
  98593.063019        9.095927073155408
  98637.029800        9.086455707499780
  98680.996580        9.077011864952775
  98724.963361        9.067617908220695
  98768.930142        9.058214731432942
  98812.896922        9.048813275221057
  98856.863703        9.039465907663825
  98900.830484        9.030132722453796
  98944.797264        9.020783052385905
  98988.764045        9.011474289145459
  99032.730826        9.002204493545978
  99076.697606        8.992917738042783
  99120.664387        8.983646576066048
  99164.631168        8.974429024237461
  99208.597948        8.965210665389915
  99252.564729        8.955984337544852
  99296.531510        8.946807823987657
  99340.498290        8.937656450333796
  99384.465071        8.928485585611504
  99428.431851        8.919345118414315
  99472.398632        8.910251176879045
  99516.365413        8.901145242344764
  99560.332193        8.892043374762162
  99604.298974        8.882995457653532
  99648.265755        8.873956993076323
  99692.232535        8.864903240016272
  99736.199316        8.855891926672729
  99780.166097        8.846915789209557
  99824.132877        8.837920814355710
  99868.099658        8.828944620431662
  99912.066439        8.820019820410758
  99956.033219        8.811090653810567
 100000.000000        8.802155300143593
