  10000.000000        0.000001102313436
  10043.966781        0.000001127656074
  10087.933561        0.000001143447317
  10131.900342        0.000001154318406
  10175.867123        0.000001165945566
  10219.833903        0.000001179755001
  10263.800684        0.000001196352113
  10307.767465        0.000001215454054
  10351.734245        0.000001236728225
  10395.701026        0.000001259593476
  10439.667807        0.000001283032839
  10483.634587        0.000001306212142
  10527.601368        0.000001329682665
  10571.568149        0.000001353825943
  10615.534929        0.000001379715245
  10659.501710        0.000001407958312
  10703.468490        0.000001437559757
  10747.435271        0.000001465163177
  10791.402052        0.000001488442275
  10835.368832        0.000001510802169
  10879.335613        0.000001533927438
  10923.302394        0.000001557838934
  10967.269174        0.000001583640049
  11011.235955        0.000001611962645
  11055.202736        0.000001643176392
  11099.169516        0.000001677136015
  11143.136297        0.000001712694448
  11187.103078        0.000001748173631
  11231.069858        0.000001782659273
  11275.036639        0.000001815757089
  11319.003420        0.000001848770447
  11362.970200        0.000001882124855
  11406.936981        0.000001913418738
  11450.903762        0.000001942662401
  11494.870542        0.000001974191886
  11538.837323        0.000002009376262
  11582.804104        0.000002046510631
  11626.770884        0.000002085709670
  11670.737665        0.000002127914693
  11714.704446        0.000002168621352
  11758.671226        0.000002204551816
  11802.638007        0.000002240199288
  11846.604787        0.000002279573185
  11890.571568        0.000002323392780
  11934.538349        0.000002370479671
  11978.505129        0.000002419396016
  12022.471910        0.000002470046588
  12066.438691        0.000002521843559
  12110.405471        0.000002575484468
  12154.372252        0.000002636662621
  12198.339033        0.000002710859537
  12242.305813        0.000002804989590
  12286.272594        0.000002928676264
  12330.239375        0.000003082014263
  12374.206155        0.000003239193750
  12418.172936        0.000003320902666
  12462.139717        0.000003289659519
  12506.106497        0.000003228954074
  12550.073278        0.000003185542863
  12594.040059        0.000003171051597
  12638.006839        0.000003187474070
  12681.973620        0.000003231205069
  12725.940401        0.000003298558097
  12769.907181        0.000003379220832
  12813.873962        0.000003451996303
  12857.840743        0.000003509254320
  12901.807523        0.000003564226669
  12945.774304        0.000003623673158
  12989.741085        0.000003702827636
  13033.707865        0.000003803401175
  13077.674646        0.000003907898268
  13121.641426        0.000003977617891
  13165.608207        0.000004009493206
  13209.574988        0.000004041674485
  13253.541768        0.000004080407177
  13297.508549        0.000004129545183
  13341.475330        0.000004200140427
  13385.442110        0.000004298540323
  13429.408891        0.000004427481651
  13473.375672        0.000004578762973
  13517.342452        0.000004726070441
  13561.309233        0.000004855274652
  13605.276014        0.000004964692056
  13649.242794        0.000005057307780
  13693.209575        0.000005149609182
  13737.176356        0.000005239330631
  13781.143136        0.000005302013913
  13825.109917        0.000005359736933
  13869.076698        0.000005451548914
  13913.043478        0.000005577280912
  13957.010259        0.000005718736920
  14000.977040        0.000005882790045
  14044.943820        0.000006057980643
  14088.910601        0.000006189687139
  14132.877382        0.000006275088587
  14176.844162        0.000006363048598
  14220.810943        0.000006481203766
  14264.777723        0.000006634226083
  14308.744504        0.000006809343914
  14352.711285        0.000006996609404
  14396.678065        0.000007197046515
  14440.644846        0.000007407677031
  14484.611627        0.000007650146325
  14528.578407        0.000007984468716
  14572.545188        0.000008454794294
  14616.511969        0.000009142034588
  14660.478749        0.000010113087319
  14704.445530        0.000011308593186
  14748.412311        0.000012327561112
  14792.379091        0.000012380970698
  14836.345872        0.000011576992924
  14880.312653        0.000010735402908
  14924.279433        0.000010129064658
  14968.246214        0.000009827424495
  15012.212995        0.000009822705956
  15056.179775        0.000010097001639
  15100.146556        0.000010606900145
  15144.113337        0.000011163426569
  15188.080117        0.000011440263250
  15232.046898        0.000011486429298
  15276.013679        0.000011487390999
  15319.980459        0.000011548699505
  15363.947240        0.000011815096004
  15407.914021        0.000012248629184
  15451.880801        0.000012643292461
  15495.847582        0.000012711862096
  15539.814362        0.000012599202477
  15583.781143        0.000012552034958
  15627.747924        0.000012575938227
  15671.714704        0.000012735902025
  15715.681485        0.000013119267230
  15759.648266        0.000013786032014
  15803.615046        0.000014728930451
  15847.581827        0.000015749336646
  15891.548608        0.000016504388146
  15935.515388        0.000017017903773
  15979.482169        0.000017336632086
  16023.448950        0.000017540359132
  16067.415730        0.000017782241965
  16111.382511        0.000017972615155
  16155.349292        0.000017997109969
  16199.316072        0.000018158569655
  16243.282853        0.000018677062635
  16287.249634        0.000019465303112
  16331.216414        0.000020397001708
  16375.183195        0.000021489422358
  16419.149976        0.000022438012033
  16463.116756        0.000022887825023
  16507.083537        0.000023030969101
  16551.050318        0.000023187152072
  16595.017098        0.000023546971134
  16638.983879        0.000024154343806
  16682.950660        0.000024901146788
  16726.917440        0.000025745749736
  16770.884221        0.000026713811506
  16814.851001        0.000027822633523
  16858.817782        0.000029359292225
  16902.784563        0.000031737458373
  16946.751343        0.000035310166439
  16990.718124        0.000040735446485
  17034.684905        0.000048220238806
  17078.651685        0.000056707098412
  17122.618466        0.000061884826211
  17166.585247        0.000058906638027
  17210.552027        0.000051791304996
  17254.518808        0.000045678306499
  17298.485589        0.000041815047375
  17342.452369        0.000040488059682
  17386.419150        0.000041683764382
  17430.385931        0.000045447734171
  17474.352711        0.000051065404754
  17518.319492        0.000055468198745
  17562.286273        0.000055459794203
  17606.253053        0.000053366576964
  17650.219834        0.000050913387180
  17694.186615        0.000049394867843
  17738.153395        0.000049645536756
  17782.120176        0.000051005067970
  17826.086957        0.000051760724097
  17870.053737        0.000050669413992
  17914.020518        0.000049325548146
  17957.987298        0.000048686345968
  18001.954079        0.000048796303492
  18045.920860        0.000050259796070
  18089.887640        0.000053715348348
  18133.854421        0.000059589478680
  18177.821202        0.000067260710120
  18221.787982        0.000073722169636
  18265.754763        0.000076580895562
  18309.721544        0.000077634418410
  18353.688324        0.000077384647182
  18397.655105        0.000076774113127
  18441.621886        0.000076784959929
  18485.588666        0.000076471686625
  18529.555447        0.000076013384288
  18573.522228        0.000077602208684
  18617.489008        0.000081976083309
  18661.455789        0.000088208157168
  18705.422570        0.000095455333411
  18749.389350        0.000102848549923
  18793.356131        0.000107302108856
  18837.322912        0.000108177157510
  18881.289692        0.000107153309179
  18925.256473        0.000105905755431
  18969.223254        0.000105970322948
  19013.190034        0.000107666037962
  19057.156815        0.000110196687616
  19101.123596        0.000113590667692
  19145.090376        0.000118126741481
  19189.057157        0.000124293656812
  19233.023937        0.000134335217961
  19276.990718        0.000150265875679
  19320.957499        0.000174718745275
  19364.924279        0.000211085831272
  19408.891060        0.000258297392808
  19452.857841        0.000305106737465
  19496.824621        0.000319861836366
  19540.791402        0.000288772381368
  19584.758183        0.000247031881883
  19628.724963        0.000216792464187
  19672.691744        0.000202929066144
  19716.658525        0.000206891859359
  19760.625305        0.000230424046342
  19804.592086        0.000274368625338
  19848.558867        0.000326603069496
  19892.525647        0.000349705864587
  19936.492428        0.000329495334165
  19980.459209        0.000297418212358
  20024.425989        0.000265523326802
  20068.392770        0.000244547365324
  20112.359551        0.000236205422644
  20156.326331        0.000234571558780
  20200.293112        0.000229655521685
  20244.259893        0.000219401102383
  20288.226673        0.000212024864791
  20332.193454        0.000209833380362
  20376.160234        0.000214117890906
  20420.127015        0.000228953088578
  20464.093796        0.000258634849224
  20508.060576        0.000304577344469
  20552.027357        0.000355803652502
  20595.994138        0.000383284690587
  20639.960918        0.000383590499181
  20683.927699        0.000375788971925
  20727.894480        0.000362246164537
  20771.861260        0.000350627511999
  20815.828041        0.000344714886178
  20859.794822        0.000339513001586
  20903.761602        0.000340536580431
  20947.728383        0.000357887027273
  20991.695164        0.000392453697103
  21035.661944        0.000437642076643
  21079.628725        0.000486017043045
  21123.595506        0.000524164133670
  21167.562286        0.000536563362150
  21211.529067        0.000530515912610
  21255.495848        0.000511612070936
  21299.462628        0.000491011496423
  21343.429409        0.000479637372204
  21387.396190        0.000477867731693
  21431.362970        0.000481007992243
  21475.329751        0.000491078976350
  21519.296532        0.000509915022324
  21563.263312        0.000542106791811
  21607.230093        0.000598525592746
  21651.196873        0.000687176782192
  21695.163654        0.000822336696953
  21739.130435        0.001012729498734
  21783.097215        0.001240762587817
  21827.063996        0.001425914423571
  21871.030777        0.001419053989549
  21914.997557        0.001247416194827
  21958.964338        0.001080988219527
  22002.931119        0.000991142866281
  22046.897899        0.000996974112220
  22090.864680        0.001114257273799
  22134.831461        0.001366581561202
  22178.798241        0.001746211147704
  22222.765022        0.002095951845152
  22266.731803        0.002108502701788
  22310.698583        0.001847859186481
  22354.665364        0.001555519085951
  22398.632145        0.001300273788976
  22442.598925        0.001133841001347
  22486.565706        0.001042077434654
  22530.532487        0.000988685703282
  22574.499267        0.000933325929883
  22618.466048        0.000880577512309
  22662.432829        0.000853704162932
  22706.399609        0.000858010276585
  22750.366390        0.000904925786394
  22794.333170        0.001016905721468
  22838.299951        0.001216388840033
  22882.266732        0.001493558122826
  22926.233512        0.001735149239134
  22970.200293        0.001773812312358
  23014.167074        0.001692723691670
  23058.133854        0.001594371238213
  23102.100635        0.001484781553884
  23146.067416        0.001406904547662
  23190.034196        0.001366685331775
  23234.000977        0.001351078726577
  23277.967758        0.001392944695994
  23321.934538        0.001525178792886
  23365.901319        0.001742079745676
  23409.868100        0.002000297845013
  23453.834880        0.002239251953078
  23497.801661        0.002361218673901
  23541.768442        0.002350615933531
  23585.735222        0.002258030325685
  23629.702003        0.002094638258706
  23673.668784        0.001940129168172
  23717.635564        0.001844844299695
  23761.602345        0.001794483612196
  23805.569126        0.001771450861708
  23849.535906        0.001791004870607
  23893.502687        0.001860994588492
  23937.469468        0.002004560718133
  23981.436248        0.002254405696925
  24025.403029        0.002638256116464
  24069.369809        0.003200242227462
  24113.336590        0.003933623804681
  24157.303371        0.004728870211170
  24201.270151        0.005212437022051
  24245.236932        0.004993119152598
  24289.203713        0.004437196808298
  24333.170493        0.004055894571109
  24377.137274        0.004045317354316
  24421.104055        0.004503135126183
  24465.070835        0.005572248738652
  24509.037616        0.007402056885622
  24553.004397        0.009750819717478
  24596.971177        0.011222221414081
  24640.937958        0.010334941879389
  24684.904739        0.008410136699769
  24728.871519        0.006609742490840
  24772.838300        0.005217387226257
  24816.805081        0.004323082347811
  24860.771861        0.003779868177321
  24904.738642        0.003427828210084
  24948.705423        0.003148959834364
  24992.672203        0.002958147742708
  25036.638984        0.002892711224499
  25080.605765        0.002973821153651
  25124.572545        0.003259406263797
  25168.539326        0.003846442701805
  25212.506106        0.004805636436116
  25256.472887        0.005971272486359
  25300.439668        0.006635882948602
  25344.406448        0.006339219826551
  25388.373229        0.005779811052091
  25432.340010        0.005245494015871
  25476.306790        0.004748520031930
  25520.273571        0.004443803224161
  25564.240352        0.004320385406535
  25608.207132        0.004364729836824
  25652.173913        0.004686422019557
  25696.140694        0.005368777995009
  25740.107474        0.006353637359853
  25784.074255        0.007396120533235
  25828.041036        0.008158314312987
  25872.007816        0.008276656594645
  25915.974597        0.007973863516909
  25959.941378        0.007339709628774
  26003.908158        0.006491226049579
  26047.874939        0.005805373810982
  26091.841720        0.005384528168893
  26135.808500        0.005112233476675
  26179.775281        0.004963408714754
  26223.742062        0.004993169679493
  26267.708842        0.005222695227978
  26311.675623        0.005713609408812
  26355.642404        0.006523732600411
  26399.609184        0.007710859314267
  26443.575965        0.009314090399510
  26487.542745        0.011223877628591
  26531.509526        0.013071249097414
  26575.476307        0.013865795480434
  26619.443087        0.013250706407216
  26663.409868        0.012424088246494
  26707.376649        0.012431828269154
  26751.343429        0.013800415710689
  26795.310210        0.017061316498570
  26839.276991        0.022994823051442
  26883.243771        0.032005078802437
  26927.210552        0.041681520310212
  26971.177333        0.044229625565216
  27015.144113        0.036945383381583
  27059.110894        0.027926723816128
  27103.077675        0.020631884883950
  27147.044455        0.015554046257127
  27191.011236        0.012339249792840
  27234.978017        0.010324054367707
  27278.944797        0.009010186636972
  27322.911578        0.008109346622932
  27366.878359        0.007577802482013
  27410.845139        0.007450531024998
  27454.811920        0.007794771858620
  27498.778701        0.008793608309786
  27542.745481        0.010716738563807
  27586.712262        0.013617497965425
  27630.679043        0.016528889716989
  27674.645823        0.017063958755253
  27718.612604        0.015250483246609
  27762.579384        0.013398861560861
  27806.546165        0.011804869635247
  27850.512946        0.010514316245616
  27894.479726        0.009850307475402
  27938.446507        0.009741951810394
  27982.413288        0.010186419095690
  28026.380068        0.011433727026111
  28070.346849        0.013630350624619
  28114.313630        0.016453816934490
  28158.280410        0.019019602322030
  28202.247191        0.020213144899373
  28246.213972        0.019588403340072
  28290.180752        0.018121003456247
  28334.147533        0.015755866695553
  28378.114314        0.013276587180428
  28422.081094        0.011571312456660
  28466.047875        0.010534825051967
  28510.014656        0.009813369015143
  28553.981436        0.009453772190568
  28597.948217        0.009548977981133
  28641.914998        0.010127821649723
  28685.881778        0.011258908584289
  28729.848559        0.012962730714937
  28773.815340        0.015205280861097
  28817.782120        0.017851798844885
  28861.748901        0.020711343111820
  28905.715681        0.023277784677238
  28949.682462        0.024422972620970
  28993.649243        0.024484401812832
  29037.616023        0.025188259000273
  29081.582804        0.028151266229300
  29125.549585        0.034709286253216
  29169.516365        0.046801000222394
  29213.483146        0.066749002162651
  29257.449927        0.094036140528292
  29301.416707        0.116623868653111
  29345.383488        0.111069897558912
  29389.350269        0.084013055870547
  29433.317049        0.059095240590995
  29477.283830        0.041577967094930
  29521.250611        0.030341482055271
  29565.217391        0.023289798575712
  29609.184172        0.018794242983791
  29653.150953        0.015850916925578
  29697.117733        0.013895869647181
  29741.084514        0.012715991879583
  29785.051295        0.012280181412934
  29829.018075        0.012662530372550
  29872.984856        0.014132530021790
  29916.951637        0.017008906942307
  29960.918417        0.021012119483126
  30004.885198        0.023920403608847
  30048.851979        0.022623698783338
  30092.818759        0.019220034153960
  30136.785540        0.016532498248018
  30180.752320        0.014357601607953
  30224.719101        0.012815465535565
  30268.685882        0.012205597348329
  30312.652662        0.012388941242041
  30356.619443        0.013383069726427
  30400.586224        0.015515998253678
  30444.553004        0.018853655908816
  30488.519785        0.022609021499097
  30532.486566        0.025347634454581
  30576.453346        0.025509883322128
  30620.420127        0.023604489275125
  30664.386908        0.020763555231545
  30708.353688        0.017012612708392
  30752.320469        0.013944551586004
  30796.287250        0.012161929145646
  30840.254030        0.011062087387571
  30884.220811        0.010313808887414
  30928.187592        0.010062580163180
  30972.154372        0.010369803319833
  31016.121153        0.011256386258435
  31060.087934        0.012695194852838
  31104.054714        0.014487131089914
  31148.021495        0.016262152334312
  31191.988276        0.017770725550532
  31235.955056        0.019262197216860
  31279.921837        0.021021163167708
  31323.888617        0.022878638330096
  31367.855398        0.025097151644116
  31411.822179        0.028780578704307
  31455.788959        0.035542109615909
  31499.755740        0.047507495997497
  31543.722521        0.067867985306019
  31587.689301        0.099330927998094
  31631.656082        0.137292145538910
  31675.622863        0.156769854574787
  31719.589643        0.131856874918867
  31763.556424        0.090338019242681
  31807.523205        0.059665211280794
  31851.489985        0.040863775092028
  31895.456766        0.029405463206895
  31939.423547        0.022142939501208
  31983.390327        0.017341932022356
  32027.357108        0.014043487166456
  32071.323889        0.011698648834874
  32115.290669        0.009980352034629
  32159.257450        0.008684279456927
  32203.224231        0.007681925073244
  32247.191011        0.006898479306667
  32291.157792        0.006286963462541
  32335.124573        0.005802132473753
  32379.091353        0.005382625340797
  32423.058134        0.004972364920396
  32467.024915        0.004568024253743
  32510.991695        0.004211700923084
  32554.958476        0.003922563649399
  32598.925256        0.003698968949144
  32642.892037        0.003532434941516
  32686.858818        0.003415122996785
  32730.825598        0.003336902360349
  32774.792379        0.003280169977833
  32818.759160        0.003220225074376
  32862.725940        0.003142787279951
  32906.692721        0.003066077121027
  32950.659502        0.003023949059453
  32994.626282        0.003029108466787
  33038.593063        0.003085239980937
  33082.559844        0.003189508910575
  33126.526624        0.003327160047725
  33170.493405        0.003479252525222
  33214.460186        0.003637929890554
  33258.426966        0.003821001398557
  33302.393747        0.004081600392868
  33346.360528        0.004491015616996
  33390.327308        0.005101178444470
  33434.294089        0.005814803261254
  33478.260870        0.006331444819822
  33522.227650        0.006263756959800
  33566.194431        0.005491718286132
  33610.161212        0.004470447344237
  33654.127992        0.003700282183824
  33698.094773        0.003223548165945
  33742.061553        0.002933654015341
  33786.028334        0.002745550687269
  33829.995115        0.002612769001016
  33873.961895        0.002518117930214
  33917.928676        0.002453201371544
  33961.895457        0.002407365835642
  34005.862237        0.002377083843028
  34049.829018        0.002360517431882
  34093.795799        0.002352862125293
  34137.762579        0.002350459767152
  34181.729360        0.002353488361172
  34225.696141        0.002363206607850
  34269.662921        0.002379514911760
  34313.629702        0.002399777640628
  34357.596483        0.002427076004621
  34401.563263        0.002462334892416
  34445.530044        0.002496805491477
  34489.496825        0.002521119423184
  34533.463605        0.002544017326159
  34577.430386        0.002580370759041
  34621.397167        0.002635715449714
  34665.363947        0.002711006351061
  34709.330728        0.002808084449860
  34753.297509        0.002899588418084
  34797.264289        0.002913427016689
  34841.231070        0.002853660067122
  34885.197851        0.002797367187383
  34929.164631        0.002768408686147
  34973.131412        0.002764272935346
  35017.098192        0.002778534876734
  35061.064973        0.002804994933038
  35105.031754        0.002836201182625
  35148.998534        0.002867433875055
  35192.965315        0.002901260340729
  35236.932096        0.002948121839512
  35280.898876        0.003013633150903
  35324.865657        0.003105240477202
  35368.832438        0.003232508941404
  35412.799218        0.003392074516379
  35456.765999        0.003522574613311
  35500.732780        0.003515438978353
  35544.699560        0.003428618502514
  35588.666341        0.003375826941176
  35632.633122        0.003373554711629
  35676.599902        0.003411364171240
  35720.566683        0.003479902960492
  35764.533464        0.003570395108221
  35808.500244        0.003672870614734
  35852.467025        0.003768534968025
  35896.433806        0.003858685530873
  35940.400586        0.003955374790105
  35984.367367        0.004049248453048
  36028.334148        0.004172855971177
  36072.300928        0.004321919339040
  36116.267709        0.004426125685539
  36160.234489        0.004414849178454
  36204.201270        0.004323181305471
  36248.168051        0.004253294033974
  36292.134831        0.004219174497718
  36336.101612        0.004193683947555
  36380.068393        0.004209758476466
  36424.035173        0.004264652231267
  36468.001954        0.004321039277433
  36511.968735        0.004376645711403
  36555.935515        0.004452483907502
  36599.902296        0.004568503441483
  36643.869077        0.004721932467013
  36687.835857        0.004907385135792
  36731.802638        0.005162854702135
  36775.769419        0.005473557135851
  36819.736199        0.005725019221093
  36863.702980        0.005873924851621
  36907.669761        0.006068882106920
  36951.636541        0.006464249736732
  36995.603322        0.007112224294814
  37039.570103        0.008038102348533
  37083.536883        0.009167327399881
  37127.503664        0.009896035014168
  37171.470445        0.009365405467503
  37215.437225        0.008202245721245
  37259.404006        0.007279278188757
  37303.370787        0.006742128397566
  37347.337567        0.006516723290353
  37391.304348        0.006488358766001
  37435.271128        0.006538227928721
  37479.237909        0.006602773752785
  37523.204690        0.006686064276110
  37567.171470        0.006840164258942
  37611.138251        0.007128215438285
  37655.105032        0.007603184406145
  37699.071812        0.008376763223127
  37743.038593        0.009514953572592
  37787.005374        0.010828155406660
  37830.972154        0.011435987780910
  37874.938935        0.010614551952718
  37918.905716        0.009490399454184
  37962.872496        0.008852650387718
  38006.839277        0.008701361989296
  38050.806058        0.008928861046996
  38094.772838        0.009426170245449
  38138.739619        0.010100732221524
  38182.706400        0.010889390625557
  38226.673180        0.011531574499956
  38270.639961        0.012068024789705
  38314.606742        0.012592171309033
  38358.573522        0.013218668380674
  38402.540303        0.014190060591495
  38446.507084        0.015231236274232
  38490.473864        0.015558780109709
  38534.440645        0.015017244571523
  38578.407426        0.014319296128900
  38622.374206        0.013977309792509
  38666.340987        0.013668691168726
  38710.307767        0.013389235068032
  38754.274548        0.013436736058085
  38798.241329        0.013600158714762
  38842.208109        0.013602980094127
  38886.174890        0.013643886767878
  38930.141671        0.013918830914218
  38974.108451        0.014545538052382
  39018.075232        0.015478505422729
  39062.042013        0.016869211155751
  39106.008793        0.018824990303216
  39149.975574        0.020899855803641
  39193.942355        0.022378635949970
  39237.909135        0.023802072532810
  39281.875916        0.026324291069910
  39325.842697        0.030704033270258
  39369.809477        0.037328623652537
  39413.776258        0.046495138286065
  39457.743039        0.056380214120538
  39501.709819        0.058981131014961
  39545.676600        0.050059512634876
  39589.643381        0.039599570134759
  39633.610161        0.032667023444722
  39677.576942        0.028978614538274
  39721.543723        0.027628393924173
  39765.510503        0.027435780261361
  39809.477284        0.027237399616125
  39853.444064        0.027068972448109
  39897.410845        0.027303531590442
  39941.377626        0.028289703480763
  39985.344406        0.030244395390701
  40029.311187        0.033681081674332
  40073.277968        0.039356559355145
  40117.244748        0.047277963845667
  40161.211529        0.054963637926421
  40205.178310        0.055260960168712
  40249.145090        0.047482334787652
  40293.111871        0.040357100602721
  40337.078652        0.036774858870006
  40381.045432        0.036027415951275
  40425.012213        0.037018383201744
  40468.978994        0.038645538242159
  40512.945774        0.040444908028081
  40556.912555        0.043424943350150
  40600.879336        0.047984562836091
  40644.846116        0.053356806045873
  40688.812897        0.057889865182729
  40732.779678        0.062874319941341
  40776.746458        0.069097939087466
  40820.713239        0.073478382551636
  40864.680020        0.071974582618241
  40908.646800        0.067630424242964
  40952.613581        0.065175757660007
  40996.580362        0.064423635565927
  41040.547142        0.062439127787036
  41084.513923        0.060729197959153
  41128.480703        0.060316647049352
  41172.447484        0.059461940061314
  41216.414265        0.057730173185402
  41260.381045        0.056810174329208
  41304.347826        0.057308214425272
  41348.314607        0.059899196696018
  41392.281387        0.064838639965806
  41436.248168        0.072887662659978
  41480.214949        0.083677701377500
  41524.181729        0.094489141273033
  41568.148510        0.103483754553295
  41612.115291        0.115088070904696
  41656.082071        0.134725527399388
  41700.048852        0.167200597169570
  41744.015633        0.215848290845625
  41787.982413        0.279673890917818
  41831.949194        0.334934766588474
  41875.915975        0.321437477056931
  41919.882755        0.248544668662747
  41963.849536        0.184314422729087
  42007.816317        0.145232572851868
  42051.783097        0.125313550904149
  42095.749878        0.116826866395270
  42139.716659        0.110415411726896
  42183.683439        0.101503587476072
  42227.650220        0.094336339518845
  42271.617000        0.091040760612704
  42315.583781        0.091763255134242
  42359.550562        0.096688944643952
  42403.517342        0.107993661703450
  42447.484123        0.127540186516743
  42491.450904        0.153278352014756
  42535.417684        0.171958638633705
  42579.384465        0.160184477195154
  42623.351246        0.131052856820399
  42667.318026        0.110338571428373
  42711.284807        0.101543812963193
  42755.251588        0.100966120938093
  42799.218368        0.104334021975118
  42843.185149        0.107729507403332
  42887.151930        0.111940374886370
  42931.118710        0.121130161726558
  42975.085491        0.135337827313550
  43019.052272        0.150004792072842
  43063.019052        0.161704149867651
  43106.985833        0.175691297403780
  43150.952614        0.190164811642670
  43194.919394        0.191842647306154
  43238.886175        0.176965488387214
  43282.852956        0.165497283071539
  43326.819736        0.164379388401367
  43370.786517        0.163004944772097
  43414.753298        0.154800049109667
  43458.720078        0.147271281401554
  43502.686859        0.140601775340734
  43546.653639        0.130666884936411
  43590.620420        0.120584226608377
  43634.587201        0.113797891966692
  43678.553981        0.110870097857917
  43722.520762        0.115145779583739
  43766.487543        0.128438340556551
  43810.454323        0.150741026781583
  43854.421104        0.180212672215407
  43898.387885        0.211887309549498
  43942.354665        0.245577282535088
  43986.321446        0.290954091698007
  44030.288227        0.364161425510846
  44074.255007        0.484256912249625
  44118.221788        0.661296462872497
  44162.188569        0.874555719166130
  44206.155349        1.000000000000000
  44250.122130        0.862844054937677
  44294.088911        0.610983477640349
  44338.055691        0.426879346583196
  44382.022472        0.323786437477460
  44425.989253        0.272412585095471
  44469.956033        0.242031698188837
  44513.922814        0.200985154157754
  44557.889595        0.151406300799612
  44601.856375        0.112662525519187
  44645.823156        0.086608550751872
  44689.789936        0.069044871810507
  44733.756717        0.056714458829370
  44777.723498        0.047687437054597
  44821.690278        0.040840355357133
  44865.657059        0.035495305753365
  44909.623840        0.031224369970880
  44953.590620        0.027745733707344
  44997.557401        0.024866808263772
  45041.524182        0.022451759555435
  45085.490962        0.020402174551316
  45129.457743        0.018645096112428
  45173.424524        0.017125358062361
  45217.391304        0.015800523336942
  45261.358085        0.014637451209765
  45305.324866        0.013609913567290
  45349.291646        0.012696905080460
  45393.258427        0.011881423139831
  45437.225208        0.011149571962298
  45481.191988        0.010489895323541
  45525.158769        0.009892872693567
  45569.125550        0.009350534029122
  45613.092330        0.008856162317254
  45657.059111        0.008404061173314
  45701.025892        0.007989371791383
  45744.992672        0.007607927556136
  45788.959453        0.007256137386347
  45832.926234        0.006930891778601
  45876.893014        0.006629486365511
  45920.859795        0.006349559335683
  45964.826575        0.006089040099032
  46008.793356        0.005846106623735
  46052.760137        0.005619150046360
  46096.726917        0.005406745108824
  46140.693698        0.005207625183236
  46184.660479        0.005020661362320
  46228.627259        0.004844844619788
  46272.594040        0.004679270624190
  46316.560821        0.004523126878845
  46360.527601        0.004375681536886
  46404.494382        0.004236273899403
  46448.461163        0.004104306191391
  46492.427943        0.003979236346027
  46536.394724        0.003860571881207
  46580.361505        0.003747864437645
  46624.328285        0.003640705046338
  46668.295066        0.003538720051783
  46712.261847        0.003441567396470
  46756.228627        0.003348933475332
  46800.195408        0.003260530302228
  46844.162189        0.003176092955139
  46888.128969        0.003095377432115
  46932.095750        0.003018158619929
  46976.062531        0.002944228554329
  47020.029311        0.002873394893831
  47063.996092        0.002805479447689
  47107.962872        0.002740316981599
  47151.929653        0.002677754067121
  47195.896434        0.002617648040669
  47239.863214        0.002559866157928
  47283.829995        0.002504284709796
  47327.796776        0.002450788310220
  47371.763556        0.002399269241518
  47415.730337        0.002349626786351
  47459.697118        0.002301766738307
  47503.663898        0.002255600864493
  47547.630679        0.002211046441408
  47591.597460        0.002168025889566
  47635.564240        0.002126466330350
  47679.531021        0.002086299278971
  47723.497802        0.002047460326262
  47767.464582        0.002009888806403
  47811.431363        0.001973527592764
  47855.398144        0.001938322809063
  47899.364924        0.001904223612545
  47943.331705        0.001871182020031
  47987.298486        0.001839152658622
  48031.265266        0.001808092639004
  48075.232047        0.001777961379672
  48119.198828        0.001748720433124
  48163.165608        0.001720333401868
  48207.132389        0.001692765758572
  48251.099170        0.001665984747852
  48295.065950        0.001639959293764
  48339.032731        0.001614659849960
  48382.999511        0.001590058359081
  48426.966292        0.001566128138452
  48470.933073        0.001542843787649
  48514.899853        0.001520181154185
  48558.866634        0.001498117208890
  48602.833415        0.001476630012636
  48646.800195        0.001455698659230
  48690.766976        0.001435303182216
  48734.733757        0.001415424553057
  48778.700537        0.001396044592661
  48822.667318        0.001377145926550
  48866.634099        0.001358711971103
  48910.600879        0.001340726843585
  48954.567660        0.001323175365864
  48998.534441        0.001306043018926
  49042.501221        0.001289315883867
  49086.468002        0.001272980655120
  49130.434783        0.001257024565809
  49174.401563        0.001241435376040
  49218.368344        0.001226201365873
  49262.335125        0.001211311268724
  49306.301905        0.001196754293094
  49350.268686        0.001182520077170
  49394.235467        0.001168598654617
  49438.202247        0.001154980473099
  49482.169028        0.001141656330936
  49526.135809        0.001128617388283
  49570.102589        0.001115855156847
  49614.069370        0.001103361449420
  49658.036150        0.001091128408723
  49702.002931        0.001079148460615
  49745.969712        0.001067414301851
  49789.936492        0.001055918918135
  49833.903273        0.001044655529612
  49877.870054        0.001033617614873
  49921.836834        0.001022798892066
  49965.803615        0.001012193283205
  50009.770396        0.001001794945954
  50053.737176        0.000991598227576
  50097.703957        0.000981597670590
  50141.670738        0.000971788023852
  50185.637518        0.000962164194757
  50229.604299        0.000952721279825
  50273.571080        0.000943454538247
  50317.537860        0.000934359372551
  50361.504641        0.000925431359711
  50405.471422        0.000916666205826
  50449.438202        0.000908059763466
  50493.404983        0.000899608031863
  50537.371764        0.000891307117669
  50581.338544        0.000883153270047
  50625.305325        0.000875142849510
  50669.272106        0.000867272323689
  50713.238886        0.000859538292036
  50757.205667        0.000851937440932
  50801.172447        0.000844466568919
  50845.139228        0.000837122577201
  50889.106009        0.000829902442525
  50933.072789        0.000822803253818
  50977.039570        0.000815822176647
  51021.006351        0.000808956460115
  51064.973131        0.000802203451384
  51108.939912        0.000795560554438
  51152.906693        0.000789025262298
  51196.873473        0.000782595140134
  51240.840254        0.000776267810586
  51284.807035        0.000770040986368
  51328.773815        0.000763912430531
  51372.740596        0.000757879972436
  51416.707377        0.000751941512765
  51460.674157        0.000746094990452
  51504.640938        0.000740338419312
  51548.607719        0.000734669863563
  51592.574499        0.000729087433216
  51636.541280        0.000723589308791
  51680.508061        0.000718173701033
  51724.474841        0.000712838876111
  51768.441622        0.000707583152404
  51812.408403        0.000702404876831
  51856.375183        0.000697302460509
  51900.341964        0.000692274346673
  51944.308745        0.000687319015607
  51988.275525        0.000682435001472
  52032.242306        0.000677620856326
  52076.209086        0.000672875182429
  52120.175867        0.000668196619732
  52164.142648        0.000663583830481
  52208.109428        0.000659035530043
  52252.076209        0.000654550450819
  52296.042990        0.000650127357817
  52340.009770        0.000645765057862
  52383.976551        0.000641462369587
  52427.943332        0.000637218157864
  52471.910112        0.000633031311460
  52515.876893        0.000628900736665
  52559.843674        0.000624825382850
  52603.810454        0.000620804206998
  52647.777235        0.000616836198467
  52691.744016        0.000612920378520
  52735.710796        0.000609055776085
  52779.677577        0.000605241460698
  52823.644358        0.000601476513477
  52867.611138        0.000597760031838
  52911.577919        0.000594091149116
  52955.544700        0.000590469001497
  52999.511480        0.000586892757565
  53043.478261        0.000583361606961
  53087.445042        0.000579874743727
  53131.411822        0.000576431397096
  53175.378603        0.000573030799907
  53219.345383        0.000569672203670
  53263.312164        0.000566354889272
  53307.278945        0.000563078136696
  53351.245725        0.000559841256281
  53395.212506        0.000556643568969
  53439.179287        0.000553484400173
  53483.146067        0.000550363107060
  53527.112848        0.000547279045907
  53571.079629        0.000544231593930
  53615.046409        0.000541220149193
  53659.013190        0.000538244105715
  53702.979971        0.000535302885838
  53746.946751        0.000532395915432
  53790.913532        0.000529522628254
  53834.880313        0.000526682486052
  53878.847093        0.000523874945507
  53922.813874        0.000521099484477
  53966.780655        0.000518355592824
  54010.747435        0.000515642756536
  54054.714216        0.000512960489450
  54098.680997        0.000510308304354
  54142.647777        0.000507685725184
  54186.614558        0.000505092297425
  54230.581339        0.000502527557766
  54274.548119        0.000499991064510
  54318.514900        0.000497482381711
  54362.481681        0.000495001072982
  54406.448461        0.000492546728399
  54450.415242        0.000490118932114
  54494.382022        0.000487717280968
  54538.348803        0.000485341386134
  54582.315584        0.000482990849560
  54626.282364        0.000480665296676
  54670.249145        0.000478364354059
  54714.215926        0.000476087651156
  54758.182706        0.000473834839457
  54802.149487        0.000471605559919
  54846.116268        0.000469399468295
  54890.083048        0.000467216229431
  54934.049829        0.000465055501684
  54978.016610        0.000462916967563
  55021.983390        0.000460800305207
  55065.950171        0.000458705197642
  55109.916952        0.000456631344491
  55153.883732        0.000454578433466
  55197.850513        0.000452546170694
  55241.817294        0.000450534267001
  55285.784074        0.000448542429403
  55329.750855        0.000446570386578
  55373.717636        0.000444617857388
  55417.684416        0.000442684568639
  55461.651197        0.000440770259758
  55505.617978        0.000438874659870
  55549.584758        0.000436997518876
  55593.551539        0.000435138585500
  55637.518319        0.000433297606471
  55681.485100        0.000431474346588
  55725.451881        0.000429668558435
  55769.418661        0.000427880007322
  55813.385442        0.000426108467354
  55857.352223        0.000424353703897
  55901.319003        0.000422615502354
  55945.285784        0.000420893640896
  55989.252565        0.000419187899070
  56033.219345        0.000417498072019
  56077.186126        0.000415823942965
  56121.152907        0.000414165311468
  56165.119687        0.000412521980017
  56209.086468        0.000410893743467
  56253.053249        0.000409280414992
  56297.020029        0.000407681797243
  56340.986810        0.000406097699596
  56384.953591        0.000404527944101
  56428.920371        0.000402972341061
  56472.887152        0.000401430717865
  56516.853933        0.000399902898529
  56560.820713        0.000398388702538
  56604.787494        0.000396887966887
  56648.754275        0.000395400517061
  56692.721055        0.000393926189619
  56736.687836        0.000392464828384
  56780.654617        0.000391016265429
  56824.621397        0.000389580349964
  56868.588178        0.000388156923948
  56912.554958        0.000386745830143
  56956.521739        0.000385346927088
  57000.488520        0.000383960060492
  57044.455300        0.000382585089025
  57088.422081        0.000381221872511
  57132.388862        0.000379870261395
  57176.355642        0.000378530124151
  57220.322423        0.000377201319900
  57264.289204        0.000375883713154
  57308.255984        0.000374577179643
  57352.222765        0.000373281580944
  57396.189546        0.000371996793166
  57440.156326        0.000370722689491
  57484.123107        0.000369459138542
  57528.089888        0.000368206026605
  57572.056668        0.000366963227896
  57616.023449        0.000365730624591
  57659.990230        0.000364508104587
  57703.957010        0.000363295542982
  57747.923791        0.000362092831881
  57791.890572        0.000360899857580
  57835.857352        0.000359716506108
  57879.824133        0.000358542677751
  57923.790914        0.000357378258063
  57967.757694        0.000356223143309
  58011.724475        0.000355077231610
  58055.691255        0.000353940412160
  58099.658036        0.000352812592222
  58143.624817        0.000351693669379
  58187.591597        0.000350583543725
  58231.558378        0.000349482125137
  58275.525159        0.000348389308878
  58319.491939        0.000347305004740
  58363.458720        0.000346229121144
  58407.425501        0.000345161561111
  58451.392281        0.000344102243664
  58495.359062        0.000343051074276
  58539.325843        0.000342007964409
  58583.292623        0.000340972832111
  58627.259404        0.000339945583469
  58671.226185        0.000338926141465
  58715.192965        0.000337914423047
  58759.159746        0.000336910342253
  58803.126527        0.000335913825988
  58847.093307        0.000334924786478
  58891.060088        0.000333943146746
  58935.026869        0.000332968833255
  58978.993649        0.000332001762896
  59022.960430        0.000331041868800
  59066.927211        0.000330089073235
  59110.893991        0.000329143299315
  59154.860772        0.000328204480849
  59198.827553        0.000327272538226
  59242.794333        0.000326347406111
  59286.761114        0.000325429017549
  59330.727894        0.000324517297813
  59374.694675        0.000323612186780
  59418.661456        0.000322713611242
  59462.628236        0.000321821504201
  59506.595017        0.000320935806719
  59550.561798        0.000320056447435
  59594.528578        0.000319183369887
  59638.495359        0.000318316510627
  59682.462140        0.000317455801963
  59726.428920        0.000316601189968
  59770.395701        0.000315752607504
  59814.362482        0.000314909997848
  59858.329262        0.000314073307375
  59902.296043        0.000313242470784
  59946.262824        0.000312417437590
  59990.229604        0.000311598147256
  60034.196385        0.000310784540466
  60078.163166        0.000309976569897
  60122.129946        0.000309174174508
  60166.096727        0.000308377305378
  60210.063508        0.000307585911174
  60254.030288        0.000306799931816
  60297.997069        0.000306019322658
  60341.963850        0.000305244027640
  60385.930630        0.000304473996419
  60429.897411        0.000303709186222
  60473.864191        0.000302949540040
  60517.830972        0.000302195014336
  60561.797753        0.000301445559660
  60605.764533        0.000300701122871
  60649.731314        0.000299961665620
  60693.698095        0.000299227136180
  60737.664875        0.000298497490990
  60781.631656        0.000297772688868
  60825.598437        0.000297052676383
  60869.565217        0.000296337415661
  60913.531998        0.000295626860594
  60957.498779        0.000294920965730
  61001.465559        0.000294219696892
  61045.432340        0.000293523004667
  61089.399121        0.000292830850349
  61133.365901        0.000292143194061
  61177.332682        0.000291459987938
  61221.299463        0.000290781200297
  61265.266243        0.000290106787980
  61309.233024        0.000289436711277
  61353.199805        0.000288770937308
  61397.166585        0.000288109418776
  61441.133366        0.000287452122511
  61485.100147        0.000286799011289
  61529.066927        0.000286150043633
  61573.033708        0.000285505191889
  61617.000489        0.000284864413806
  61660.967269        0.000284227673927
  61704.934050        0.000283594940522
  61748.900830        0.000282966170578
  61792.867611        0.000282341337084
  61836.834392        0.000281720404777
  61880.801172        0.000281103336808
  61924.767953        0.000280490106828
  61968.734734        0.000279880673454
  62012.701514        0.000279275006601
  62056.668295        0.000278673076855
  62100.635076        0.000278074846283
  62144.601856        0.000277480291900
  62188.568637        0.000276889378266
  62232.535418        0.000276302072121
  62276.502198        0.000275718348407
  62320.468979        0.000275138168846
  62364.435760        0.000274561509438
  62408.402540        0.000273988342109
  62452.369321        0.000273418632377
  62496.336102        0.000272852358747
  62540.302882        0.000272289485680
  62584.269663        0.000271729985004
  62628.236444        0.000271173833976
  62672.203224        0.000270620998122
  62716.170005        0.000270071457462
  62760.136786        0.000269525183000
  62804.103566        0.000268982143080
  62848.070347        0.000268442317850
  62892.037128        0.000267905673861
  62936.003908        0.000267372188858
  62979.970689        0.000266841841139
  63023.937469        0.000266314598481
  63067.904250        0.000265790442663
  63111.871031        0.000265269343900
  63155.837811        0.000264751275165
  63199.804592        0.000264236219179
  63243.771373        0.000263724145097
  63287.738153        0.000263215034601
  63331.704934        0.000262708864665
  63375.671715        0.000262205605033
  63419.638495        0.000261705239632
  63463.605276        0.000261207739969
  63507.572057        0.000260713084603
  63551.538837        0.000260221257252
  63595.505618        0.000259732228121
  63639.472399        0.000259245980890
  63683.439179        0.000258762491390
  63727.405960        0.000258281733417
  63771.372741        0.000257803693871
  63815.339521        0.000257328345788
  63859.306302        0.000256855671445
  63903.273083        0.000256385653170
  63947.239863        0.000255918262225
  63991.206644        0.000255453484963
  64035.173425        0.000254991297934
  64079.140205        0.000254531679982
  64123.106986        0.000254074619204
  64167.073766        0.000253620088584
  64211.040547        0.000253168072562
  64255.007328        0.000252718552236
  64298.974108        0.000252271502214
  64342.940889        0.000251826912292
  64386.907670        0.000251384759679
  64430.874450        0.000250945026547
  64474.841231        0.000250507699761
  64518.808012        0.000250072752481
  64562.774792        0.000249640172278
  64606.741573        0.000249209940685
  64650.708354        0.000248782036653
  64694.675134        0.000248356451500
  64738.641915        0.000247933161419
  64782.608696        0.000247512150733
  64826.575476        0.000247093405302
  64870.542257        0.000246676900842
  64914.509038        0.000246262628821
  64958.475818        0.000245850570803
  65002.442599        0.000245440708495
  65046.409380        0.000245033032363
  65090.376160        0.000244627517931
  65134.342941        0.000244224152995
  65178.309722        0.000243822923837
  65222.276502        0.000243423809650
  65266.243283        0.000243026803806
  65310.210064        0.000242631886091
  65354.176844        0.000242239040182
  65398.143625        0.000241848255995
  65442.110405        0.000241459510796
  65486.077186        0.000241072796634
  65530.043967        0.000240688099442
  65574.010747        0.000240305400454
  65617.977528        0.000239924692695
  65661.944309        0.000239545954566
  65705.911089        0.000239169173336
  65749.877870        0.000238794339589
  65793.844651        0.000238421433158
  65837.811431        0.000238050448355
  65881.778212        0.000237681368811
  65925.744993        0.000237314177341
  65969.711773        0.000236948867022
  66013.678554        0.000236585417273
  66057.645335        0.000236223819818
  66101.612115        0.000235864064769
  66145.578896        0.000235506133121
  66189.545677        0.000235150019372
  66233.512457        0.000234795705290
  66277.479238        0.000234443177202
  66321.446019        0.000234092429310
  66365.412799        0.000233743442654
  66409.379580        0.000233396211463
  66453.346361        0.000233050723275
  66497.313141        0.000232706960117
  66541.279922        0.000232364917286
  66585.246702        0.000232024576937
  66629.213483        0.000231685929830
  66673.180264        0.000231348969814
  66717.147044        0.000231013678126
  66761.113825        0.000230680049719
  66805.080606        0.000230348070006
  66849.047386        0.000230017724266
  66893.014167        0.000229689009470
  66936.980948        0.000229361908489
  66980.947728        0.000229036414671
  67024.914509        0.000228712519315
  67068.881290        0.000228390204056
  67112.848070        0.000228069465363
  67156.814851        0.000227750288576
  67200.781632        0.000227432663142
  67244.748412        0.000227116586009
  67288.715193        0.000226802039307
  67332.681974        0.000226489017518
  67376.648754        0.000226177509821
  67420.615535        0.000225867500613
  67464.582316        0.000225558988688
  67508.549096        0.000225251959352
  67552.515877        0.000224946404533
  67596.482658        0.000224642318867
  67640.449438        0.000224339684151
  67684.416219        0.000224038497037
  67728.383000        0.000223738746403
  67772.349780        0.000223440420358
  67816.316561        0.000223143518109
  67860.283341        0.000222848023368
  67904.250122        0.000222553929428
  67948.216903        0.000222261229098
  67992.183683        0.000221969906332
  68036.150464        0.000221679960711
  68080.117245        0.000221391380479
  68124.084025        0.000221104155863
  68168.050806        0.000220818284220
  68212.017587        0.000220533748221
  68255.984367        0.000220250543870
  68299.951148        0.000219968663672
  68343.917929        0.000219688094637
  68387.884709        0.000219408837287
  68431.851490        0.000219130877558
  68475.818271        0.000218854207083
  68519.785051        0.000218578821851
  68563.751832        0.000218304706023
  68607.718613        0.000218031859063
  68651.685393        0.000217760272474
  68695.652174        0.000217489934835
  68739.618955        0.000217220845428
  68783.585735        0.000216952988494
  68827.552516        0.000216686358712
  68871.519297        0.000216420952044
  68915.486077        0.000216156754894
  68959.452858        0.000215893768141
  69003.419638        0.000215631980452
  69047.386419        0.000215371381641
  69091.353200        0.000215111970319
  69135.319980        0.000214853731519
  69179.286761        0.000214596663733
  69223.253542        0.000214340761806
  69267.220322        0.000214086012997
  69311.187103        0.000213832417588
  69355.153884        0.000213579962101
  69399.120664        0.000213328639481
  69443.087445        0.000213078448753
  69487.054226        0.000212829376346
  69531.021006        0.000212581422569
  69574.987787        0.000212334579175
  69618.954568        0.000212088834238
  69662.921348        0.000211844188158
  69706.888129        0.000211600627622
  69750.854910        0.000211358149578
  69794.821690        0.000211116752016
  69838.788471        0.000210876421401
  69882.755252        0.000210637158102
  69926.722032        0.000210398951424
  69970.688813        0.000210161792468
  70014.655594        0.000209925682645
  70058.622374        0.000209690609197
  70102.589155        0.000209456571098
  70146.555936        0.000209223563229
  70190.522716        0.000208991572332
  70234.489497        0.000208760599702
  70278.456277        0.000208530634363
  70322.423058        0.000208301671338
  70366.389839        0.000208073711328
  70410.356619        0.000207846740702
  70454.323400        0.000207620759038
  70498.290181        0.000207395758737
  70542.256961        0.000207171729237
  70586.223742        0.000206948673530
  70630.190523        0.000206726580394
  70674.157303        0.000206505446918
  70718.124084        0.000206285270937
  70762.090865        0.000206066038460
  70806.057645        0.000205847750781
  70850.024426        0.000205630399732
  70893.991207        0.000205413978333
  70937.957987        0.000205198489332
  70981.924768        0.000204983919814
  71025.891549        0.000204770267838
  71069.858329        0.000204557528989
  71113.825110        0.000204345691446
  71157.791891        0.000204134758873
  71201.758671        0.000203924722247
  71245.725452        0.000203715576453
  71289.692233        0.000203507321837
  71333.659013        0.000203299944432
  71377.625794        0.000203093444647
  71421.592574        0.000202887817492
  71465.559355        0.000202683054178
  71509.526136        0.000202479158667
  71553.492916        0.000202276119480
  71597.459697        0.000202073932656
  71641.426478        0.000201872596753
  71685.393258        0.000201672099382
  71729.360039        0.000201472443964
  71773.326820        0.000201273624187
  71817.293600        0.000201075632693
  71861.260381        0.000200878471639
  71905.227162        0.000200682127912
  71949.193942        0.000200486600383
  71993.160723        0.000200291887172
  72037.127504        0.000200097978177
  72081.094284        0.000199904877678
  72125.061065        0.000199712576349
  72169.027846        0.000199521067965
  72212.994626        0.000199330353590
  72256.961407        0.000199140420976
  72300.928188        0.000198951272472
  72344.894968        0.000198762904694
  72388.861749        0.000198575308368
  72432.828530        0.000198388486682
  72476.795310        0.000198202428126
  72520.762091        0.000198017129551
  72564.728872        0.000197832591982
  72608.695652        0.000197648804651
  72652.662433        0.000197465771249
  72696.629213        0.000197283485078
  72740.595994        0.000197101937703
  72784.562775        0.000196921131959
  72828.529555        0.000196741056608
  72872.496336        0.000196561712246
  72916.463117        0.000196383098463
  72960.429897        0.000196205204543
  73004.396678        0.000196028033773
  73048.363459        0.000195851576954
  73092.330239        0.000195675828728
  73136.297020        0.000195500792526
  73180.263801        0.000195326457697
  73224.230581        0.000195152826505
  73268.197362        0.000194979895114
  73312.164143        0.000194807653190
  73356.130923        0.000194636104594
  73400.097704        0.000194465239846
  73444.064485        0.000194295057382
  73488.031265        0.000194125559420
  73531.998046        0.000193956734507
  73575.964827        0.000193788585154
  73619.931607        0.000193621104919
  73663.898388        0.000193454286330
  73707.865169        0.000193288134480
  73751.831949        0.000193122639675
  73795.798730        0.000192957802185
  73839.765511        0.000192793621000
  73883.732291        0.000192630084477
  73927.699072        0.000192467196523
  73971.665852        0.000192304950058
  74015.632633        0.000192143341178
  74059.599414        0.000191982374260
  74103.566194        0.000191822037952
  74147.532975        0.000191662333256
  74191.499756        0.000191503256670
  74235.466536        0.000191344798935
  74279.433317        0.000191186965980
  74323.400098        0.000191029749809
  74367.366878        0.000190873148275
  74411.333659        0.000190717162883
  74455.300440        0.000190561781436
  74499.267220        0.000190407007052
  74543.234001        0.000190252835521
  74587.200782        0.000190099260726
  74631.167562        0.000189946288383
  74675.134343        0.000189793908066
  74719.101124        0.000189642118651
  74763.067904        0.000189490919583
  74807.034685        0.000189340300480
  74851.001466        0.000189190267135
  74894.968246        0.000189040813920
  74938.935027        0.000188891936128
  74982.901808        0.000188743637232
  75026.868588        0.000188595905297
  75070.835369        0.000188448741925
  75114.802149        0.000188302145920
  75158.768930        0.000188156109311
  75202.735711        0.000188010638326
  75246.702491        0.000187865724256
  75290.669272        0.000187721363538
  75334.636053        0.000187577558221
  75378.602833        0.000187434297494
  75422.569614        0.000187291586207
  75466.536395        0.000187149421470
  75510.503175        0.000187007796240
  75554.469956        0.000186866715160
  75598.436737        0.000186726167445
  75642.403517        0.000186586152593
  75686.370298        0.000186446672348
  75730.337079        0.000186307717590
  75774.303859        0.000186169294078
  75818.270640        0.000186031395404
  75862.237421        0.000185894015502
  75906.204201        0.000185757158378
  75950.170982        0.000185620813757
  75994.137763        0.000185484984734
  76038.104543        0.000185349671281
  76082.071324        0.000185214864461
  76126.038105        0.000185080569277
  76170.004885        0.000184946776858
  76213.971666        0.000184813484327
  76257.938447        0.000184680695912
  76301.905227        0.000184548402078
  76345.872008        0.000184416607338
  76389.838788        0.000184285307994
  76433.805569        0.000184154495708
  76477.772350        0.000184024175697
  76521.739130        0.000183894339013
  76565.705911        0.000183764986524
  76609.672692        0.000183636120891
  76653.639472        0.000183507731936
  76697.606253        0.000183379824083
  76741.573034        0.000183252390986
  76785.539814        0.000183125427374
  76829.506595        0.000182998939359
  76873.473376        0.000182872917892
  76917.440156        0.000182747365479
  76961.406937        0.000182622281233
  77005.373718        0.000182497655018
  77049.340498        0.000182373492403
  77093.307279        0.000182249786503
  77137.274060        0.000182126535664
  77181.240840        0.000182003744864
  77225.207621        0.000181881403503
  77269.174402        0.000181759514626
  77313.141182        0.000181638074733
  77357.107963        0.000181517076411
  77401.074744        0.000181396526855
  77445.041524        0.000181276418322
  77489.008305        0.000181156750799
  77532.975085        0.000181037526048
  77576.941866        0.000180918732922
  77620.908647        0.000180800376389
  77664.875427        0.000180682452223
  77708.842208        0.000180564956257
  77752.808989        0.000180447895076
  77796.775769        0.000180331258566
  77840.742550        0.000180215047705
  77884.709331        0.000180099261956
  77928.676111        0.000179983892295
  77972.642892        0.000179868946078
  78016.609673        0.000179754417600
  78060.576453        0.000179640304149
  78104.543234        0.000179526609620
  78148.510015        0.000179413322678
  78192.476795        0.000179300446895
  78236.443576        0.000179187981024
  78280.410357        0.000179075918698
  78324.377137        0.000178964267247
  78368.343918        0.000178853017910
  78412.310699        0.000178742169130
  78456.277479        0.000178631723146
  78500.244260        0.000178521670051
  78544.211041        0.000178412016439
  78588.177821        0.000178302759149
  78632.144602        0.000178193892832
  78676.111383        0.000178085422899
  78720.078163        0.000177977338741
  78764.044944        0.000177869641903
  78808.011724        0.000177762334077
  78851.978505        0.000177655407274
  78895.945286        0.000177548868689
  78939.912066        0.000177442711593
  78983.878847        0.000177336931744
  79027.845628        0.000177231533596
  79071.812408        0.000177126507289
  79115.779189        0.000177021857858
  79159.745970        0.000176917584964
  79203.712750        0.000176813680989
  79247.679531        0.000176710151951
  79291.646312        0.000176606988832
  79335.613092        0.000176504190710
  79379.579873        0.000176401761982
  79423.546654        0.000176299693802
  79467.513434        0.000176197992277
  79511.480215        0.000176096653248
  79555.446996        0.000175995669899
  79599.413776        0.000175895048207
  79643.380557        0.000175794779287
  79687.347338        0.000175694865950
  79731.314118        0.000175595310681
  79775.280899        0.000175496104190
  79819.247680        0.000175397252193
  79863.214460        0.000175298747930
  79907.181241        0.000175200587918
  79951.148021        0.000175102778718
  79995.114802        0.000175005311464
  80039.081583        0.000174908190429
  80083.048363        0.000174811414282
  80127.015144        0.000174714974101
  80170.981925        0.000174618876474
  80214.948705        0.000174523114263
  80258.915486        0.000174427687651
  80302.882267        0.000174332601622
  80346.849047        0.000174237846035
  80390.815828        0.000174143425482
  80434.782609        0.000174049335982
  80478.749389        0.000173955571582
  80522.716170        0.000173862140197
  80566.682951        0.000173769033919
  80610.649731        0.000173676254547
  80654.616512        0.000173583803489
  80698.583293        0.000173491670365
  80742.550073        0.000173399861516
  80786.516854        0.000173308372257
  80830.483635        0.000173217200069
  80874.450415        0.000173126351757
  80918.417196        0.000173035817244
  80962.383977        0.000172945599175
  81006.350757        0.000172855696583
  81050.317538        0.000172766101539
  81094.284319        0.000172676822489
  81138.251099        0.000172587853290
  81182.217880        0.000172499192877
  81226.184660        0.000172410845084
  81270.151441        0.000172322798865
  81314.118222        0.000172235059402
  81358.085002        0.000172147624909
  81402.051783        0.000172060490356
  81446.018564        0.000171973663716
  81489.985344        0.000171887135840
  81533.952125        0.000171800906849
  81577.918906        0.000171714978650
  81621.885686        0.000171629342044
  81665.852467        0.000171544005026
  81709.819248        0.000171458963826
  81753.786028        0.000171374214537
  81797.752809        0.000171289762790
  81841.719590        0.000171205597870
  81885.686370        0.000171121723001
  81929.653151        0.000171038139420
  81973.619932        0.000170954840093
  82017.586712        0.000170871833180
  82061.553493        0.000170789111348
  82105.520274        0.000170706671949
  82149.487054        0.000170624519430
  82193.453835        0.000170542644135
  82237.420616        0.000170461052641
  82281.387396        0.000170379743988
  82325.354177        0.000170298711685
  82369.320957        0.000170217962323
  82413.287738        0.000170137486423
  82457.254519        0.000170057284784
  82501.221299        0.000169977361541
  82545.188080        0.000169897708364
  82589.154861        0.000169818332606
  82633.121641        0.000169739229345
  82677.088422        0.000169660393188
  82721.055203        0.000169581830378
  82765.021983        0.000169503531874
  82808.988764        0.000169425502143
  82852.955545        0.000169347743046
  82896.922325        0.000169270246018
  82940.889106        0.000169193017786
  82984.855887        0.000169116050942
  83028.822667        0.000169039343551
  83072.789448        0.000168962902170
  83116.756229        0.000168886718028
  83160.723009        0.000168810796824
  83204.689790        0.000168735136427
  83248.656571        0.000168659728957
  83292.623351        0.000168584581741
  83336.590132        0.000168509687148
  83380.556913        0.000168435047040
  83424.523693        0.000168360665997
  83468.490474        0.000168286534207
  83512.457255        0.000168212657454
  83556.424035        0.000168139030949
  83600.390816        0.000168065650123
  83644.357596        0.000167992523290
  83688.324377        0.000167919642216
  83732.291158        0.000167847010238
  83776.257938        0.000167774628095
  83820.224719        0.000167702486022
  83864.191500        0.000167630591370
  83908.158280        0.000167558938752
  83952.125061        0.000167487527155
  83996.091842        0.000167416363434
  84040.058622        0.000167345437327
  84084.025403        0.000167274752904
  84127.992184        0.000167204308417
  84171.958964        0.000167134096987
  84215.925745        0.000167064127782
  84259.892526        0.000166994393977
  84303.859306        0.000166924896059
  84347.826087        0.000166855637454
  84391.792868        0.000166786607309
  84435.759648        0.000166717812127
  84479.726429        0.000166649249333
  84523.693210        0.000166580915178
  84567.659990        0.000166512817869
  84611.626771        0.000166444947803
  84655.593552        0.000166377306641
  84699.560332        0.000166309895662
  84743.527113        0.000166242706276
  84787.493894        0.000166175747533
  84831.460674        0.000166109014788
  84875.427455        0.000166042505504
  84919.394235        0.000165976225221
  84963.361016        0.000165910163046
  85007.327797        0.000165844323758
  85051.294577        0.000165778707848
  85095.261358        0.000165713309180
  85139.228139        0.000165648136577
  85183.194919        0.000165583181823
  85227.161700        0.000165518443732
  85271.128481        0.000165453926370
  85315.095261        0.000165389620423
  85359.062042        0.000165325533809
  85403.028823        0.000165261664587
  85446.995603        0.000165198007340
  85490.962384        0.000165134568980
  85534.929165        0.000165071339451
  85578.895945        0.000165008321149
  85622.862726        0.000164945517626
  85666.829507        0.000164882921078
  85710.796287        0.000164820539847
  85754.763068        0.000164758367991
  85798.729849        0.000164696401404
  85842.696629        0.000164634646352
  85886.663410        0.000164573093556
  85930.630191        0.000164511749030
  85974.596971        0.000164450613837
  86018.563752        0.000164389680154
  86062.530532        0.000164328955286
  86106.497313        0.000164268430976
  86150.464094        0.000164208106860
  86194.430874        0.000164147989194
  86238.397655        0.000164088069293
  86282.364436        0.000164028354132
  86326.331216        0.000163968840524
  86370.297997        0.000163909521638
  86414.264778        0.000163850405150
  86458.231558        0.000163791482850
  86502.198339        0.000163732758140
  86546.165120        0.000163674234992
  86590.131900        0.000163615903879
  86634.098681        0.000163557771605
  86678.065462        0.000163499832419
  86722.032242        0.000163442083092
  86765.999023        0.000163384531974
  86809.965804        0.000163327170481
  86853.932584        0.000163270003411
  86897.899365        0.000163213030572
  86941.866146        0.000163156242826
  86985.832926        0.000163099648363
  87029.799707        0.000163043240944
  87073.766488        0.000162987021063
  87117.733268        0.000162930995130
  87161.700049        0.000162875152773
  87205.666830        0.000162819499331
  87249.633610        0.000162764032055
  87293.600391        0.000162708745092
  87337.567171        0.000162653648150
  87381.533952        0.000162598733698
  87425.500733        0.000162544003668
  87469.467513        0.000162489460765
  87513.434294        0.000162435094386
  87557.401075        0.000162380912123
  87601.367855        0.000162326910384
  87645.334636        0.000162273086704
  87689.301417        0.000162219449383
  87733.268197        0.000162165988222
  87777.234978        0.000162112706301
  87821.201759        0.000162059604059
  87865.168539        0.000162006673632
  87909.135320        0.000161953924929
  87953.102101        0.000161901352306
  87997.068881        0.000161848954585
  88041.035662        0.000161796736854
  88085.002443        0.000161744688028
  88128.969223        0.000161692814283
  88172.936004        0.000161641115164
  88216.902785        0.000161589585537
  88260.869565        0.000161538234572
  88304.836346        0.000161487053244
  88348.803127        0.000161436041804
  88392.769907        0.000161385203704
  88436.736688        0.000161334529790
  88480.703468        0.000161284029203
  88524.670249        0.000161233698922
  88568.637030        0.000161183534699
  88612.603810        0.000161133543375
  88656.570591        0.000161083714327
  88700.537372        0.000161034051539
  88744.504152        0.000160984557754
  88788.470933        0.000160935225674
  88832.437714        0.000160886064390
  88876.404494        0.000160837066856
  88920.371275        0.000160788230281
  88964.338056        0.000160739560722
  89008.304836        0.000160691048765
  89052.271617        0.000160642701784
  89096.238398        0.000160594519798
  89140.205178        0.000160546495745
  89184.171959        0.000160498637413
  89228.138740        0.000160450935594
  89272.105520        0.000160403391457
  89316.072301        0.000160356010719
  89360.039082        0.000160308784813
  89404.005862        0.000160261721829
  89447.972643        0.000160214817422
  89491.939424        0.000160168065789
  89535.906204        0.000160121474744
  89579.872985        0.000160075035553
  89623.839766        0.000160028753154
  89667.806546        0.000159982630571
  89711.773327        0.000159936658641
  89755.740107        0.000159890844972
  89799.706888        0.000159845182770
  89843.673669        0.000159799670200
  89887.640449        0.000159754315411
  89931.607230        0.000159709109486
  89975.574011        0.000159664058475
  90019.540791        0.000159619161103
  90063.507572        0.000159574408997
  90107.474353        0.000159529810890
  90151.441133        0.000159485359678
  90195.407914        0.000159441057385
  90239.374695        0.000159396909833
  90283.341475        0.000159352906604
  90327.308256        0.000159309054099
  90371.275037        0.000159265348438
  90415.241817        0.000159221784925
  90459.208598        0.000159178373407
  90503.175379        0.000159135105659
  90547.142159        0.000159091985017
  90591.108940        0.000159049013255
  90635.075721        0.000159006180174
  90679.042501        0.000158963494350
  90723.009282        0.000158920951181
  90766.976063        0.000158878549486
  90810.942843        0.000158836297250
  90854.909624        0.000158794183713
  90898.876404        0.000158752213350
  90942.843185        0.000158710385554
  90986.809966        0.000158668693216
  91030.776746        0.000158627146801
  91074.743527        0.000158585739779
  91118.710308        0.000158544472397
  91162.677088        0.000158503349093
  91206.643869        0.000158462358623
  91250.610650        0.000158421508448
  91294.577430        0.000158380796973
  91338.544211        0.000158340220053
  91382.510992        0.000158299787139
  91426.477772        0.000158259488307
  91470.444553        0.000158219325271
  91514.411334        0.000158179300682
  91558.378114        0.000158139405659
  91602.344895        0.000158099650298
  91646.311676        0.000158060030461
  91690.278456        0.000158020543134
  91734.245237        0.000157981194915
  91778.212018        0.000157941974669
  91822.178798        0.000157902887909
  91866.145579        0.000157863936252
  91910.112360        0.000157825112876
  91954.079140        0.000157786427764
  91998.045921        0.000157747872685
  92042.012702        0.000157709446117
  92085.979482        0.000157671153727
  92129.946263        0.000157632985839
  92173.913043        0.000157594951297
  92217.879824        0.000157557048970
  92261.846605        0.000157519272580
  92305.813385        0.000157481629952
  92349.780166        0.000157444111048
  92393.746947        0.000157406718702
  92437.713727        0.000157369457979
  92481.680508        0.000157332320297
  92525.647289        0.000157295314808
  92569.614069        0.000157258435836
  92613.580850        0.000157221678642
  92657.547631        0.000157185051261
  92701.514411        0.000157148544231
  92745.481192        0.000157112163779
  92789.447973        0.000157075912463
  92833.414753        0.000157039781181
  92877.381534        0.000157003777845
  92921.348315        0.000156967895077
  92965.315095        0.000156932132600
  93009.281876        0.000156896497619
  93053.248657        0.000156860981254
  93097.215437        0.000156825590765
  93141.182218        0.000156790323673
  93185.148999        0.000156755172358
  93229.115779        0.000156720146220
  93273.082560        0.000156685236663
  93317.049340        0.000156650447191
  93361.016121        0.000156615783764
  93404.982902        0.000156581235399
  93448.949682        0.000156546808523
  93492.916463        0.000156512499782
  93536.883244        0.000156478305582
  93580.850024        0.000156444234177
  93624.816805        0.000156410277229
  93668.783586        0.000156376441335
  93712.750366        0.000156342724856
  93756.717147        0.000156309119035
  93800.683928        0.000156275632571
  93844.650708        0.000156242260122
  93888.617489        0.000156209002307
  93932.584270        0.000156175867008
  93976.551050        0.000156142842203
  94020.517831        0.000156109932646
  94064.484612        0.000156077138357
  94108.451392        0.000156044453958
  94152.418173        0.000156011886963
  94196.384954        0.000155979431830
  94240.351734        0.000155947092418
  94284.318515        0.000155914868674
  94328.285296        0.000155882748712
  94372.252076        0.000155850746585
  94416.218857        0.000155818853427
  94460.185638        0.000155787070736
  94504.152418        0.000155755406641
  94548.119199        0.000155723846949
  94592.085979        0.000155692398282
  94636.052760        0.000155661063502
  94680.019541        0.000155629832729
  94723.986321        0.000155598716363
  94767.953102        0.000155567706028
  94811.919883        0.000155536805330
  94855.886663        0.000155506018902
  94899.853444        0.000155475334124
  94943.820225        0.000155444759401
  94987.787005        0.000155414292610
  95031.753786        0.000155383926602
  95075.720567        0.000155353682379
  95119.687347        0.000155323534412
  95163.654128        0.000155293491094
  95207.620909        0.000155263565750
  95251.587689        0.000155233736736
  95295.554470        0.000155204006611
  95339.521251        0.000155174394043
  95383.488031        0.000155144883322
  95427.454812        0.000155115483817
  95471.421593        0.000155086178856
  95515.388373        0.000155056977821
  95559.355154        0.000155027879518
  95603.321935        0.000154998886130
  95647.288715        0.000154970010930
  95691.255496        0.000154941224357
  95735.222277        0.000154912530064
  95779.189057        0.000154883966853
  95823.155838        0.000154855485001
  95867.122618        0.000154827093590
  95911.089399        0.000154798825820
  95955.056180        0.000154770671780
  95999.022960        0.000154742584065
  96042.989741        0.000154714610961
  96086.956522        0.000154686738741
  96130.923302        0.000154658972181
  96174.890083        0.000154631306585
  96218.856864        0.000154603734441
  96262.823644        0.000154576254655
  96306.790425        0.000154548872202
  96350.757206        0.000154521615660
  96394.723986        0.000154494443732
  96438.690767        0.000154467338442
  96482.657548        0.000154440373095
  96526.624328        0.000154413510962
  96570.591109        0.000154386699608
  96614.557890        0.000154359998576
  96658.524670        0.000154333453003
  96702.491451        0.000154306923991
  96746.458232        0.000154280530915
  96790.425012        0.000154254236263
  96834.391793        0.000154227997663
  96878.358574        0.000154201921410
  96922.325354        0.000154175929235
  96966.292135        0.000154149973129
  97010.258915        0.000154124132727
  97054.225696        0.000154098384705
  97098.192477        0.000154072797258
  97142.159257        0.000154047267987
  97186.126038        0.000154021789448
  97230.092819        0.000153996420140
  97274.059599        0.000153971146367
  97318.026380        0.000153945979802
  97361.993161        0.000153920966954
  97405.959941        0.000153895896465
  97449.926722        0.000153871026349
  97493.893503        0.000153846315637
  97537.860283        0.000153821493278
  97581.827064        0.000153796807676
  97625.793845        0.000153772469394
  97669.760625        0.000153747995643
  97713.727406        0.000153723564361
  97757.694187        0.000153699291178
  97801.660967        0.000153675148881
  97845.627748        0.000153651117448
  97889.594529        0.000153627184010
  97933.561309        0.000153603297382
  97977.528090        0.000153579292926
  98021.494871        0.000153555638577
  98065.461651        0.000153532239797
  98109.428432        0.000153508453131
  98153.395213        0.000153484930207
  98197.361993        0.000153461896848
  98241.328774        0.000153438550582
  98285.295554        0.000153414970194
  98329.262335        0.000153392181895
  98373.229116        0.000153369324128
  98417.195896        0.000153346147236
  98461.162677        0.000153323371848
  98505.129458        0.000153300437655
  98549.096238        0.000153277897360
  98593.063019        0.000153255478571
  98637.029800        0.000153233023909
  98680.996580        0.000153210372361
  98724.963361        0.000153187868900
  98768.930142        0.000153166070506
  98812.896922        0.000153143866121
  98856.863703        0.000153121282215
  98900.830484        0.000153099777236
  98944.797264        0.000153078212579
  98988.764045        0.000153055469268
  99032.730826        0.000153034189438
  99076.697606        0.000153012876927
  99120.664387        0.000152990669467
  99164.631168        0.000152970005026
  99208.597948        0.000152947986607
  99252.564729        0.000152926109039
  99296.531510        0.000152905774033
  99340.498290        0.000152884660444
  99384.465071        0.000152863763889
  99428.431851        0.000152842064811
  99472.398632        0.000152820585691
  99516.365413        0.000152800746723
  99560.332193        0.000152780187519
  99604.298974        0.000152759504535
  99648.265755        0.000152738621184
  99692.232535        0.000152717275720
  99736.199316        0.000152697982718
  99780.166097        0.000152678025395
  99824.132877        0.000152655510391
  99868.099658        0.000152637294433
  99912.066439        0.000152618501862
  99956.033219        0.000152595420550
 100000.000000        0.000152575416418
