  10000.000000        2.733047234204739
  10043.966781        2.753872368721481
  10087.933561        2.774819174636747
  10131.900342        2.795888568956854
  10175.867123        2.817081379727307
  10219.833903        2.838398582835830
  10263.800684        2.859841067764291
  10307.767465        2.881409753998038
  10351.734245        2.903105648262073
  10395.701026        2.924929621421996
  10439.667807        2.946882663877350
  10483.634587        2.968965739974285
  10527.601368        2.991179764994860
  10571.568149        3.013525805077373
  10615.534929        3.036004807635608
  10659.501710        3.058617777668478
  10703.468490        3.081365770108488
  10747.435271        3.104249717170549
  10791.402052        3.127270705973710
  10835.368832        3.150429767565920
  10879.335613        3.173727918203785
  10923.302394        3.197166300829517
  10967.269174        3.220745912500244
  11011.235955        3.244467846924457
  11055.202736        3.268333220906649
  11099.169516        3.292343060283680
  11143.136297        3.316498561883912
  11187.103078        3.340800821586853
  11231.069858        3.365250949269927
  11275.036639        3.389850152775725
  11319.003420        3.414599496055073
  11362.970200        3.439500187702961
  11406.936981        3.464553425965962
  11450.903762        3.489760343961969
  11494.870542        3.515122233767336
  11538.837323        3.540640246948949
  11582.804104        3.566315595657223
  11626.770884        3.592149569107583
  11670.737665        3.618143331991988
  11714.704446        3.644298222937252
  11758.671226        3.670615515956485
  11802.638007        3.697096446187605
  11846.604787        3.723742391530632
  11890.571568        3.750554578541964
  11934.538349        3.777534353394621
  11978.505129        3.804683105875343
  12022.471910        3.832002115257830
  12066.438691        3.859492836560516
  12110.405471        3.887156609672414
  12154.372252        3.914994785405103
  12198.339033        3.943008847446707
  12242.305813        3.971200133090480
  12286.272594        3.999570139869840
  12330.239375        4.028120349831159
  12374.206155        4.056852152672064
  12418.172936        4.085767113806932
  12462.139717        4.114866660597380
  12506.106497        4.144152297455022
  12550.073278        4.173625633474661
  12594.040059        4.203288129508555
  12638.006839        4.233141422710972
  12681.973620        4.263187076705900
  12725.940401        4.293426611242285
  12769.907181        4.323861727006793
  12813.873962        4.354493976027803
  12857.840743        4.385325036171083
  12901.807523        4.416356631077406
  12945.774304        4.447590342306662
  12989.741085        4.479027946090247
  13033.707865        4.510671112306718
  13077.674646        4.542521534678639
  13121.641426        4.574581069774144
  13165.608207        4.606851405224067
  13209.574988        4.639334383777613
  13253.541768        4.672031833927049
  13297.508549        4.704945483178605
  13341.475330        4.738077277460973
  13385.442110        4.771429030406481
  13429.408891        4.805002633222877
  13473.375672        4.838800086679754
  13517.342452        4.872823212504145
  13561.309233        4.907074024346112
  13605.276014        4.941554483138034
  13649.242794        4.976266512831559
  13693.209575        5.011212251946274
  13737.176356        5.046393667445466
  13781.143136        5.081812842447960
  13825.109917        5.117471913753520
  13869.076698        5.153372868986700
  13913.043478        5.189517931478881
  13957.010259        5.225909233014655
  14000.977040        5.262548920196914
  14044.943820        5.299439312581039
  14088.910601        5.336582530272491
  14132.877382        5.373980863161568
  14176.844162        5.411636616298972
  14220.810943        5.449551999222536
  14264.777723        5.487729470834782
  14308.744504        5.526171341974718
  14352.711285        5.564879981765540
  14396.678065        5.603857886657977
  14440.644846        5.643107367608876
  14484.611627        5.682630969263080
  14528.578407        5.722431204484401
  14572.545188        5.762510534675837
  14616.511969        5.802871645332861
  14660.478749        5.843517027558990
  14704.445530        5.884449297375801
  14748.412311        5.925671166183368
  14792.379091        5.967185198428700
  14836.345872        6.008994225122706
  14880.312653        6.051100973370239
  14924.279433        6.093508161383445
  14968.246214        6.136218703314478
  15012.212995        6.179235315559924
  15056.179775        6.222560920266872
  15100.146556        6.266198485845167
  15144.113337        6.310150863121352
  15188.080117        6.354421164093937
  15232.046898        6.399012334781155
  15276.013679        6.443927387435238
  15319.980459        6.489169510926212
  15363.947240        6.534741715145532
  15407.914021        6.580647266461900
  15451.880801        6.626889396921442
  15495.847582        6.673471256055740
  15539.814362        6.720396248551005
  15583.781143        6.767667592288225
  15627.747924        6.815288664252680
  15671.714704        6.863262974324243
  15715.681485        6.911593862648930
  15759.648266        6.960284942182194
  15803.615046        7.009339718284365
  15847.581827        7.058761689470542
  15891.548608        7.108554610172714
  15935.515388        7.158722044581794
  15979.482169        7.209267782097427
  16023.448950        7.260195662523232
  16067.415730        7.311509377184890
  16111.382511        7.363212909843257
  16155.349292        7.415310100571988
  16199.316072        7.467804882468389
  16243.282853        7.520701412713217
  16287.249634        7.574003644119394
  16331.216414        7.627715791626876
  16375.183195        7.681842041650499
  16419.149976        7.736386502088045
  16463.116756        7.791353598911737
  16507.083537        7.846747590694671
  16551.050318        7.902572903828808
  16595.017098        7.958834112689677
  16638.983879        8.015535589279835
  16682.950660        8.072682015434211
  16726.917440        8.130277998523761
  16770.884221        8.188328165358094
  16814.851001        8.246837448069249
  16858.817782        8.305810571722741
  16902.784563        8.365252483344197
  16946.751343        8.425168203386880
  16990.718124        8.485562606865036
  17034.684905        8.546440932744396
  17078.651685        8.607808302969408
  17122.618466        8.669669936593762
  17166.585247        8.732031297361528
  17210.552027        8.794897621083821
  17254.518808        8.858274438929758
  17298.485589        8.922167307841459
  17342.452369        8.986581727670192
  17386.419150        9.051523574145982
  17430.385931        9.116998541962507
  17474.352711        9.183012489674995
  17518.319492        9.249571458249271
  17562.286273        9.316681299516000
  17606.253053        9.384348244713653
  17650.219834        9.452578495508014
  17694.186615        9.521378269110009
  17738.153395        9.590754119646428
  17782.120176        9.660712376815539
  17826.086957        9.731259630371632
  17870.053737        9.802402611950800
  17914.020518        9.874147935871029
  17957.987298        9.946502635391735
  18001.954079       10.019473630638988
  18045.920860       10.093067927924437
  18089.887640       10.167292831866785
  18133.854421       10.242155440075184
  18177.821202       10.317663222279384
  18221.787982       10.393823730505156
  18265.754763       10.470644457927706
  18309.721544       10.548133307426328
  18353.688324       10.626298004644537
  18397.655105       10.705146474813080
  18441.621886       10.784686918187967
  18485.588666       10.864927376829643
  18529.555447       10.945876333853786
  18573.522228       11.027542259019915
  18617.489008       11.109933631010628
  18661.455789       11.193059330939274
  18705.422570       11.276928059349473
  18749.389350       11.361548851603358
  18793.356131       11.446930964707001
  18837.322912       11.533083535882035
  18881.289692       11.620016167447792
  18925.256473       11.707738369493155
  18969.223254       11.796259784607830
  19013.190034       11.885590462488722
  19057.156815       11.975740296080573
  19101.123596       12.066719608979628
  19145.090376       12.158538849034374
  19189.057157       12.251208401970461
  19233.023937       12.344739150366458
  19276.990718       12.439141864072957
  19320.957499       12.534427597493810
  19364.924279       12.630607777347828
  19408.891060       12.727693686641839
  19452.857841       12.825697098592586
  19496.824621       12.924629827939279
  19540.791402       13.024503751837651
  19584.758183       13.125331287018025
  19628.724963       13.227124737786569
  19672.691744       13.329896812263911
  19716.658525       13.433660504706687
  19760.625305       13.538428706799259
  19804.592086       13.644214877318962
  19848.558867       13.751032487342931
  19892.525647       13.858895232024597
  19936.492428       13.967817341786128
  19980.459209       14.077812920864442
  20024.425989       14.188896572873025
  20068.392770       14.301083113909826
  20112.359551       14.414387377956098
  20156.326331       14.528824855052203
  20200.293112       14.644411029694552
  20244.259893       14.761161747598436
  20288.226673       14.879093330502606
  20332.193454       14.998221996977364
  20376.160234       15.118564589869507
  20420.127015       15.240138138819720
  20464.093796       15.362959855920066
  20508.060576       15.487047648101916
  20552.027357       15.612419382761628
  20595.994138       15.739093416085044
  20639.960918       15.867088533526184
  20683.927699       15.996423529353923
  20727.894480       16.127117965465672
  20771.861260       16.259191566460483
  20815.828041       16.392664389693163
  20859.794822       16.527557170740174
  20903.761602       16.663890614323599
  20947.728383       16.801686089591563
  20991.695164       16.940965390897425
  21035.661944       17.081750484962004
  21079.628725       17.224064200577718
  21123.595506       17.367929484984117
  21167.562286       17.513369777451484
  21211.529067       17.660409195829953
  21255.495848       17.809071933082247
  21299.462628       17.959383051769425
  21343.429409       18.111368028492084
  21387.396190       18.265052672341554
  21431.362970       18.420463700225771
  21475.329751       18.577627952499618
  21519.296532       18.736572991434116
  21563.263312       18.897327099415417
  21607.230093       19.059918798722670
  21651.196873       19.224377644521876
  21695.163654       19.390733572406969
  21739.130435       19.559017043548149
  21783.097215       19.729259499938379
  21827.063996       19.901492619037914
  21871.030777       20.075749075904142
  21914.997557       20.252062294544977
  21958.964338       20.430466113833091
  22002.931119       20.610995536592476
  22046.897899       20.793685971344985
  22090.864680       20.978573643221278
  22134.831461       21.165695878084446
  22178.798241       21.355090415755381
  22222.765022       21.546796245740396
  22266.731803       21.740853116706401
  22310.698583       21.937301429749962
  22354.665364       22.136182928744223
  22398.632145       22.337539907479371
  22442.598925       22.541415839444536
  22486.565706       22.747855409781881
  22530.532487       22.956903927036933
  22574.499267       23.168608197583204
  22618.466048       23.383015872563160
  22662.432829       23.600175628629280
  22706.399609       23.820137729653002
  22750.366390       24.042953216107676
  22794.333170       24.268674679657877
  22838.299951       24.497356031764351
  22882.266732       24.729052118812277
  22926.233512       24.963819620587618
  22970.200293       25.201716289616925
  23014.167074       25.442801391696179
  23058.133854       25.687136035445743
  23102.100635       25.934782398150357
  23146.067416       26.185804626487275
  23190.034196       26.440268405670526
  23234.000977       26.698240860127754
  23277.967758       26.959791390447915
  23321.934538       27.224990815727416
  23365.901319       27.493912021426762
  23409.868100       27.766630033453755
  23453.834880       28.043221403631168
  23497.801661       28.323765230845460
  23541.768442       28.608342565497100
  23585.735222       28.897036588021649
  23629.702003       29.189933269391116
  23673.668784       29.487120474793905
  23717.635564       29.788688830009246
  23761.602345       30.094731586135524
  23805.569126       30.405344268237926
  23849.535906       30.720625726499623
  23893.502687       31.040677373812294
  23937.469468       31.365603620885679
  23981.436248       31.695512328943547
  24025.403029       32.030514017542217
  24069.369809       32.370722959693261
  24113.336590       32.716256852284523
  24157.303371       33.067236745097070
  24201.270151       33.423788005495915
  24245.236932       33.786039452515844
  24289.203713       34.154124100501086
  24333.170493       34.528179437781581
  24377.137274       34.908346863703613
  24421.104055       35.294772935051533
  24465.070835       35.687608827870420
  24509.037616       36.087010569310337
  24553.004397       36.493139891348129
  24596.971177       36.906163425137407
  24640.937958       37.326253798865139
  24684.904739       37.753589747612835
  24728.871519       38.188355831700989
  24772.838300       38.630743740666645
  24816.805081       39.080951625654279
  24860.771861       39.539184746434799
  24904.738642       40.005656259543983
  24948.705423       40.480586632806009
  24992.672203       40.964205066106423
  25036.638984       41.456749427647388
  25080.605765       41.958466349286262
  25124.572545       42.469612608188690
  25168.539326       42.990454541496341
  25212.506106       43.521269236503706
  25256.472887       44.062345288634035
  25300.439668       44.613982566638860
  25344.406448       45.176493946619090
  25388.373229       45.750205223427990
  25432.340010       46.335455821014200
  25476.306790       46.932600388285223
  25520.273571       47.542008560436869
  25564.240352       48.164066802318118
  25608.207132       48.799179243022948
  25652.173913       49.447768066988417
  25696.140694       50.110275761846239
  25740.107474       50.787165394757238
  25784.074255       51.478922309238826
  25828.041036       52.186056180167071
  25872.007816       52.909101522120281
  25915.974597       53.648620495493212
  25959.941378       54.405204282015156
  26003.908158       55.179474753645252
  26047.874939       55.972087790220229
  26091.841720       56.783734650007361
  26135.808500       57.615145328660027
  26179.775281       58.467091768806441
  26223.742062       59.340390106156029
  26267.708842       60.235905452528719
  26311.675623       61.154555084333815
  26355.642404       62.097312818811353
  26399.609184       63.065214803705445
  26443.575965       64.059363721796174
  26487.542745       65.080935699177729
  26531.509526       66.131186894593085
  26575.476307       67.211460221434066
  26619.443087       68.323195044108843
  26663.409868       69.467935638227388
  26707.376649       70.647342177759867
  26751.343429       71.863203396950354
  26795.310210       73.117448991014484
  26839.276991       74.412166222232756
  26883.243771       75.749617135420849
  26927.210552       77.132258281314506
  26971.177333       78.562765072867137
  27015.144113       80.044057153399052
  27059.110894       81.579329718476600
  27103.077675       83.172089350202441
  27147.044455       84.826194266373847
  27191.011236       86.545903902081562
  27234.978017       88.335934730467244
  27278.944797       90.201526704804479
  27322.911578       92.148522949389715
  27366.878359       94.183461810047945
  27410.845139       96.313689303949516
  27454.811920       98.547492820559100
  27498.778701      100.894261577577467
  27542.745481      103.364683601319541
  27586.712262      105.970983256098251
  27630.679043      108.727214350070625
  27674.645823      111.649622819264266
  27718.612604      114.757095804223738
  27762.579384      118.071727670321508
  27806.546165      121.619533313842581
  27850.512946      125.431357223295336
  27894.479726      129.544044572670884
  27938.446507      134.001958973844324
  27982.413288      138.858976384835302
  28026.380068      144.181130606031559
  28070.346849      150.050164713748046
  28114.313630      156.568367199399660
  28158.280410      163.865245040251153
  28202.247191      172.106880753808184
  28246.213972      181.509278480472602
  28290.180752      192.357754028929662
  28334.147533      205.035700573621540
  28378.114314      220.068241418056971
  28422.081094      238.190171791280306
  28466.047875      260.454721589257019
  28510.014656      288.413171643406713
  28553.981436      324.421889768390940
  28597.948217      372.187256603568528
  28641.914998      437.771726612438442
  28685.881778      531.522382045682775
  28729.848559      671.858351745090999
  28773.815340      892.509886595470448
  28817.782120     1253.265038216233734
  28861.748901     1831.916334629717085
  28905.715681     2570.533668847418994
  28949.682462     2962.752350187880438
  28993.649243     2674.982829993811720
  29037.616023     2121.487624990196309
  29081.582804     1636.903147393410791
  29125.549585     1308.178515820654411
  29169.516365     1110.764182071953428
  29213.483146      985.419293309706745
  29257.449927      909.819715398736321
  29301.416707      860.313520027297955
  29345.383488      813.730108774074324
  29389.350269      765.667233340729240
  29433.317049      719.023593589763777
  29477.283830      678.877257788256770
  29521.250611      659.906176132079054
  29565.217391      675.727932344697820
  29609.184172      717.218561043556292
  29653.150953      735.814355825729763
  29697.117733      719.260803511987547
  29741.084514      707.088980627882734
  29785.051295      709.146967825811544
  29829.018075      710.540540165718312
  29872.984856      721.481029775836646
  29916.951637      758.104887259166389
  29960.918417      801.157927222164403
  30004.885198      818.485925719847160
  30048.851979      822.304390885122189
  30092.818759      823.528233871185648
  30136.785540      818.313956550061334
  30180.752320      800.280724438782499
  30224.719101      781.104226745252163
  30268.685882      774.794004849759290
  30312.652662      783.441378267069240
  30356.619443      805.645295123776236
  30400.586224      842.411912422004320
  30444.553004      893.411211968304997
  30488.519785      954.320467053040147
  30532.486566     1026.993915687591425
  30576.453346     1113.805876592636878
  30620.420127     1178.809973801429351
  30664.386908     1204.521434960446641
  30708.353688     1225.784377294514570
  30752.320469     1268.692846948809120
  30796.287250     1340.914640479662239
  30840.254030     1440.846968984160185
  30884.220811     1568.377589182673319
  30928.187592     1731.215032188528085
  30972.154372     1938.383492441694898
  31016.121153     2203.225805511231556
  31060.087934     2552.180967278444768
  31104.054714     3029.980337404394504
  31148.021495     3708.976627612509674
  31191.988276     4695.298332033260522
  31235.955056     6086.507689259066865
  31279.921837     7677.775662315070804
  31323.888617     8746.370034905816283
  31367.855398     9346.581455605220981
  31411.822179    10322.662389406583316
  31455.788959    12335.110996953648282
  31499.755740    16057.321369743942341
  31543.722521    22558.043033187004767
  31587.689301    33563.812689014121133
  31631.656082    49813.515797925276274
  31675.622863    63216.517093150971050
  31719.589643    59423.385156617485336
  31763.556424    44594.754016308310383
  31807.523205    30820.608617454119667
  31851.489985    21490.403259523325687
  31895.456766    15897.250203083047381
  31939.423547    12717.804590775527686
  31983.390327    10947.806097433584000
  32027.357108     9823.520764258280906
  32071.323889     8787.074523325405607
  32115.290669     7678.327907832571327
  32159.257450     6587.289530254560304
  32203.224231     5674.020438812000066
  32247.191011     4986.696952779015191
  32291.157792     4525.960595805779121
  32335.124573     4239.441162213016469
  32379.091353     4086.981166731471149
  32423.058134     4088.281443746323021
  32467.024915     4271.850951385221379
  32510.991695     4648.237257431675971
  32554.958476     5171.946167236867950
  32598.925256     5952.114447719472082
  32642.892037     7296.518192427855865
  32686.858818     9112.031090134110855
  32730.825598    10647.561296661317101
  32774.792379    11740.395000473197797
  32818.759160    12071.560289655615634
  32862.725940    11107.266407319593782
  32906.692721     9499.950844249744478
  32950.659502     7940.998221996708708
  32994.626282     6850.184103451404553
  33038.593063     6269.610370304410026
  33082.559844     6094.457275803896664
  33126.526624     6297.961629355203513
  33170.493405     6966.364689993662978
  33214.460186     8013.323733012901357
  33258.426966     9300.639264716508478
  33302.393747    11046.456954956558548
  33346.360528    12287.952659082919126
  33390.327308    11485.268182047813752
  33434.294089     9812.770124329939790
  33478.260870     8722.220270316358437
  33522.227650     8553.731274329678854
  33566.194431     9060.548404698389277
  33610.161212     9930.667119078851101
  33654.127992    10839.870062235202568
  33698.094773    11446.832471840934886
  33742.061553    12165.634663433553214
  33786.028334    13695.504788338350409
  33829.995115    16649.446113191286713
  33873.961895    21821.326274379240203
  33917.928676    30304.111153765868949
  33961.895457    42924.758090491312032
  34005.862237    58316.684342650019971
  34049.829018    65531.676369414053624
  34093.795799    55851.218122082296759
  34137.762579    40510.455726400614367
  34181.729360    28318.378249418557971
  34225.696141    20559.313237505361030
  34269.662921    16061.895064496431587
  34313.629702    13596.932056007324718
  34357.596483    12267.043703190887754
  34401.563263    11276.532236643284705
  34445.530044    10240.184291912470144
  34489.496825     9043.291042052622288
  34533.463605     7803.539360021579341
  34577.430386     6727.671594356622336
  34621.397167     5914.544952142476177
  34665.363947     5388.512129242611991
  34709.330728     5081.658896857478794
  34753.297509     4948.570981637226396
  34797.264289     5008.361137220822457
  34841.231070     5306.488708131063504
  34885.197851     5828.830393589729283
  34929.164631     6525.543868759174075
  34973.131412     7579.758175018658221
  35017.098192     9137.992009336468982
  35061.064973    10780.889474059034910
  35105.031754    11881.122515645094609
  35148.998534    12537.242754469856663
  35192.965315    12215.750089534210929
  35236.932096    10829.680314138142421
  35280.898876     9099.915940041320937
  35324.865657     7636.481863273876115
  35368.832438     6709.141082577834823
  35412.799218     6284.388216769810242
  35456.765999     6250.006879657011268
  35500.732780     6614.878289838406090
  35544.699560     7438.190129325561429
  35588.666341     8554.124024341408585
  35632.633122     9852.117573734949474
  35676.599902    11367.935979431942542
  35720.566683    11752.510453651811986
  35764.533464    10315.121704943174336
  35808.500244     8661.758962098765551
  35852.467025     7772.874330515704060
  35896.433806     7654.867105952745987
  35940.400586     7865.192194484701758
  35984.367367     8108.236411471917563
  36028.334148     8251.667347571394203
  36072.300928     8325.571165845938594
  36116.267709     8683.999141739152037
  36160.234489     9673.528964585113499
  36204.201270    11604.363149692593652
  36248.168051    14894.335992500406064
  36292.134831    19895.798556980669673
  36336.101612    26401.075913014894468
  36380.068393    32745.006584718124941
  36424.035173    32860.103189315974305
  36468.001954    26162.796122180006932
  36511.968735    18840.942370003278484
  36555.935515    13625.847654418839738
  36599.902296    10469.028634704392971
  36643.869077     8702.337097117200756
  36687.835857     7777.579089991621004
  36731.802638     7250.355681582524085
  36775.769419     6749.200623218722285
  36819.736199     6182.672214346845067
  36863.702980     5492.545800990815223
  36907.669761     4786.838409796568158
  36951.636541     4189.232288792439249
  36995.603322     3766.729231881411579
  37039.570103     3513.793250396613985
  37083.536883     3373.225135692991898
  37127.503664     3324.863809449549080
  37171.470445     3393.628146158235268
  37215.437225     3608.822038771886128
  37259.404006     3937.617978144731296
  37303.370787     4370.231927385237213
  37347.337567     5002.347788653919451
  37391.304348     5788.131887635019666
  37435.271128     6423.847501971384190
  37479.237909     6758.063954175113395
  37523.204690     6853.107213069726640
  37567.171470     6411.781810234017030
  37611.138251     5593.660065521959041
  37655.105032     4730.683751780404236
  37699.071812     4077.467266822866804
  37743.038593     3701.387572077717323
  37787.005374     3565.714518757744827
  37830.972154     3627.948656671054323
  37874.938935     3902.201481406926632
  37918.905716     4396.865435684996555
  37962.872496     4987.217043741517045
  38006.839277     5643.325610704094288
  38050.806058     6258.081127164507961
  38094.772838     6125.052204576963959
  38138.739619     5398.550069206364242
  38182.706400     4825.133004732915651
  38226.673180     4576.819914422477268
  38270.639961     4531.426643374507876
  38314.606742     4506.076638908160930
  38358.573522     4424.230363621755714
  38402.540303     4286.949547086546772
  38446.507084     4189.259401420928953
  38490.473864     4285.793778095090602
  38534.440645     4681.695459391792610
  38578.407426     5466.650457603763243
  38622.374206     6763.656513421447016
  38666.340987     8546.037481473938897
  38710.307767    10566.951691694755937
  38754.274548    11948.349883127430076
  38798.241329    10910.365487567991295
  38842.208109     8408.379233649398884
  38886.174890     6207.466566697284179
  38930.141671     4767.466066531234901
  38974.108451     3937.442070494405016
  39018.075232     3495.778077114031476
  39062.042013     3277.719410607890040
  39106.008793     3129.785217817054217
  39149.975574     2973.300235734116541
  39193.942355     2795.665548664424477
  39237.909135     2554.997618552448330
  39281.875916     2290.797797099033232
  39325.842697     2065.896406503077287
  39369.809477     1910.785758371714564
  39413.776258     1815.501783595812185
  39457.743039     1761.808900402356358
  39501.709819     1751.581437363838177
  39545.676600     1793.201236148519456
  39589.643381     1879.765355584571807
  39633.610161     1993.466459399965288
  39677.576942     2151.813244437679259
  39721.543723     2372.838281437326714
  39765.510503     2596.872485439134380
  39809.477284     2724.332056697186545
  39853.444064     2768.380170960085707
  39897.410845     2716.147198363998086
  39941.377626     2497.112564792154444
  39985.344406     2201.699873375403058
  40029.311187     1928.428353589079052
  40073.277968     1740.506991090830525
  40117.244748     1644.761913285741684
  40161.211529     1628.224605955360175
  40205.178310     1682.955629481643200
  40249.145090     1810.527947013627681
  40293.111871     1997.985326508380695
  40337.078652     2192.300362836289423
  40381.045432     2392.907226172552328
  40425.012213     2510.890450767556558
  40468.978994     2362.595128378651225
  40512.945774     2125.365134335845141
  40556.912555     1999.498930286202949
  40600.879336     2001.646194768591158
  40644.846116     2039.528048250232587
  40688.812897     2027.927479906042436
  40732.779678     1963.146882812225158
  40776.746458     1875.746020668648043
  40820.713239     1820.551535035756842
  40864.680020     1843.349510359326359
  40908.646800     1963.403211608037282
  40952.613581     2195.247624034223008
  40996.580362     2556.969386426499568
  41040.547142     2992.787084802443587
  41084.513923     3417.715013524505139
  41128.480703     3534.402870772276856
  41172.447484     3078.268634876886154
  41216.414265     2460.265309156375679
  41260.381045     1993.449033140685060
  41304.347826     1711.415706129409273
  41348.314607     1558.557542516233298
  41392.281387     1483.287216339935867
  41436.248168     1447.470788517642632
  41480.214949     1413.368491943158460
  41524.181729     1373.543037303075607
  41568.148510     1324.179072124527693
  41612.115291     1264.727015335512306
  41656.082071     1212.242056285019771
  41700.048852     1179.254127305219527
  41744.015633     1167.892847150425041
  41787.982413     1168.538077960117107
  41831.949194     1175.576145876034161
  41875.915975     1192.931310899990422
  41919.882755     1226.456475557152544
  41963.849536     1274.744589894429737
  42007.816317     1331.266640664699935
  42051.783097     1400.642155521894210
  42095.749878     1480.726845644375999
  42139.716659     1551.521080259369910
  42183.683439     1596.795604719041648
  42227.650220     1629.856579348126616
  42271.617000     1637.224972328451258
  42315.583781     1613.972664350465038
  42359.550562     1583.637349329927929
  42403.517342     1568.678701471513932
  42447.484123     1580.160476088247151
  42491.450904     1618.300965597229379
  42535.417684     1680.272462436844762
  42579.384465     1764.658400339125137
  42623.351246     1871.754037728157755
  42667.318026     1995.243285576669905
  42711.284807     2121.465033736833902
  42755.251588     2251.801201215274432
  42799.218368     2352.690145996085448
  42843.185149     2406.638421820922758
  42887.151930     2472.650392680870027
  42931.118710     2583.347123855791324
  42975.085491     2730.422062557354366
  43019.052272     2879.225986487757382
  43063.019052     3013.561077350704636
  43106.985833     3143.376004664504308
  43150.952614     3286.897920412298845
  43194.919394     3464.049354584415596
  43238.886175     3686.705912911031646
  43282.852956     3960.524107966362408
  43326.819736     4291.945465972315105
  43370.786517     4685.751706621551421
  43414.753298     5130.472495954079022
  43458.720078     5618.023166191778728
  43502.686859     6094.640250717793606
  43546.653639     6576.286790165244383
  43590.620420     7176.607473671264415
  43634.587201     7967.000237723481405
  43678.553981     8991.149054308922132
  43722.520762    10304.152345130485628
  43766.487543    11995.804271774828521
  43810.454323    14207.310545166603333
  43854.421104    17163.388238378029200
  43898.387885    21236.765625478532456
  43942.354665    27051.224236158126587
  43986.321446    35705.658936513733352
  44030.288227    49199.816844172702986
  44074.255007    71176.398526238845079
  44118.221788   107388.572218760164105
  44162.188569   160259.878627653815784
  44206.155349   203940.843017972772941
  44250.122130   194221.620666132104816
  44294.088911   153461.497997003112687
  44338.055691   116450.638155987369828
  44382.022472    92237.074524401585222
  44425.989253    80270.603331927020918
  44469.956033    75013.120610457743169
  44513.922814    67692.532118135190103
  44557.889595    56605.429805276296975
  44601.856375    45261.818333652874571
  44645.823156    36331.935920104479010
  44689.789936    30390.619132276569871
  44733.756717    27093.668139333985891
  44777.723498    25913.087228268257604
  44821.690278    26109.551345465959457
  44865.657059    27042.083403219694446
  44909.623840    27874.661217785622284
  44953.590620    27885.734064422587835
  44997.557401    28872.186411416267219
  45041.524182    31296.662495299242437
  45085.490962    32829.154624198890815
  45129.457743    33574.101184627375915
  45173.424524    36470.188401694867935
  45217.391304    41221.055662894119450
  45261.358085    43158.899623197947221
  45305.324866    41406.324962999606214
  45349.291646    39226.269296198377560
  45393.258427    37664.529009925616265
  45437.225208    35811.995034994775779
  45481.191988    33695.189891721085587
  45525.158769    31626.603614384188404
  45569.125550    29324.840977041567385
  45613.092330    27494.828765144793579
  45657.059111    26506.513453375631798
  45701.025892    26401.956201682762185
  45744.992672    27762.026057308379677
  45788.959453    31840.399511511423043
  45832.926234    38752.922658951458288
  45876.893014    43571.054665136762196
  45920.859795    40542.458400958821585
  45964.826575    34095.420538897284132
  46008.793356    28880.243806359088921
  46052.760137    25954.352348878685007
  46096.726917    24919.125710297274054
  46140.693698    24623.207310217989289
  46184.660479    23982.830154313771345
  46228.627259    23303.831100165374664
  46272.594040    23216.031025651074742
  46316.560821    24190.217917086298257
  46360.527601    26950.988619848940289
  46404.494382    32446.819135210898821
  46448.461163    42132.496238091698615
  46492.427943    57860.684233263498754
  46536.394724    78288.262491892237449
  46580.361505    88679.907592318239040
  46624.328285    78575.902322514695697
  46668.295066    62531.446841816265078
  46712.261847    49933.171179025041056
  46756.228627    41953.726361540720973
  46800.195408    37844.284461871742678
  46844.162189    35651.342506269334990
  46888.128969    32733.795262666546478
  46932.095750    28556.898458609801310
  46976.062531    24262.267538925952977
  47020.029311    20995.772418294458475
  47063.996092    18900.153852107669081
  47107.962872    17678.245528934014146
  47151.929653    17172.588525421768281
  47195.896434    17036.980579517548904
  47239.863214    16938.161294067438575
  47283.829995    16604.316264367051190
  47327.796776    16212.684065455454402
  47371.763556    16477.635209115262114
  47415.730337    17224.008448071675957
  47459.697118    17701.773391439368424
  47503.663898    18475.497916861928388
  47547.630679    20000.749557018458290
  47591.597460    21173.517373310594849
  47635.564240    20684.647600922835409
  47679.531021    19348.455130103789998
  47723.497802    18279.041670858707221
  47767.464582    17471.502566321236372
  47811.431363    16404.080932580101944
  47855.398144    15263.530120985726171
  47899.364924    14137.239882010786459
  47943.331705    13086.870365412753017
  47987.298486    12324.161444327426580
  48031.265266    11948.554050741375249
  48075.232047    12000.111612359587525
  48119.198828    12770.639117501312285
  48163.165608    14635.127671417145393
  48207.132389    17201.331831925537699
  48251.099170    17987.092198161411943
  48295.065950    15997.270043949911269
  48339.032731    13490.027799490191683
  48382.999511    11665.891256820357739
  48426.966292    10619.639532424977006
  48470.933073    10105.221407962513695
  48514.899853     9732.927168563415762
  48558.866634     9262.495837539847344
  48602.833415     8799.829896058467057
  48646.800195     8481.764609565640058
  48690.766976     8469.342130417733642
  48734.733757     8951.226140670032692
  48778.700537    10111.347447829488374
  48822.667318    12211.577313264955592
  48866.634099    15471.746186621950983
  48910.600879    18983.661230363650247
  48954.567660    19413.286717662809679
  48998.534441    16632.570048506324383
  49042.501221    13647.921525856654625
  49086.468002    11498.679043382433520
  49130.434783    10132.098757262454455
  49174.401563     9422.448047289250098
  49218.368344     8998.072636278975551
  49262.335125     8398.828739511945969
  49306.301905     7517.568524249995789
  49350.268686     6659.406912592487970
  49394.235467     6038.957298040271780
  49438.202247     5631.371637253291738
  49482.169028     5347.677522017809679
  49526.135809     5184.384727466792356
  49570.102589     5058.340079409605096
  49614.069370     4912.577951411763024
  49658.036150     4722.634188994808028
  49702.002931     4594.776817430861229
  49745.969712     4630.675531881046481
  49789.936492     4742.193360226883669
  49833.903273     4853.524995919726280
  49877.870054     5097.177694114880069
  49921.836834     5364.204477338158540
  49965.803615     5369.713535001620585
  50009.770396     5062.621519756286034
  50053.737176     4718.446112929475021
  50097.703957     4470.801546832859458
  50141.670738     4246.624000601651460
  50185.637518     3962.460946401174169
  50229.604299     3682.456316066724867
  50273.571080     3418.597586306809262
  50317.537860     3194.119922429594681
  50361.504641     3040.163953356112870
  50405.471422     2972.531132339317992
  50449.438202     3006.132566823535399
  50493.404983     3198.766161763846412
  50537.371764     3593.501875339951766
  50581.338544     4002.097998465393630
  50625.305325     3922.536211011627984
  50669.272106     3441.777372395730254
  50713.238886     2977.329298923989882
  50757.205667     2658.674254694823958
  50801.172447     2465.545109306685390
  50845.139228     2348.756483779886821
  50889.106009     2248.837640108379674
  50933.072789     2139.496434870979556
  50977.039570     2031.245478054357591
  51021.006351     1948.186436616097808
  51064.973131     1922.800181858784072
  51108.939912     1978.863890545791492
  51152.906693     2137.057393680735458
  51196.873473     2425.459276348301501
  51240.840254     2844.188796420384278
  51284.807035     3171.578930159683750
  51328.773815     3020.006159122962799
  51372.740596     2603.090997297595095
  51416.707377     2241.728214517218930
  51460.674157     1989.997253382160352
  51504.640938     1828.242220022964602
  51548.607719     1745.638514218239607
  51592.574499     1686.823399876854864
  51636.541280     1590.502885626012812
  51680.508061     1456.027496386516987
  51724.474841     1336.640241350494762
  51768.441622     1252.161060253824644
  51812.408403     1188.970548398202936
  51856.375183     1137.363261107859898
  51900.341964     1099.782620482047832
  51944.308745     1064.079983016800725
  51988.275525     1024.601495821965500
  52032.242306      984.422604305114078
  52076.209086      961.896387068682884
  52120.175867      962.943400358535996
  52164.142648      972.092248554757816
  52208.109428      991.089890182674367
  52252.076209     1026.202963389826891
  52296.042990     1039.792923497283937
  52340.009770     1005.032155645064790
  52383.976551      942.534961960205123
  52427.943332      888.600063529130807
  52471.910112      848.327001542263133
  52515.876893      806.150937519103991
  52559.843674      758.676857683573644
  52603.810454      714.471087868506856
  52647.777235      674.471271633838910
  52691.744016      641.650511043618280
  52735.710796      619.827961617603250
  52779.677577      610.398420630755140
  52823.644358      616.281736771925921
  52867.611138      643.887958013672915
  52911.577919      693.437631107559355
  52955.544700      724.325829040732742
  52999.511480      685.497842829408910
  53043.478261      616.503261086719249
  53087.445042      559.102956404976112
  53131.411822      519.824770792417780
  53175.378603      493.789891647537104
  53219.345383      475.476232571365244
  53263.312164      459.023564364037099
  53307.278945      441.625673360960036
  53351.245725      424.198915565135167
  53395.212506      410.563007312340801
  53439.179287      404.589727934962639
  53483.146067      407.707379563787185
  53527.112848      421.688412596425337
  53571.079629      448.390053939654933
  53615.046409      483.583973373631238
  53659.013190      496.020218252439236
  53702.979971      463.521867557110170
  53746.946751      419.950512907511495
  53790.913532      386.197078266401320
  53834.880313      362.144707910150203
  53878.847093      346.565516145221750
  53922.813874      338.020232716016608
  53966.780655      329.747887905980406
  54010.747435      315.957300989948862
  54054.714216      299.425170747362813
  54098.680997      285.721605342694829
  54142.647777      275.456685343787683
  54186.614558      266.363500147099330
  54230.581339      258.408672209865472
  54274.548119      251.733328713779883
  54318.514900      245.129688488266368
  54362.481681      238.268865124747805
  54406.448461      232.209431942912488
  54450.415242      228.636661781096933
  54494.382022      227.368684987547454
  54538.348803      226.959391897175493
  54582.315584      228.392697883012318
  54626.282364      230.027160528275630
  54670.249145      227.220376484658942
  54714.215926      219.666928352391920
  54758.182706      211.153211797420227
  54802.149487      204.276577427314891
  54846.116268      198.497068965581036
  54890.083048      192.234601976059736
  54934.049829      185.948625013725547
  54978.016610      180.194190853172870
  55021.983390      175.019140304163784
  55065.950171      170.716605302845494
  55109.916952      167.664213476044580
  55153.883732      165.920959303531504
  55197.850513      165.830527953003440
  55241.817294      167.855560682892190
  55285.784074      171.228866623837661
  55329.750855      170.744138244212621
  55373.717636      164.182849904133150
  55417.684416      156.600628185998517
  55461.651197      150.622604342486284
  55505.617978      146.205011382796641
  55549.584758      142.868907641901671
  55593.551539      140.172900190135323
  55637.518319      137.636716283605494
  55681.485100      134.959983249734734
  55725.451881      132.324098169142047
  55769.418661      130.161741724787561
  55813.385442      128.743872992543288
  55857.352223      128.084796706855457
  55901.319003      128.327702586354718
  55945.285784      129.514098019145848
  55989.252565      130.820459558886000
  56033.219345      129.430684320283973
  56077.186126      125.330054752564806
  56121.152907      121.282632206604191
  56165.119687      118.134464861299506
  56209.086468      115.663728785136101
  56253.053249      113.888276517068903
  56297.020029      112.554028720516769
  56340.986810      111.020196531713850
  56384.953591      108.972642266834328
  56428.920371      106.877137200916451
  56472.887152      105.095127726518214
  56516.853933      103.547110122119406
  56560.820713      102.040399420180549
  56604.787494      100.662204291953174
  56648.754275       99.384674938427608
  56692.721055       98.118120827416107
  56736.687836       96.869159566641045
  56780.654617       95.768446098735112
  56824.621397       94.907650888945710
  56868.588178       94.217687988408628
  56912.554958       93.633052200847018
  56956.521739       93.217599702039422
  57000.488520       92.636389121548106
  57044.455300       91.600671554261126
  57088.422081       90.288596273262229
  57132.388862       89.034915257328024
  57176.355642       87.937784377677389
  57220.322423       86.897359616573695
  57264.289204       85.830481049334111
  57308.255984       84.806008296840133
  57352.222765       83.837119479971832
  57396.189546       82.927380870497899
  57440.156326       82.105920852139946
  57484.123107       81.396554572987938
  57528.089888       80.800578987423975
  57572.056668       80.344701929781053
  57616.023449       80.049219407600404
  57659.990230       79.765944650440858
  57703.957010       79.068240110481412
  57747.923791       78.031224124944586
  57791.890572       77.028070107639508
  57835.857352       76.164551383026335
  57879.824133       75.408450944968905
  57923.790914       74.731024937868355
  57967.757694       74.102073467793602
  58011.724475       73.482669686957365
  58055.691255       72.852091495467064
  58099.658036       72.236992391151361
  58143.624817       71.670844100286374
  58187.591597       71.162230169805014
  58231.558378       70.708500645397436
  58275.525159       70.319672152602934
  58319.491939       69.987671638794865
  58363.458720       69.617147692479790
  58407.425501       69.046109091620565
  58451.392281       68.375564317247353
  58495.359062       67.751123983243090
  58539.325843       67.187249068774562
  58583.292623       66.669310179248654
  58627.259404       66.201570688313410
  58671.226185       65.752688942772906
  58715.192965       65.278002295623835
  58759.159746       64.775955087869619
  58803.126527       64.286891713044128
  58847.093307       63.824641759617229
  58891.060088       63.375778771318892
  58935.026869       62.932758982365733
  58978.993649       62.504350583644474
  59022.960430       62.085338314950896
  59066.927211       61.670685593031209
  59110.893991       61.264164175336489
  59154.860772       60.875174688760474
  59198.827553       60.506119296505446
  59242.794333       60.149985534898448
  59286.761114       59.807184154400389
  59330.727894       59.474060315703710
  59374.694675       59.119503854868569
  59418.661456       58.737596579555941
  59462.628236       58.349800618756788
  59506.595017       57.974549934736359
  59550.561798       57.611798754288074
  59594.528578       57.253340827468982
  59638.495359       56.898077777351148
  59682.462140       56.549914443220082
  59726.428920       56.208210561006794
  59770.395701       55.873519585233154
  59814.362482       55.548260491904465
  59858.329262       55.233075959685799
  59902.296043       54.928110351682975
  59946.262824       54.634834280122533
  59990.229604       54.352915572450762
  60034.196385       54.065882173577066
  60078.163166       53.751845858981035
  60122.129946       53.428153624030458
  60166.096727       53.113318576966783
  60210.063508       52.809325613598894
  60254.030288       52.513614170002171
  60297.997069       52.224877412000062
  60341.963850       51.941040684501274
  60385.930630       51.659191885473135
  60429.897411       51.378829444785005
  60473.864191       51.102330493831893
  60517.830972       50.831429348652719
  60561.797753       50.565823059870681
  60605.764533       50.305498089914892
  60649.731314       50.050895779233208
  60693.698095       49.800550421433677
  60737.664875       49.546858535000794
  60781.631656       49.284721205766481
  60825.598437       49.022977924688455
  60869.565217       48.766865865024315
  60913.531998       48.515662421818462
  60957.498779       48.269083516206969
  61001.465559       48.026944825541129
  61045.432340       47.786621693912949
  61089.399121       47.545963297870479
  61133.365901       47.306216246658018
  61177.332682       47.069587309708808
  61221.299463       46.836172808813828
  61265.266243       46.604910783337985
  61309.233024       46.375900651961729
  61353.199805       46.149513410591837
  61397.166585       45.925279494867773
  61441.133366       45.703008986127571
  61485.100147       45.483102903566497
  61529.066927       45.265977681702232
  61573.033708       45.051543366537288
  61617.000489       44.839380436022175
  61660.967269       44.629675549131370
  61704.934050       44.421454859222941
  61748.900830       44.212988580876171
  61792.867611       44.004806547344259
  61836.834392       43.798326355284367
  61880.801172       43.594170892790196
  61924.767953       43.392059357951702
  61968.734734       43.191566934754604
  62012.701514       42.992830672492119
  62056.668295       42.795919620187192
  62100.635076       42.600755203429514
  62144.601856       42.407397318487831
  62188.568637       42.215971809018676
  62232.535418       42.026442059983424
  62276.502198       41.838819116817575
  62320.468979       41.653150343429139
  62364.435760       41.469240052795399
  62408.402540       41.285841899077475
  62452.369321       41.102395985751187
  62496.336102       40.920160500901552
  62540.302882       40.739771450305085
  62584.269663       40.561148890764514
  62628.236444       40.384170125408794
  62672.203224       40.208761798079678
  62716.170005       40.034769549640231
  62760.136786       39.862015783488701
  62804.103566       39.690535057028747
  62848.070347       39.520461015280461
  62892.037128       39.351834648063686
  62936.003908       39.184597698740141
  62979.970689       39.018760755063980
  63023.937469       38.854314347096562
  63067.904250       38.691100900114250
  63111.871031       38.528685920781719
  63155.837811       38.367077683127583
  63199.804592       38.206711254108839
  63243.771373       38.047693654490836
  63287.738153       37.889948351646588
  63331.704934       37.733482282914444
  63375.671715       37.578225714204507
  63419.638495       37.424015395900554
  63463.605276       37.270785188063954
  63507.572057       37.118642407524000
  63551.538837       36.967658596258474
  63595.505618       36.817795700872480
  63639.472399       36.668996141411299
  63683.439179       36.521280650381378
  63727.405960       36.374641449686294
  63771.372741       36.229043575374128
  63815.339521       36.084477720008373
  63859.306302       35.940960811853486
  63903.273083       35.798495863312205
  63947.239863       35.657059414083172
  63991.206644       35.516630522611280
  64035.173425       35.377204348288842
  64079.140205       35.238685508849258
  64123.106986       35.101013287582717
  64167.073766       34.964239320125849
  64211.040547       34.828420087754118
  64255.007328       34.693556725308497
  64298.974108       34.559619804290712
  64342.940889       34.426590673699842
  64386.907670       34.294471755491827
  64430.874450       34.163251388905458
  64474.841231       34.032919993448985
  64518.808012       33.903474789963681
  64562.774792       33.774912932275072
  64606.741573       33.647223769646750
  64650.708354       33.520400813188772
  64694.675134       33.394438551711211
  64738.641915       33.269306953286893
  64782.608696       33.144934331075717
  64826.575476       33.021325345255647
  64870.542257       32.898530411002248
  64914.509038       32.776557951194782
  64958.475818       32.655393301457359
  65002.442599       32.535025851734083
  65046.409380       32.415445558071823
  65090.376160       32.296635806207149
  65134.342941       32.178583813235157
  65178.309722       32.061289002783703
  65222.276502       31.944750194055178
  65266.243283       31.828961319491498
  65310.210064       31.713913067615930
  65354.176844       31.599600360985644
  65398.143625       31.486015953992499
  65442.110405       31.373142198584844
  65486.077186       31.260957474781307
  65530.043967       31.149467070526583
  65574.010747       31.038679479724212
  65617.977528       30.928589594150573
  65661.944309       30.819188505158888
  65705.911089       30.710471298327725
  65749.877870       30.602427398494097
  65793.844651       30.495043791135299
  65837.811431       30.388316025780021
  65881.778212       30.282244427608806
  65925.744993       30.176824491527565
  65969.711773       30.072049084561844
  66013.678554       29.967911129845309
  66057.645335       29.864407176374659
  66101.612115       29.761531481723129
  66145.578896       29.659276830495109
  66189.545677       29.557639109587637
  66233.512457       29.456613879626296
  66277.479238       29.356195816263824
  66321.446019       29.256379747436593
  66365.412799       29.157159921926340
  66409.379580       29.058530746805740
  66453.346361       28.960482668390711
  66497.313141       28.863009958697781
  66541.279922       28.766111974944984
  66585.246702       28.669785594752838
  66629.213483       28.574025694928686
  66673.180264       28.478827258666552
  66717.147044       28.384184860003494
  66761.113825       28.290094672457396
  66805.080606       28.196551796872736
  66849.047386       28.103551344834862
  66893.014167       28.011090058171927
  66936.980948       27.919162995082552
  66980.947728       27.827765754198058
  67024.914509       27.736894427534860
  67068.881290       27.646543881966323
  67112.848070       27.556708950859580
  67156.814851       27.467383116313385
  67200.781632       27.378563802206493
  67244.748412       27.290249521524604
  67288.715193       27.202435545689223
  67332.681974       27.115117794566622
  67376.648754       27.028292451090099
  67420.615535       26.941954785398277
  67464.582316       26.856101289831575
  67508.549096       26.770727651014106
  67552.515877       26.685830238428728
  67596.482658       26.601405951576947
  67640.449438       26.517450165349974
  67684.416219       26.433959683685014
  67728.383000       26.350931027362520
  67772.349780       26.268359991728623
  67816.316561       26.186243155913878
  67860.283341       26.104576009180448
  67904.250122       26.023355730585688
  67948.216903       25.942579642379648
  67992.183683       25.862243564033403
  68036.150464       25.782344786695756
  68080.117245       25.702879759254103
  68124.084025       25.623844451027502
  68168.050806       25.545235967775103
  68212.017587       25.467050495695084
  68255.984367       25.389285354512499
  68299.951148       25.311937668030048
  68343.917929       25.235003580320075
  68387.884709       25.158480646924591
  68431.851490       25.082365344364437
  68475.818271       25.006654321887094
  68519.785051       24.931345092823872
  68563.751832       24.856434051621559
  68607.718613       24.781918784567910
  68651.685393       24.707796377202484
  68695.652174       24.634063282736705
  68739.618955       24.560717231218952
  68783.585735       24.487754679924155
  68827.552516       24.415172725689800
  68871.519297       24.342969161992258
  68915.486077       24.271140681238599
  68959.452858       24.199685107767309
  69003.419638       24.128599419668468
  69047.386419       24.057880457005965
  69091.353200       23.987526242144174
  69135.319980       23.917533566095944
  69179.286761       23.847900110620337
  69223.253542       23.778623547892398
  69267.220322       23.709700591816642
  69311.187103       23.641129250416405
  69355.153884       23.572906616095327
  69399.120664       23.505030063904627
  69443.087445       23.437497769357108
  69487.054226       23.370306537415733
  69531.021006       23.303454260457428
  69574.987787       23.236938592066327
  69618.954568       23.170756588174090
  69662.921348       23.104906579029453
  69706.888129       23.039385794095995
  69750.854910       22.974191997369946
  69794.821690       22.909323316211683
  69838.788471       22.844776679915856
  69882.755252       22.780550289296400
  69926.722032       22.716641770438681
  69970.688813       22.653048581320309
  70014.655594       22.589769266159475
  70058.622374       22.526801071759994
  70102.589155       22.464141994684987
  70146.555936       22.401790073614546
  70190.522716       22.339742466855739
  70234.489497       22.277997735601069
  70278.456277       22.216553599213434
  70322.423058       22.155407858374801
  70366.389839       22.094559035270688
  70410.356619       22.034004348533148
  70454.323400       21.973742078622234
  70498.290181       21.913770306642405
  70542.256961       21.854086581599343
  70586.223742       21.794689709949278
  70630.190523       21.735577323880911
  70674.157303       21.676747423679508
  70718.124084       21.618198472633782
  70762.090865       21.559927853476132
  70806.057645       21.501934244506362
  70850.024426       21.444215780851813
  70893.991207       21.386770283267399
  70937.957987       21.329596563300175
  70981.924768       21.272692154026480
  71025.891549       21.216055354365384
  71069.858329       21.159684692876176
  71113.825110       21.103577837132377
  71157.791891       21.047733724715147
  71201.758671       20.992150367488662
  71245.725452       20.936825760879866
  71289.692233       20.881758705230592
  71333.659013       20.826946826334009
  71377.625794       20.772388831509026
  71421.592574       20.718083280351113
  71465.559355       20.664028033232778
  71509.526136       20.610222084642430
  71553.492916       20.556663302987314
  71597.459697       20.503349969236467
  71641.426478       20.450280976337144
  71685.393258       20.397454156565033
  71729.360039       20.344868503026422
  71773.326820       20.292522421856845
  71817.293600       20.240413890127385
  71861.260381       20.188541941446161
  71905.227162       20.136904485269753
  71949.193942       20.085500212944083
  71993.160723       20.034328052162554
  72037.127504       19.983385940628906
  72081.094284       19.932672960743911
  72125.061065       19.882187343280449
  72169.027846       19.831927329296462
  72212.994626       19.781892100245415
  72256.961407       19.732079693210078
  72300.928188       19.682489085219810
  72344.894968       19.633119042162608
  72388.861749       19.583967561149411
  72432.828530       19.535033824399683
  72476.795310       19.486316060118249
  72520.762091       19.437812898067669
  72564.728872       19.389523575107724
  72608.695652       19.341446152697298
  72652.662433       19.293579725687650
  72696.629213       19.245922881035195
  72740.595994       19.198473839242489
  72784.562775       19.151231975187944
  72828.529555       19.104195581209829
  72872.496336       19.057363561562600
  72916.463117       19.010735008098465
  72960.429897       18.964307973961201
  73004.396678       18.918081704955018
  73048.363459       18.872054763763380
  73092.330239       18.826225720277165
  73136.297020       18.780594044479535
  73180.263801       18.735157974024151
  73224.230581       18.689916545622612
  73268.197362       18.644868685639807
  73312.164143       18.600012619618170
  73356.130923       18.555347838473530
  73400.097704       18.510872916659888
  73444.064485       18.466586672423809
  73488.031265       18.422488457417195
  73531.998046       18.378576437276500
  73575.964827       18.334849841688165
  73619.931607       18.291307572150235
  73663.898388       18.247948153076564
  73707.865169       18.204771204691220
  73751.831949       18.161775183223799
  73795.798730       18.118959037890317
  73839.765511       18.076321990119290
  73883.732291       18.033862322144092
  73927.699072       17.991579552809490
  73971.665852       17.949472561869310
  74015.632633       17.907540071433989
  74059.599414       17.865781630700653
  74103.566194       17.824195570115410
  74147.532975       17.782781057008439
  74191.499756       17.741537302434139
  74235.466536       17.700462822585965
  74279.433317       17.659557305639392
  74323.400098       17.618819466064323
  74367.366878       17.578248140304670
  74411.333659       17.537842793244582
  74455.300440       17.497601815103678
  74499.267220       17.457524691325180
  74543.234001       17.417610601395236
  74587.200782       17.377858203552382
  74631.167562       17.338267158393521
  74675.134343       17.298836009562219
  74719.101124       17.259563819868447
  74763.067904       17.220450081207591
  74807.034685       17.181493349693724
  74851.001466       17.142693306852763
  74894.968246       17.104048940634840
  74938.935027       17.065558987382776
  74982.901808       17.027223083877900
  75026.868588       16.989039785796948
  75070.835369       16.951008491504709
  75114.802149       16.913128664156702
  75158.768930       16.875398929530636
  75202.735711       16.837818988221919
  75246.702491       16.800387628819749
  75290.669272       16.763103808138478
  75334.636053       16.725967235513409
  75378.602833       16.688976564127206
  75422.569614       16.652131406051819
  75466.536395       16.615431025213507
  75510.503175       16.578874084989796
  75554.469956       16.542460319895667
  75598.436737       16.506188493894214
  75642.403517       16.470057890424503
  75686.370298       16.434068214121361
  75730.337079       16.398218120595704
  75774.303859       16.362507276668286
  75818.270640       16.326934741124166
  75862.237421       16.291499368000476
  75906.204201       16.256201016501436
  75950.170982       16.221038490789024
  75994.137763       16.186011290097483
  76038.104543       16.151118929594890
  76082.071324       16.116360045011440
  76126.038105       16.081734397577836
  76170.004885       16.047240999745476
  76213.971666       16.012879012437356
  76257.938447       15.978648325046958
  76301.905227       15.944547670993826
  76345.872008       15.910576632363181
  76389.838788       15.876734530469259
  76433.805569       15.843020157056852
  76477.772350       15.809433452467522
  76521.739130       15.775973416647762
  76565.705911       15.742639408413620
  76609.672692       15.709431158781245
  76653.639472       15.676347329216815
  76697.606253       15.643387642155576
  76741.573034       15.610551367191148
  76785.539814       15.577837562737471
  76829.506595       15.545246235392352
  76873.473376       15.512776257552204
  76917.440156       15.480427082323947
  76961.406937       15.448198278647196
  77005.373718       15.416088614412365
  77049.340498       15.384098040117580
  77093.307279       15.352225780891969
  77137.274060       15.320471061255066
  77181.240840       15.288833772496361
  77225.207621       15.257312660375552
  77269.174402       15.225907355470147
  77313.141182       15.194617385634979
  77357.107963       15.163441734371709
  77401.074744       15.132380459530999
  77445.041524       15.101432614509513
  77489.008305       15.070597508559421
  77532.975085       15.039874912838968
  77576.941866       15.009263633706226
  77620.908647       14.978763565310020
  77664.875427       14.948374177866409
  77708.842208       14.918094573067469
  77752.808989       14.887924738289437
  77796.775769       14.857863559173643
  77840.742550       14.827910544416815
  77884.709331       14.798065456484013
  77928.676111       14.768327252915203
  77972.642892       14.738695970347486
  78016.609673       14.709170874997978
  78060.576453       14.679751135963574
  78104.543234       14.650436678521730
  78148.510015       14.621226400265925
  78192.476795       14.592120093487168
  78236.443576       14.563117461799182
  78280.410357       14.534217526896535
  78324.377137       14.505420302615669
  78368.343918       14.476724858220360
  78412.310699       14.448130559981095
  78456.277479       14.419637367716476
  78500.244260       14.391244270144524
  78544.211041       14.362951228369228
  78588.177821       14.334757729756147
  78632.144602       14.306662827859762
  78676.111383       14.278666534075219
  78720.078163       14.250767895061133
  78764.044944       14.222966569070362
  78808.011724       14.195262471480055
  78851.978505       14.167654591724343
  78895.945286       14.140142909069658
  78939.912066       14.112726704431356
  78983.878847       14.085405213742463
  79027.845628       14.058178531266995
  79071.812408       14.031045735052285
  79115.779189       14.004006661163077
  79159.745970       13.977061017061198
  79203.712750       13.950207779512658
  79247.679531       13.923446984796078
  79291.646312       13.896777865767632
  79335.613092       13.870199937212837
  79379.579873       13.843713280843405
  79423.546654       13.817316912379109
  79467.513434       13.791010717576460
  79511.480215       13.764794205538559
  79555.446996       13.738666504011810
  79599.413776       13.712627785077794
  79643.380557       13.686677265745438
  79687.347338       13.660814631935791
  79731.314118       13.635039781659579
  79775.280899       13.609351668272785
  79819.247680       13.583750286669492
  79863.214460       13.558235086331447
  79907.181241       13.532805447307833
  79951.148021       13.507461566570770
  79995.114802       13.482202537077001
  80039.081583       13.457028116859666
  80083.048363       13.431938028434180
  80127.015144       13.406931339414347
  80170.981925       13.382008229032838
  80214.948705       13.357168095987525
  80258.915486       13.332410466623761
  80302.882267       13.307735389844764
  80346.849047       13.283141851450605
  80390.815828       13.258629759008622
  80434.782609       13.234198783550353
  80478.749389       13.209848198600547
  80522.716170       13.185578247756956
  80566.682951       13.161388159185741
  80610.649731       13.137277534293428
  80654.616512       13.113246286640555
  80698.583293       13.089293469782692
  80742.550073       13.065419217441381
  80786.516854       13.041623128657685
  80830.483635       13.017904589013199
  80874.450415       12.994263738866703
  80918.417196       12.970699656293831
  80962.383977       12.947212117909212
  81006.350757       12.923801008489237
  81050.317538       12.900465533980327
  81094.284319       12.877205930505804
  81138.251099       12.854021595376137
  81182.217880       12.830911974618054
  81226.184660       12.807877127755992
  81270.151441       12.784916155041209
  81314.118222       12.762029086744404
  81358.085002       12.739215731856749
  81402.051783       12.716475359448054
  81446.018564       12.693808150171462
  81489.985344       12.671213319208649
  81533.952125       12.648690499073894
  81577.918906       12.626239754264502
  81621.885686       12.603860280324225
  81665.852467       12.581552240854309
  81709.819248       12.559315226717548
  81753.786028       12.537148542567158
  81797.752809       12.515052340968644
  81841.719590       12.493025822259474
  81885.686370       12.471068883997260
  81929.653151       12.449181525254399
  81973.619932       12.427362949489680
  82017.586712       12.405613310331169
  82061.553493       12.383932002171264
  82105.520274       12.362318508796593
  82149.487054       12.340773035972287
  82193.453835       12.319294820740689
  82237.420616       12.297883907374430
  82281.387396       12.276540081100478
  82325.354177       12.255262544701569
  82369.320957       12.234051480610978
  82413.287738       12.212906241826120
  82457.254519       12.191826572716572
  82501.221299       12.170812637826176
  82545.188080       12.149863622689267
  82589.154861       12.128979599294937
  82633.121641       12.108160156460645
  82677.088422       12.087404654107475
  82721.055203       12.066713376147154
  82765.021983       12.046085663117324
  82808.988764       12.025521408851432
  82852.955545       12.005020579146636
  82896.922325       11.984582314658116
  82940.889106       11.964206775345410
  82984.855887       11.943893492726813
  83028.822667       11.923642064743792
  83072.789448       11.903452769988274
  83116.756229       11.883324837878099
  83160.723009       11.863258216120402
  83204.689790       11.843252692584976
  83248.656571       11.823307530586471
  83292.623351       11.803423040802290
  83336.590132       11.783598701285745
  83380.556913       11.763834248116506
  83424.523693       11.744129792182543
  83468.490474       11.724484477460935
  83512.457255       11.704898381716177
  83556.424035       11.685371235649068
  83600.390816       11.665902506749639
  83644.357596       11.646492535793211
  83688.324377       11.627140644023378
  83732.291158       11.607846630977393
  83776.257938       11.588610464931874
  83820.224719       11.569431367188944
  83864.191500       11.550309608527261
  83908.158280       11.531244844115765
  83952.125061       11.512236647648068
  83996.091842       11.493285239557746
  84040.058622       11.474389810398103
  84084.025403       11.455550321021141
  84127.992184       11.436766697955532
  84171.958964       11.418038318673544
  84215.925745       11.399365524218762
  84259.892526       11.380747774674596
  84303.859306       11.362184705766095
  84347.826087       11.343676436478326
  84391.792868       11.325222198040054
  84435.759648       11.306822176697901
  84479.726429       11.288476213804723
  84523.693210       11.270183754204046
  84567.659990       11.251945056397771
  84611.626771       11.233759420767219
  84655.593552       11.215626660913108
  84699.560332       11.197546883979070
  84743.527113       11.179519422731675
  84787.493894       11.161544564230494
  84831.460674       11.143621934579734
  84875.427455       11.125751020389831
  84919.394235       11.107932038417012
  84963.361016       11.090164286492305
  85007.327797       11.072447822270535
  85051.294577       11.054782672104301
  85095.261358       11.037168184829055
  85139.228139       11.019604616640498
  85183.194919       11.002091408374142
  85227.161700       10.984628223544119
  85271.128481       10.967215306758582
  85315.095261       10.949852008361793
  85359.062042       10.932538507732016
  85403.028823       10.915274610543575
  85446.995603       10.898059678645113
  85490.962384       10.880893976499273
  85534.929165       10.863776915891696
  85578.895945       10.846708405830716
  85622.862726       10.829688630527594
  85666.829507       10.812716898752463
  85710.796287       10.795793399453537
  85754.763068       10.778917749736680
  85798.729849       10.762089473229659
  85842.696629       10.745308909889390
  85886.663410       10.728575469114485
  85930.630191       10.711889192137569
  85974.596971       10.695250057842467
  86018.563752       10.678657347092273
  86062.530532       10.662111312787145
  86106.497313       10.645611523193120
  86150.464094       10.629157733393082
  86194.430874       10.612750250667212
  86238.397655       10.596388388403081
  86282.364436       10.580072228131359
  86326.331216       10.563801569503317
  86370.297997       10.547575828020179
  86414.264778       10.531395380295265
  86458.231558       10.515259748588438
  86502.198339       10.499168812939621
  86546.165120       10.483122704414944
  86590.131900       10.467120669035793
  86634.098681       10.451162897956301
  86678.065462       10.435249136756084
  86722.032242       10.419379002581788
  86765.999023       10.403552873884596
  86809.965804       10.387770129220177
  86853.932584       10.372030708799326
  86897.899365       10.356334591293040
  86941.866146       10.340681117974377
  86985.832926       10.325070649476576
  87029.799707       10.309502856026405
  87073.766488       10.293977458096903
  87117.733268       10.278494690931158
  87161.700049       10.263053827624187
  87205.666830       10.247654951770553
  87249.633610       10.232297994694054
  87293.600391       10.216982459787289
  87337.567171       10.201708750736818
  87381.533952       10.186476354750447
  87425.500733       10.171285054234605
  87469.467513       10.156134975947865
  87513.434294       10.141025446728973
  87557.401075       10.125956750900576
  87601.367855       10.110928726965685
  87645.334636       10.095940950164668
  87689.301417       10.080993726952963
  87733.268197       10.066086401560606
  87777.234978       10.051218923913124
  87821.201759       10.036391396888007
  87865.168539       10.021603260100061
  87909.135320       10.006854875583883
  87953.102101        9.992145872863464
  87997.068881        9.977475877814765
  88041.035662        9.962845131506898
  88085.002443        9.948252994750563
  88128.969223        9.933699643042479
  88172.936004        9.919185088374565
  88216.902785        9.904708797380788
  88260.869565        9.890271076858811
  88304.836346        9.875871392677816
  88348.803127        9.861509544979027
  88392.769907        9.847185785158384
  88436.736688        9.832899534150224
  88480.703468        9.818651068239166
  88524.670249        9.804440181959395
  88568.637030        9.790266365786984
  88612.603810        9.776129918271103
  88656.570591        9.762030288804542
  88700.537372        9.747967511461040
  88744.504152        9.733941759519031
  88788.470933        9.719952427646227
  88832.437714        9.705999780202466
  88876.404494        9.692083436259514
  88920.371275        9.678203051439295
  88964.338056        9.664358980472324
  89008.304836        9.650550683158297
  89052.271617        9.636778303867100
  89096.238398        9.623041805533799
  89140.205178        9.609340573552057
  89184.171959        9.595674923249970
  89228.138740        9.582044431959638
  89272.105520        9.568448979646291
  89316.072301        9.554888866450568
  89360.039082        9.541363472217260
  89404.005862        9.527872969898988
  89447.972643        9.514417147974035
  89491.939424        9.500995537133022
  89535.906204        9.487608548505571
  89579.872985        9.474255724986083
  89623.839766        9.460937059984243
  89667.806546        9.447652665281611
  89711.773327        9.434401875733869
  89755.740107        9.421184956747584
  89799.706888        9.408001648918493
  89843.673669        9.394851684827170
  89887.640449        9.381735452752535
  89931.607230        9.368652363901328
  89975.574011        9.355602460478829
  90019.540791        9.342585705790489
  90063.507572        9.329601545457248
  90107.474353        9.316650387569981
  90151.441133        9.303731899795370
  90195.407914        9.290845916572659
  90239.374695        9.277992672529860
  90283.341475        9.265171495480267
  90327.308256        9.252382562703161
  90371.275037        9.239625783280429
  90415.241817        9.226900769244018
  90459.208598        9.214207943658144
  90503.175379        9.201546805597618
  90547.142159        9.188917246096874
  90591.108940        9.176319383241207
  90635.075721        9.163752618851106
  90679.042501        9.151217309867782
  90723.009282        9.138713275832849
  90766.976063        9.126240200124085
  90810.942843        9.113798392035832
  90854.909624        9.101387227843260
  90898.876404        9.089006761657474
  90942.843185        9.076657075591672
  90986.809966        9.064337691472019
  91030.776746        9.052049016967919
  91074.743527        9.039790674579313
  91118.710308        9.027562403395775
  91162.677088        9.015364438206907
  91206.643869        9.003196190477285
  91250.610650        8.991057915474972
  91294.577430        8.978949598034450
  91338.544211        8.966870797118855
  91382.510992        8.954821852304200
  91426.477772        8.942802235627715
  91470.444553        8.930811857170404
  91514.411334        8.918850951308208
  91558.378114        8.906918999994316
  91602.344895        8.895016339133290
  91646.311676        8.883142738324285
  91690.278456        8.871297793991333
  91734.245237        8.859481822582580
  91778.212018        8.847694294896456
  91822.178798        8.835935340509131
  91866.145579        8.824205096899343
  91910.112360        8.812503033656691
  91954.079140        8.800829464742661
  91998.045921        8.789183999506479
  92042.012702        8.777566400968292
  92085.979482        8.765977016289584
  92129.946263        8.754415338418982
  92173.913043        8.742881595572923
  92217.879824        8.731375717647047
  92261.846605        8.719897184706330
  92305.813385        8.708446332507574
  92349.780166        8.697022740125878
  92393.746947        8.685626390196179
  92437.713727        8.674257561873343
  92481.680508        8.662915682733951
  92525.647289        8.651600993149604
  92569.614069        8.640313257016702
  92613.580850        8.629052108407352
  92657.547631        8.617817962281931
  92701.514411        8.606610373163099
  92745.481192        8.595429425082488
  92789.447973        8.584275200390952
  92833.414753        8.573147100352600
  92877.381534        8.562045445254817
  92921.348315        8.550969949505568
  92965.315095        8.539920450298220
  93009.281876        8.528897322901187
  93053.248657        8.517900010687546
  93097.215437        8.506928636695926
  93141.182218        8.495983131293801
  93185.148999        8.485063020762000
  93229.115779        8.474168744051740
  93273.082560        8.463299956644537
  93317.049340        8.452456587873801
  93361.016121        8.441638844971493
  93404.982902        8.430846104335725
  93448.949682        8.420078614697601
  93492.916463        8.409336256737415
  93536.883244        8.398618729335983
  93580.850024        8.387926460672428
  93624.816805        8.377258951365823
  93668.783586        8.366616187545382
  93712.750366        8.355998254815757
  93756.717147        8.345404622229136
  93800.683928        8.334835692889765
  93844.650708        8.324291257704509
  93888.617489        8.313771092864567
  93932.584270        8.303275494903467
  93976.551050        8.292803863670034
  94020.517831        8.282356337611887
  94064.484612        8.271932963634155
  94108.451392        8.261533343439488
  94152.418173        8.251157907064000
  94196.384954        8.240806259047121
  94240.351734        8.230478227297390
  94284.318515        8.220174028092089
  94328.285296        8.209893115080005
  94372.252076        8.199635813269218
  94416.218857        8.189402063970418
  94460.185638        8.179191508863402
  94504.152418        8.169004494894953
  94548.119199        8.158840498131978
  94592.085979        8.148699519578546
  94636.052760        8.138581759350975
  94680.019541        8.128486752138288
  94723.986321        8.118414878187361
  94767.953102        8.108365873284219
  94811.919883        8.098339426218942
  94855.886663        8.088335845840223
  94899.853444        8.078354625269631
  94943.820225        8.068395969850604
  94987.787005        8.058459979683104
  95031.753786        8.048546189106101
  95075.720567        8.038654935843022
  95119.687347        8.028785810504802
  95163.654128        8.018938672441609
  95207.620909        8.009113846906059
  95251.587689        7.999310857389234
  95295.554470        7.989529989501250
  95339.521251        7.979771132276753
  95383.488031        7.970033848844229
  95427.454812        7.960318494106948
  95471.421593        7.950624640644770
  95515.388373        7.940952356498235
  95559.355154        7.931301876344021
  95603.321935        7.921672676896460
  95647.288715        7.912065041970320
  95691.255496        7.902478706900823
  95735.222277        7.892913392090459
  95779.189057        7.883369507158937
  95823.155838        7.873846614359270
  95867.122618        7.864344875368571
  95911.089399        7.854864326499033
  95955.056180        7.845404436207770
  95999.022960        7.835965553602949
  96042.989741        7.826547373621785
  96086.956522        7.817149815128419
  96130.923302        7.807773229811764
  96174.890083        7.798417080237993
  96218.856864        7.789081559401261
  96262.823644        7.779766558157664
  96306.790425        7.770471682724926
  96350.757206        7.761197375910003
  96394.723986        7.751943282503841
  96438.690767        7.742709411517814
  96482.657548        7.733495936853097
  96526.624328        7.724302280365181
  96570.591109        7.715128740441821
  96614.557890        7.705975158182548
  96658.524670        7.696841315255034
  96702.491451        7.687727627336467
  96746.458232        7.678633598967584
  96790.425012        7.669559289406319
  96834.391793        7.660504749199872
  96878.358574        7.651469508983103
  96922.325354        7.642453997804409
  96966.292135        7.633457975781031
  97010.258915        7.624481301482251
  97054.225696        7.615524248116226
  97098.192477        7.606586240159135
  97142.159257        7.597667480549383
  97186.126038        7.588767975181758
  97230.092819        7.579887387801095
  97274.059599        7.571026159248485
  97318.026380        7.562183874424297
  97361.993161        7.553360446478288
  97405.959941        7.544556061632496
  97449.926722        7.535770214100648
  97493.893503        7.527003272444273
  97537.860283        7.518255140722386
  97581.827064        7.509525534952088
  97625.793845        7.500814790083419
  97669.760625        7.492122381188643
  97713.727406        7.483448389744249
  97757.694187        7.474792975305284
  97801.660967        7.466155726283660
  97845.627748        7.457537048781129
  97889.594529        7.448936649338199
  97933.561309        7.440354291467419
  97977.528090        7.431790267390967
  98021.494871        7.423244084158054
  98065.461651        7.414716014720452
  98109.428432        7.406206105334310
  98153.395213        7.397713954998134
  98197.361993        7.389239917917912
  98241.328774        7.380783568413592
  98285.295554        7.372344846338271
  98329.262335        7.363924042690646
  98373.229116        7.355520707928187
  98417.195896        7.347135178046554
  98461.162677        7.338767294838970
  98505.129458        7.330416691750885
  98549.096238        7.322083721310999
  98593.063019        7.313767957008507
  98637.029800        7.305469539163099
  98680.996580        7.297188658537263
  98724.963361        7.288924835557637
  98768.930142        7.280678391446148
  98812.896922        7.272449024774436
  98856.863703        7.264236541113907
  98900.830484        7.256041329145851
  98944.797264        7.247862955065049
  98988.764045        7.239701636406052
  99032.730826        7.231557362023215
  99076.697606        7.223429665086170
  99120.664387        7.215318913149542
  99164.631168        7.207224777152218
  99208.597948        7.199147259533088
  99252.564729        7.191086670610151
  99296.531510        7.183042498847066
  99340.498290        7.175014982803580
  99384.465071        7.167003970263690
  99428.431851        7.159009142534684
  99472.398632        7.151030944060611
  99516.365413        7.143069003242034
  99560.332193        7.135123399570324
  99604.298974        7.127194260344291
  99648.265755        7.119281049939595
  99692.232535        7.111384104769823
  99736.199316        7.103503235835292
  99780.166097        7.095638298000830
  99824.132877        7.087789682927421
  99868.099658        7.079956896109484
  99912.066439        7.072140065527918
  99956.033219        7.064339190497785
 100000.000000        7.056553859309313
